0.212862492
0.075677156
0.075592756
0.064123631
0.056054592
0.056611061
0.056197882
0.056675434
0.053763390
0.054027557
0.057488680
0.056600571
0.056806087
0.056845188
0.056610346
0.056704760
0.056480408
0.053754091
0.052703619
0.057210445
0.056700945
0.056923866
0.056855679
0.056875467
0.057150602
0.056786776
0.053613186
0.054167747
0.057271004
0.056760311
0.056895494
0.056886911
0.056975365
0.056832314
0.056797743
0.053819895
0.053443670
0.057315826
0.057135820
0.056930065
0.056900740
0.056788683
0.056821823
0.056858301
0.053680658
0.053961039
0.057984591
0.057008505
0.057261467
0.057084799
0.057207108
0.057237387
0.056920052
0.054005623
0.053536654
0.057667494
0.057103157
0.056969166
0.056994200
0.057244301
0.057279110
0.057055235
0.054272890
0.053461075
0.058052778
0.057099104
0.057236195
0.057255745
0.056995392
0.057327032
0.057315111
0.053830147
0.053445578
0.057850361
0.057321787
0.057473898
0.057262182
0.057131529
0.057303190
0.057004213
0.054260731
0.055526972
0.059075832
0.057203054
0.057511806
0.057014465
0.059610605
0.059620380
0.059940815
0.054877996
0.053578138
0.058560371
0.057325602
0.057696819
0.060953856
0.060743570
0.060725927
0.060746908
0.057310343
0.058004379
0.060265779
0.057279587
0.057224035
0.057335854
0.058844090
0.060970783
0.060755730
0.057364702
0.053941727
0.058366776
0.057308435
0.058215380
0.061003923
0.060756207
0.060722828
0.060638428
0.057270288
0.056479931
0.060965061
0.060951471
0.060657501
0.060682774
0.060680866
0.060717344
0.060656786
0.057258129
0.053034782
0.059106350
0.057600975
0.059439421
0.060916662
0.060651541
0.060683012
0.060632944
0.057273149
0.061156034
0.060929775
0.060689449
0.060674667
0.060700893
0.060649395
0.060695171
0.060659647
0.057270288
0.055873156
0.061167955
0.060960531
0.060641527
0.060722113
0.060633898
0.060696363
0.060622454
0.057255507
0.060166121
0.061025620
0.060719252
0.060658693
0.060879707
0.060638905
0.060698986
0.060659647
0.057267427
0.061157227
0.060906410
0.060687065
0.060685635
0.060701370
0.060750961
0.060745478
0.060621500
0.057283640
0.060994387
0.060934544
0.060805798
0.060662985
0.060686827
0.060640574
0.060688972
0.060625792
0.057290316
0.059922457
0.060930967
0.060721636
0.060642004
0.060674191
0.060635805
0.060700417
0.060638666
0.057271481
0.061090469
0.060699940
0.060692310
0.060676813
0.060704470
0.060635090
0.060684919
0.060614347
0.057285547
0.060266256
0.060910940
0.060518980
0.060333014
0.060459852
0.060373545
0.060414314
0.060405254
0.057037354
0.057956934
0.060955524
0.060527563
0.060381889
0.060448170
0.060385227
0.060439825
0.060351372
0.057089090
0.058461428
0.061049223
0.060539484
0.060399532
0.060424328
0.060376406
0.060418129
0.060417414
0.057095051
0.058661699
0.060913086
0.060538530
0.060406208
0.060487032
0.060467005
0.060520411
0.060482025
0.057223558
0.061314106
0.060863256
0.060455084
0.060369253
0.060414076
0.060395479
0.060440540
0.060345173
0.057022572
0.059034348
0.060940027
0.060498476
0.060414076
0.060464859
0.060384274
0.060413122
0.060390949
0.057066679
0.061077118
0.060660362
0.060441494
0.060372829
0.060472250
0.060366869
0.060412169
0.060406685
0.057063341
0.060710430
0.060842514
0.060452223
0.060376644
0.060427189
0.060402393
0.060421228
0.060364962
0.057098627
0.058237314
0.060948610
0.060592413
0.060382128
0.060463428
0.060395718
0.060436726
0.060382843
0.057078362
0.058442831
0.060958385
0.060563803
0.060375690
0.060441017
0.060454607
0.060437202
0.060407162
0.057279825
0.061361313
0.060893059
0.060571194
0.060649157
0.060462713
0.060409307
0.060435534
0.060404301
0.057049513
0.060979843
0.060937643
0.060457230
0.060543776
0.060434341
0.060385466
0.060513735
0.060394764
0.057107687
0.061197996
0.060920477
0.060453415
0.060380936
0.060441732
0.060405254
0.060409784
0.060451508
0.057084322
0.061087370
0.060910940
0.060427427
0.060390234
0.060451746
0.060405731
0.060449362
0.060405970
0.057058334
0.059398890
0.061039448
0.060603380
0.060415030
0.060465097
0.060421467
0.060693264
0.060409784
0.057096004
0.061504126
0.060657501
0.060433865
0.060379982
0.060421705
0.060391665
0.060418606
0.060382366
0.057147980
0.061152935
0.060895681
0.060391188
0.060419321
0.060558319
0.060380697
0.060420752
0.060370684
0.057050705
0.061143398
0.061470509
0.060955286
0.060924292
0.060482502
0.060373545
0.060424328
0.060381413
0.057065487
0.061380863
0.060874462
0.060449839
0.060561180
0.060455322
0.060393333
0.060429811
0.060389519
0.057321548
0.058418989
0.060941458
0.060547113
0.060477734
0.060492754
0.060384035
0.060410976
0.060420990
0.057106733
0.061226606
0.060424328
0.060406923
0.060394287
0.060455084
0.060372114
0.060441971
0.060362577
0.057064772
0.060911417
0.061258316
0.060936213
0.060505390
0.060435057
0.060396910
0.060446739
0.060411930
0.057071924
0.060958385
0.060425043
0.060417891
0.060386658
0.060397387
0.060428858
0.060464144
0.060349464
0.057041407
0.058360815
0.060977459
0.060623646
0.060387135
0.060483694
0.060370207
0.060453653
0.060350657
0.057061911
0.059318304
0.061387062
0.060950041
0.060885906
0.060573578
0.060360909
0.060442686
0.060393095
0.057051182
0.059382200
0.060926437
0.060456276
0.060404301
0.060473919
0.060376883
0.060426950
0.060414553
0.057093143
0.061119556
0.061020851
0.060413599
0.060456991
0.060641527
0.060366392
0.060451508
0.060414791
0.057074785
0.060980558
0.060893297
0.060450792
0.060431242
0.060429335
0.060466766
0.060431242
0.060390949
0.057127714
0.059349298
0.060979366
0.060456276
0.060423374
0.060466766
0.060413837
0.060441256
0.060416460
0.057117939
0.058941364
0.060950041
0.060503006
0.060414553
0.060472012
0.060380697
0.060425997
0.060365677
0.057047129
0.059163809
0.060938120
0.060551882
0.060400248
0.060456276
0.060417175
0.060409546
0.060374498
0.057123423
0.058826208
0.060906887
0.060586691
0.060369968
0.060431719
0.060410976
0.060410261
0.060370684
0.057048559
0.059057951
0.060924053
0.060480833
0.060406685
0.060439587
0.060387850
0.060436964
0.060367584
0.057031393
0.059751272
0.061006069
0.060508013
0.060368299
0.060418606
0.060365677
0.060426950
0.060371637
0.057047367
0.059129953
0.060883284
0.060476542
0.060512304
0.060457945
0.060398579
0.060457230
0.060366869
0.057042122
0.061291456
0.061377764
0.060981512
0.060636282
0.060442686
0.060419559
0.060515881
0.060420990
0.057083368
0.061363220
0.060915232
0.060516596
0.060383558
0.060471535
0.060390949
0.060446501
0.060380697
0.057103872
0.058403730
0.060981035
0.060523510
0.060384989
0.060442448
0.060411215
0.060403585
0.060347319
0.057034016
0.060853958
0.060446501
0.060438871
0.060403347
0.060435772
0.060398340
0.060418606
0.060383558
0.057065964
0.060535192
0.060972929
0.060897589
0.060376644
0.060447454
0.060380220
0.060416937
0.060375452
0.057052374
0.060468912
0.060903549
0.060428143
0.060381413
0.060427666
0.060383797
0.060390711
0.060360909
0.057017326
0.057233810
0.060933113
0.060686827
0.060373783
0.060477495
0.060361624
0.060422659
0.061290264
0.058014631
0.060521603
0.061286211
0.060997009
0.060712576
0.060578823
0.060425758
0.060554743
0.060374737
0.057037830
0.060963154
0.060444355
0.060439587
0.060404539
0.060444355
0.060412407
0.060464144
0.060400486
0.057186604
0.059645653
0.060965061
0.060927391
0.060396671
0.060426712
0.060377359
0.060422182
0.060390711
0.057074785
0.059487820
0.061461210
0.061014891
0.060904741
0.060615063
0.060381413
0.060452223
0.060342312
0.057076216
0.061308622
0.060994148
0.060593605
0.060409069
0.060461760
0.060400963
0.060446262
0.060411453
0.057131767
0.059402466
0.061435938
0.060971737
0.060819626
0.060457230
0.060381174
0.060404778
0.060388803
0.057060242
0.061078310
0.060982466
0.060481787
0.060409069
0.060466051
0.060430527
0.060495138
0.060379744
0.057075024
0.061546087
0.061286449
0.061017036
0.060574532
0.060437679
0.060430050
0.060420036
0.060371876
0.057139635
0.061705828
0.060629129
0.060469627
0.060403109
0.060495377
0.060453176
0.060416698
0.060490370
0.057076931
0.058655262
0.060948610
0.060760498
0.060392380
0.060424566
0.060388565
0.060479403
0.060396433
0.057085991
0.060135365
0.060928345
0.060562372
0.060404778
0.060440063
0.060384750
0.060424328
0.060365200
0.057203054
0.061624527
0.060686350
0.060492754
0.060386181
0.060473204
0.060413361
0.060422897
0.060395002
0.057071686
0.060292482
0.061116695
0.060971737
0.060378551
0.060446501
0.060395718
0.060463905
0.060422421
0.058056593
0.061212301
0.061506510
0.060970545
0.060975552
0.060782433
0.060367584
0.061240911
0.061384678
0.057527304
0.060190201
0.060959578
0.060604572
0.060426474
0.061444521
0.061251163
0.060938120
0.060920238
0.057560682
0.058407784
0.061478138
0.061034679
0.060974360
0.060464859
0.060416460
0.060466766
0.060380459
0.057073593
0.061420679
0.060772657
0.060483217
0.060372591
0.060453176
0.060477257
0.060934067
0.061543703
0.057613373
0.061377287
0.061023235
0.061145544
0.060396194
0.060422659
0.060454607
0.060432911
0.060447454
0.058021307
0.061097383
0.060938358
0.060414314
0.060380697
0.060432911
0.060510397
0.061440945
0.061133623
0.057632923
0.059845924
0.060906649
0.060663939
0.060429573
0.061510801
0.061308622
0.060939789
0.060898304
0.057549000
0.060957193
0.061255455
0.061002016
0.060492039
0.060525656
0.061440706
0.061241627
0.060937405
0.057564735
0.059881926
0.060939550
0.060461044
0.060374737
0.060678005
0.060345650
0.060451508
0.060387850
0.057048559
0.060060978
0.060944796
0.060682774
0.060451746
0.060436010
0.060373783
0.060418129
0.060635090
0.058032513
0.060820341
0.061362028
0.061166286
0.060635805
0.060444117
0.061363459
0.061418533
0.060906410
0.057621241
0.060821772
0.061443090
0.060970545
0.060896635
0.060800552
0.060425997
0.061404943
0.061366558
0.057556629
0.061663628
0.060973167
0.060674906
0.060404062
0.061459780
0.061611891
0.060914278
0.060894966
0.057671309
0.060513735
0.061446428
0.060957193
0.060778379
0.060436487
0.061142206
0.061442137
0.060897827
0.057533741
0.059656620
0.061053276
0.060513020
0.061450243
0.061285973
0.060914040
0.060932636
0.060904741
0.057538748
0.059472799
0.060930252
0.060689449
0.060373306
0.061408758
0.061358213
0.060935736
0.060914040
0.057535410
0.060716867
0.062004328
0.061152458
0.060886383
0.060447693
0.060717821
0.061438084
0.061246634
0.057547331
0.061733723
0.060925245
0.060502768
0.061173916
0.061487675
0.060966969
0.061149359
0.061941862
0.058250427
0.060722589
0.061274290
0.061018944
0.060536146
0.060554266
0.061505795
0.061290264
0.061066389
0.057691097
0.058979034
0.061538935
0.061089277
0.060912848
0.060719490
0.060392141
0.061570406
0.061339140
0.057532072
0.059398890
0.060921431
0.060682058
0.060398102
0.061973572
0.061799765
0.061460018
0.061424255
0.058385849
0.062118292
0.061526299
0.060950518
0.060432911
0.060432673
0.061305046
0.061401129
0.060900927
0.057557106
0.061517477
0.061445236
0.060978651
0.060888290
0.060776711
0.060382843
0.061285496
0.061376095
0.057558060
