0.775921106
0.553305864
0.554965258
0.565790653
0.552571535
0.561129093
0.564811468
0.564267874
0.556461096
0.580958843
0.588470459
0.580167532
0.575735092
0.600181580
0.592566013
0.593699694
0.588557482
0.600334883
0.590594530
0.588933706
0.602158546
0.590389490
0.590011597
0.602246046
0.591037035
0.604402542
0.590033531
0.584727526
0.611820459
0.601843119
0.586135864
0.588703871
0.591978073
0.590921164
0.589528799
0.592179298
0.588718653
0.602408886
0.589432240
0.592024326
0.600371599
0.588863134
0.589974165
0.600386858
0.590249300
0.588375330
0.609831333
0.594030619
0.598491907
0.597465754
0.588085175
0.587854624
0.590598583
0.588905811
0.586295605
0.596785545
0.590025187
0.600185156
0.590638876
0.583654642
0.589370728
0.604701757
0.599427938
0.591820240
0.591646433
0.592246056
0.588966370
0.589823008
0.589159966
0.589082479
0.591184378
0.595307112
0.588106632
0.595792294
0.597671270
0.601157904
0.592235565
0.592357635
0.592438459
0.591489315
0.609433174
0.591886997
0.591722250
0.592630863
0.593995571
0.586833000
0.601006985
0.612565756
0.601011038
0.594078302
0.608677387
0.592653990
0.596771479
0.591669321
0.595890760
0.595084190
0.591801167
0.601990223
0.595237017
0.596101046
