0.011454105
0.011257887
0.011215210
0.011222363
0.011238337
0.011213541
0.011204243
0.011194229
0.011141062
0.011123896
0.011192799
0.011240005
0.011125088
0.011125565
0.011136293
0.011162996
0.011265039
0.011271238
0.011298895
0.011340857
0.011348248
0.011296511
0.011295319
0.011288166
0.011285782
0.011286020
0.011187553
0.011208534
0.011244059
0.011207342
0.011195898
0.011222363
0.011221647
0.011214256
0.011214495
0.011197090
0.011218071
0.011205196
0.011229038
0.011239767
0.011232615
0.011201620
0.011230707
0.011233091
0.011209965
0.011232376
0.011220694
0.011229515
0.011231661
0.011188745
0.011228561
0.011232376
0.011233807
0.011253357
0.011197090
0.011215925
0.011213303
0.011192799
0.011225700
0.011228561
0.011233807
0.011248112
0.011234283
0.011257172
0.011228561
0.011248827
0.011232615
0.011245728
0.011214018
0.011237144
0.011226654
0.011215687
0.011215925
0.011218786
0.011229992
0.011223078
0.011251926
0.011239290
0.011211634
0.011224031
0.011225939
0.011235952
0.011264563
0.011226654
0.011254787
0.011207104
0.011198044
0.011230230
0.011218071
0.011227608
0.011206388
0.011203527
0.011248589
0.011211157
0.011229992
0.011259794
0.011203051
0.011203527
0.011190653
0.011218071
