0.006565332
0.001844168
0.001238346
0.004002810
0.002788305
0.001340866
0.001420736
0.001192093
0.002576590
0.001377344
0.001438141
0.001343250
0.002839565
0.001376390
0.001414537
0.001435995
0.002948284
0.001322746
0.001541615
0.001187563
0.002876282
0.001345158
0.001515865
0.001338959
0.002861500
0.001379967
0.001452684
0.001250267
0.002827406
0.001373053
0.001641989
0.001234531
0.002880573
0.001342773
0.001446486
0.001178741
0.002938986
0.001359701
0.001373768
0.001208782
0.002772570
0.001333237
0.001624584
0.001216412
0.002798080
0.001318693
0.001490116
0.001175165
0.002783537
0.001321793
0.001617193
0.001180410
0.002973795
0.001444817
0.001453876
0.001256704
0.003160000
0.001406908
0.001514196
0.001360655
0.003036737
0.001429319
0.001577616
0.001254797
0.002936840
0.001517773
0.001480818
0.001280785
0.003121853
0.001423836
0.001428127
0.001323938
0.002988577
0.001320124
0.001456261
0.001406431
0.002850056
0.001389742
0.001399517
0.001245737
0.002857685
0.001386881
0.001362324
0.001404047
0.003051519
0.001458645
0.001512766
0.001245260
0.002877712
0.001404047
0.001418829
0.001283169
0.002789736
0.001388550
0.001345634
0.001230001
0.002994537
0.001386642
0.001307964
0.001166821
0.002942562
0.001402140
0.001460552
0.001246929
0.002841473
0.001394033
0.001435518
0.001256704
0.002901554
0.001379013
0.001474142
0.001246929
0.002839804
0.001371622
0.001414776
0.001192331
0.002868414
0.001328707
0.001296759
0.001167059
0.002718687
0.001378059
0.001732826
0.001225233
0.002881050
0.001424313
0.001471519
0.001299381
0.002825499
0.001381397
0.001525879
0.001237392
0.002861261
0.001391172
0.001482248
0.001248598
0.002922535
0.001339912
0.001412392
0.001224518
0.003780365
0.001567125
0.001480103
0.001373768
0.002879143
0.001399755
0.001489401
0.001203775
0.002912760
0.001372576
0.001432896
0.001209736
0.002794981
0.001429558
0.001450539
0.001282454
0.002909422
0.001357079
0.001473665
0.001239777
0.002960205
0.001359940
0.001553774
0.001379013
0.002848387
0.001327276
0.001405478
0.001308680
0.003215551
0.001545668
0.001626015
0.001257658
0.002815247
0.001391649
0.001658678
0.001245260
0.003027916
0.001404524
0.001439810
0.001199484
0.002878428
0.001299858
0.001389265
0.001214504
0.003130674
0.001438379
0.001418352
0.001232386
0.002975225
0.001430750
0.001588106
0.001685858
0.003000498
0.001465082
0.001381874
0.001234770
0.003126621
0.001385212
0.001499414
0.001253843
0.002931595
0.001351833
0.001465082
0.001239538
0.003048897
0.001407862
0.001733541
0.001207113
0.002852440
0.001341820
0.001438379
0.001205444
0.002904177
0.001542330
0.001761913
0.001298666
0.002782822
0.001312494
0.001736879
0.001170874
0.002876043
0.001403809
0.001473427
0.001299143
0.003087997
0.001391888
0.001416922
0.001253843
0.002961874
0.001399279
0.001416922
0.001201868
0.002830982
0.001385450
0.001401186
0.001238108
0.002907515
0.001356125
0.001374722
0.001203060
0.002835512
0.001377583
0.001312256
0.001251936
0.002782106
0.001399994
0.001388311
0.001188040
0.002964973
0.001596689
0.001662016
0.001209259
0.002895832
0.001346588
0.001523256
0.001276016
0.002706051
0.001404762
0.001332760
0.001255035
0.002568245
0.001343489
0.001776695
0.001234770
0.002956152
0.001326561
0.001538992
0.001194477
0.003058672
0.001511574
0.001603603
0.001197577
0.002866745
0.001396418
0.001737595
0.001183033
0.002880335
0.001407385
0.001516819
0.001209497
0.002791405
0.001336813
0.001580715
0.001211643
0.002924681
0.001339674
0.001320362
0.001201630
0.002970934
0.001605988
0.001487732
0.001195908
0.002950430
0.001342535
0.001578093
0.001391172
0.002800941
0.001405716
0.001505136
0.001237869
0.002871513
0.001346111
0.001371384
0.001193762
0.003041267
0.001408339
0.001370430
0.001187563
0.003042936
0.001396179
0.001753569
0.001278162
0.002814531
0.001344442
0.001382113
0.001212358
0.002876520
0.001416206
0.001540899
0.001172781
0.003236532
0.001509428
0.001459599
0.001455784
0.002924204
0.001358747
0.001489401
0.001260281
0.002987146
0.001345634
0.001579046
0.001238823
0.002980947
0.001337528
0.001572847
0.001427650
0.003012657
0.001471281
0.001443624
0.001181841
0.002907276
0.001403809
0.001534462
0.001195192
0.003091097
0.001463413
0.001545191
0.001304388
0.002873898
0.001397133
0.001391172
0.001255035
0.002727985
0.001394749
0.001451015
0.001255989
0.002821445
0.001332998
0.001606941
0.001346588
0.002932787
0.001373768
0.001573801
0.001219988
0.002866507
0.001378059
0.001580477
0.001215219
0.002987623
0.001369953
0.001531363
0.001212597
0.002974033
0.001402140
0.001365900
0.001264572
0.002963066
0.001430035
0.001513958
0.001304388
0.002904177
0.001350164
0.001563072
0.001227617
0.002997160
0.001443624
0.001472712
0.001261950
0.002751827
0.001432896
0.001410246
0.001229763
0.003177643
0.001390696
0.001675606
0.001259089
0.002915621
0.001361132
0.001619339
0.001327515
