0.059969187
0.051877499
0.054538012
0.052705050
0.056166649
0.048557520
0.055810452
0.053587198
0.052690506
0.054780483
0.052154779
0.048879385
0.057949543
0.052380800
0.053858042
0.054566383
0.054570913
0.050517082
0.054870605
0.056256771
0.050551176
0.054613590
0.052254438
0.048911333
0.053030491
0.056787729
0.052249670
0.055248499
0.052977562
0.049527884
0.049576998
0.056161404
0.058349371
0.051362991
0.055475950
0.054096222
0.055667877
0.057365179
0.054419041
0.048801899
0.050931931
0.051859856
0.051073551
0.048239470
0.049857140
0.055371284
0.055037737
0.058110952
0.055598497
0.053326368
0.048631668
0.051401377
0.058021307
0.053598881
0.048099756
0.056082249
0.053749323
0.053823471
0.054985762
0.049745083
0.054471970
0.053357601
0.055897236
0.059014559
0.048817158
0.052085638
0.055966616
0.053429365
0.052819490
0.054253817
0.052717686
0.052427769
0.054658651
0.050541401
0.051947832
0.052182674
0.049713135
0.053357601
0.047645092
0.053345203
0.055986166
0.054728508
0.055766821
0.051986217
0.057550430
0.049939394
0.053380013
0.049676418
0.050588608
0.053244829
0.053263664
0.054173231
0.053634167
0.055243015
0.054511547
0.055243731
0.051268816
0.051386833
0.052865028
0.048789978
