0.001249790
0.000368118
0.000413179
0.000359297
0.000510931
0.000364542
0.000450850
0.000385046
0.000419855
0.000355959
0.000825882
0.000385046
0.000485182
0.000365973
0.000474453
0.000366449
0.000439644
0.000365973
0.000540495
0.000362873
0.000422478
0.000357866
0.000525475
0.000361919
0.000524044
0.000362635
0.000492334
0.000359774
0.000479460
0.000359535
0.000385523
0.000361919
0.000398159
0.000360727
0.000427723
0.000365973
0.000414371
0.000362396
0.000395775
0.000361443
0.000407457
0.000352859
0.000417233
0.000362396
0.000384808
0.000371933
0.000419140
0.000357151
0.000406265
0.000367880
0.000396967
0.000384331
0.000417709
0.000371695
0.000411987
0.000396967
0.000423670
0.000404835
0.000461578
0.000470161
0.000411987
0.000386715
0.000400305
0.000459433
0.000481606
0.000393629
0.000434637
0.000430107
0.000438213
0.000461340
0.000421762
0.000407934
0.000428677
0.000450134
0.000432968
0.000465631
0.000424147
0.000449896
0.000389338
0.000450373
0.000434160
0.000371218
0.000534058
0.000354290
0.000414371
0.000431299
0.000551701
0.000390291
0.000403404
0.000430584
0.000385761
0.000402212
0.000417471
0.000400782
0.000427723
0.000503063
0.000429392
0.000408888
0.000386477
0.000355005
