34.712912321
32.968323946
32.418761730
33.032837391
32.689669132
34.144402981
32.756198168
33.027386904
33.089996338
34.143981695
9.589412212
33.522210360
33.896342754
32.217044353
32.490195513
33.632459402
32.789391279
31.816772938
33.140917301
32.619397402
32.845276833
9.746158123
34.753026247
33.307990313
33.104408979
32.308275461
33.305059433
35.044568777
33.324279070
33.603138208
34.366250277
32.605553865
9.643022537
34.390869141
34.915235996
32.815071106
34.352827549
33.934207439
32.809301615
32.475317240
33.716988087
32.794180393
34.936137438
9.896862507
34.614485264
34.468600750
34.380186319
34.611884594
33.694643021
33.634037495
34.235069036
33.405571699
33.150575399
33.800526142
9.579431057
33.702182293
34.428370476
34.134404659
33.074107170
34.542261600
32.793964148
32.685662031
34.308747053
33.287894487
32.799082756
9.603421450
35.452649832
34.561387777
34.419883251
34.313930035
33.853675842
34.083762646
33.832314014
33.694261551
34.587838650
33.776867867
9.648888826
34.726365328
34.206075907
33.625099421
33.858734846
33.270283699
33.226022005
33.556422710
33.916223049
32.669222832
33.218976736
9.683045864
35.503604412
34.568001509
33.180058718
33.255059242
34.539695501
34.149885178
33.423813105
33.448674679
33.538304806
32.717727184
9.714674711
34.597108364
33.866375446
32.878766060
32.756669521
33.302747726
33.810042620
33.233542681
33.971041441
33.901007175
34.623544693
9.522969484
33.532001257
34.206079960
32.635714293
33.050776482
33.871884108
33.462928057
33.072139978
33.281472445
33.514519215
34.335581779
9.550713062
33.949945450
32.646154165
34.804475546
33.954703808
34.144378185
33.533404112
33.801053524
33.041944265
34.263997316
32.646424770
9.600289345
35.165571928
34.887606859
34.108810902
33.132031202
34.269370556
34.923000336
33.472388029
34.130171299
33.842441559
33.964846849
9.843527079
34.598923206
33.929949999
34.260148764
33.432026863
33.984496832
33.308172941
32.861471415
33.011471748
32.562200308
33.164903641
9.497187614
33.710738420
32.579556704
32.720103502
32.723456383
33.358267546
34.105129719
33.073393583
33.490700722
34.159934759
33.975683928
9.637352467
34.127657413
34.138407946
33.573842525
32.497438908
33.010492325
33.292610407
33.887805700
34.405476809
33.520933151
33.424290419
9.605911255
35.238538265
35.045497894
33.731836319
33.404234409
33.528940916
34.578068972
33.976687431
33.095112801
33.983673811
34.467334032
9.608271837
33.751443863
34.562250853
34.774385691
33.860074997
33.124905825
33.613177776
34.122907877
32.697429895
32.429949284
32.512768507
9.717607975
34.163028479
34.526672363
33.496607780
33.426999807
34.029796600
33.140009880
33.541498184
33.074595213
33.236921549
33.048010826
9.682722569
34.106048346
33.696063995
33.828673601
33.011074781
33.759693623
34.705374718
33.062343359
33.659034252
33.208092451
33.715947390
9.624658346
33.295709610
33.901150227
32.619201660
33.254634857
33.356163502
33.220954895
33.858587742
32.164143324
32.365210056
32.663362503
9.657799244
33.817133427
33.269305706
32.391374111
33.694031715
32.753082991
32.950545549
33.179340839
33.386459351
34.562242985
33.881685019
9.547490358
35.133806705
33.402552128
33.590925217
33.199678898
33.972610235
32.731981754
33.139735222
32.617922306
32.596528769
33.583627462
9.813104630
34.097051620
34.525224447
32.963390350
34.113582850
33.482220173
33.233254671
32.641050339
33.191061020
32.870796204
32.999107122
9.808593988
35.104730129
34.245662689
33.782959700
33.811407328
33.238960981
33.589384317
33.757471323
33.398009062
34.287138700
33.389447451
9.599941492
35.052144527
34.276431084
34.282390356
33.412081718
33.208384275
33.306974173
33.034527063
33.157217979
32.657467842
33.179654598
9.715500116
35.114515543
34.276456356
33.975897551
33.532073736
34.966310024
33.317347765
33.863779306
33.965349197
32.555900335
32.717029333
9.969188213
35.367535830
34.837011337
35.293795347
34.089417458
33.585955858
34.257903576
32.960241556
33.781153202
33.701227903
33.950212002
9.578701973
34.928248882
34.205792665
34.424551487
33.512330294
33.937690973
32.817066908
33.699793339
34.630476952
33.708344460
31.909153223
9.634854317
33.916703463
34.578757763
33.079364300
34.088975668
33.955449104
33.857230186
33.351652622
34.461473465
32.819236040
32.850869179
9.804473877
34.792091846
35.152496338
33.704182386
33.290135384
34.238161087
33.049088717
33.740458727
34.058307648
33.783152103
34.224674702
9.471943140
34.222875595
32.748548746
34.567403793
33.583217621
33.193502903
33.429656744
33.490475893
32.689324856
32.369324684
33.336573124
9.570441484
35.209997654
33.334318876
32.986729622
33.326477528
33.962489128
33.444281578
33.613081455
32.358736038
33.189865589
32.443978786
9.701619148
34.598187685
34.387972832
34.346800566
33.394083738
33.309842110
33.925666571
33.936370611
34.015105009
33.490013599
34.067082405
9.707604170
34.401201248
33.924962997
33.900432348
34.343050241
34.416292906
32.728840351
33.532141685
33.410049915
33.825256348
33.859080553
9.628696442
34.871271849
34.228269339
34.947428703
33.534017086
32.663974047
32.914165258
32.443896532
33.913149595
33.169110537
34.191578627
9.556843042
33.339621067
34.314204454
33.947927237
33.900904417
34.155501604
33.236864090
32.783349037
33.118456841
33.191331387
34.032745838
9.543231249
33.670653343
33.624520779
34.344689846
34.150810957
34.191644907
33.225567102
32.768673658
34.620512724
34.604583502
33.507923841
9.611896038
34.852803946
34.108515024
34.085664749
33.062273264
33.799810410
33.349580765
32.419546604
32.586343288
33.625284195
34.057078123
9.491498947
34.641580105
34.084756851
33.211072922
33.790400505
34.306535006
33.824902534
33.005331039
33.815524578
32.979079008
32.243479729
9.642705202
34.097317934
33.830085993
33.514319897
33.741494894
33.800274134
32.161807299
32.879877806
34.648454666
33.289874077
34.158573627
9.473062515
33.696645498
34.005613327
33.086716890
33.901082516
32.389880180
32.710134745
32.954480648
33.678131104
32.488821983
33.793953657
9.495247126
34.984109879
33.229853868
33.254710674
34.564832926
33.690803528
32.804851294
34.327226639
33.190783978
33.013427496
34.091384888
9.572296858
33.955520630
33.323754787
33.693704844
32.742574930
32.631886005
32.821116924
32.483704567
33.825657368
33.254244089
33.592059851
9.555244446
33.125042200
34.929570198
33.431876659
34.635769844
33.934322119
33.596581459
32.886933565
33.208808899
34.575890779
33.590918541
9.338607073
34.014552116
34.137012959
34.247010708
33.258904934
32.488690138
34.156372786
33.308096886
33.564665079
33.862982273
33.165373802
9.730875969
35.358236074
34.681794882
34.328844070
34.186053991
34.066461563
32.993427038
34.162246227
33.212552547
33.245807171
33.969164371
9.642789125
34.361797094
33.928689957
34.246584892
33.800799847
34.043600798
33.592175007
33.627963543
33.249521255
33.057917356
33.145711422
9.553713322
34.249270439
34.516328096
34.167031050
34.061194420
34.055015326
33.316614151
34.627060652
33.407904863
33.513094187
33.987363577
9.559880257
35.318251133
33.247372389
32.605123758
32.827947140
33.427418470
33.077593327
32.997874022
33.306967020
32.961924314
32.700199366
9.851806879
34.767168760
34.817012310
33.197660685
33.394847870
33.436279058
33.776625633
33.539618492
34.374712706
35.452511787
33.462317467
9.454843044
35.105784178
32.482980728
34.443993568
34.757404804
33.928237200
33.269211769
33.723751783
32.774275303
34.338675737
34.152124643
9.884699583
35.160824776
34.615517855
33.237361670
33.962192059
32.234715462
33.772138357
32.968429565
32.575167418
33.630328894
33.732930660
9.645242691
33.996200323
34.338422060
33.463920593
32.903885365
33.461225271
33.768116713
33.137202978
33.318323851
32.528509855
32.260197163
9.471724987
34.611518621
33.073236942
34.046691179
33.595150709
33.813954353
32.916480303
33.057434320
34.180999756
33.116888046
33.452832222
9.510341883
34.764312744
34.298776388
33.696895123
33.193049908
33.207797766
32.810102224
32.922414541
32.917114019
32.377408266
32.530024052
9.765495777
34.405864477
33.285037041
33.903188705
33.984843969
33.724624395
33.736654997
33.080823183
33.994141340
34.321143389
32.047595739
9.755894899
34.980207205
32.982185841
34.265085459
34.276446581
32.832585812
32.778997421
34.293251753
33.583259344
33.333661079
33.522471428
9.670736551
35.427797794
33.925957203
34.171602726
33.668738842
33.950033426
33.351982355
32.609466791
33.491284847
34.005207777
33.428099632
9.525941372
34.669117212
34.060320616
34.558524370
33.320130587
34.777839184
34.763201714
33.351773500
32.717259407
33.997092485
34.454776049
9.466002703
35.083384037
33.329761744
33.894213676
34.032390356
34.139946699
33.764930248
32.647169113
34.291990280
34.076239347
32.567002058
9.651388407
34.184021711
33.538671732
32.921958447
32.172452688
33.142533302
33.480757475
33.681141376
33.659463406
33.862069607
33.721712589
9.660921812
34.916839600
33.650077581
34.291655302
32.950421810
33.571311712
33.997228146
33.506855726
32.478745937
32.611399889
32.741120100
9.578531742
35.029700756
33.992868900
34.266193390
33.404229403
34.134551048
33.620839596
33.549778938
32.866203308
32.921380520
32.645182133
9.605532408
33.340259075
33.710019350
32.845912933
32.756773710
32.851356030
33.674889326
33.319219828
34.006088257
33.777400017
33.524907827
9.497484684
34.781386375
33.588338375
33.076919317
33.295764208
33.764549494
33.466960192
33.603908062
32.241782904
33.500518322
32.744622469
9.601843834
32.912936211
34.083323956
33.628455877
33.797354460
32.475504637
33.509494781
33.432479143
32.117410898
33.308191061
32.957499504
9.598702669
34.644810915
34.577636242
34.544804096
34.183305740
34.225301504
34.746068001
33.885450363
34.017639399
34.279864550
34.153321505
9.913569689
34.933485270
33.043981075
34.471246004
33.434427500
34.053700924
33.210922956
33.862025499
33.553218365
32.998675823
33.316842318
9.351538181
34.819514751
33.249578238
33.158947706
33.872854471
34.151196718
33.689104080
33.552157879
32.339825630
32.571298838
32.453255892
9.684575796
34.889528275
34.190282583
33.307756901
33.912610054
32.992965698
34.788754463
33.254111528
33.251927614
32.469422340
34.294108152
9.633962393
34.583990574
34.200064421
33.808888674
33.912939310
32.574514627
33.227629423
33.578773737
34.109268904
32.320717096
33.652717113
9.680378675
34.699664116
34.611184835
33.520653725
33.779725075
34.412465096
33.142674685
34.226532698
34.369689465
34.310797691
33.399582624
9.450293303
33.648762703
32.485957146
34.294243813
33.637851954
33.996898413
32.985212326
32.570134640
33.748217344
33.731464624
32.314698935
9.470469952
33.601601839
33.798262835
33.676655054
33.748072386
33.470885277
33.387566328
32.622328043
32.427928925
33.357366085
34.043198824
9.608193398
33.865434408
34.097984791
34.544464350
34.097330332
33.671802998
33.426476002
33.542922258
33.875530720
33.186209202
33.890434504
9.367574453
36.887402534
37.380014420
37.371638536
36.084142923
36.082640648
36.402599812
36.044089556
35.751191139
36.407356501
36.451739311
10.433088541
37.284600973
36.645759344
36.377558947
36.984038115
35.861827135
37.360965729
35.447950125
36.306522608
36.157627106
34.926623106
10.482639074
37.480479956
36.796358109
36.883978844
35.977609634
35.524229527
36.164225578
36.263502121
35.317631721
36.428906202
36.036093950
10.571187735
38.164414406
36.824661255
37.376214743
36.213137150
36.742776155
36.180843115
36.399043798
37.106814146
36.975939274
37.282624960
10.698567867
37.617269754
36.939020872
37.033288002
35.987982035
35.573899269
36.450207472
36.339417458
36.825925827
36.635654926
36.419925451
10.783005476
37.751911402
36.679070711
35.698167086
36.048649073
36.734675884
37.165290356
36.821703434
35.653460264
36.969522476
36.221748829
10.715599060
38.857033253
37.383691788
35.748865128
37.691728115
37.291170597
35.409199715
36.515331030
35.599820614
35.482863426
36.021770477
10.587720394
38.682310104
33.115173578
33.169143438
33.122765064
32.826509714
34.084187269
32.584401369
33.318615437
32.606249094
34.470113754
9.712549686
34.944372892
34.105789423
33.021807671
33.633401394
33.548048973
33.051084757
33.093903542
32.307124138
33.502099991
33.040686131
9.603625536
34.734102964
32.813642979
32.716788530
33.170489550
33.552757502
33.139527798
32.840560913
33.476024151
33.901631355
33.459346771
9.392508268
34.683084726
33.210483551
33.565878630
33.047593355
34.224386930
32.286378622
32.369626522
31.814856052
32.405915499
32.601731777
9.657629013
34.720957994
33.368346214
34.228203773
33.402203083
33.600686789
32.459410906
34.820977211
32.775686741
32.962820530
33.899231672
9.453360558
33.307351828
33.943396568
34.353168964
33.576710463
33.887459517
32.039201736
38.556642294
37.399456263
35.582948923
36.567967892
10.728112936
36.610062838
35.822173834
36.505626678
37.805955172
37.133842230
35.464761257
37.373593092
37.298462152
36.185304403
37.019571066
10.495059490
38.265885115
36.910347462
37.081079006
36.681459665
35.781595945
35.268726349
36.031301022
34.828988552
36.984375715
36.525680780
10.575211048
37.242146969
37.349304199
36.604562521
36.693270445
35.686775923
36.567087889
38.346765995
37.154561281
36.684531450
37.916675568
10.523756027
37.963559151
36.597201586
37.338330746
36.480051517
36.471079588
36.536721230
35.552230597
37.115458488
36.202800989
36.600486040
10.531287432
38.598499298
37.268746614
37.203086853
36.791177511
35.965615511
36.392585039
37.513566017
36.386951685
36.630306244
35.731921196
10.688784122
38.531191826
36.087320566
36.405749321
36.962321281
36.320456982
36.378898144
36.191437244
36.114528418
36.592431545
36.405426264
10.411081314
37.426795721
37.113080502
36.227077723
36.517029285
36.511526585
37.325006008
36.488533974
35.473448515
35.854105949
37.156578779
10.717005491
38.416852474
36.494671583
37.090601444
36.761936903
35.314560890
35.432142973
35.426551342
35.929752588
35.477660418
35.119338512
10.544319391
37.591381788
37.319325447
36.976827860
36.042901754
35.932712317
35.374638081
35.989294529
35.865483761
35.961222410
35.848991871
10.505304575
37.714866161
37.492828131
36.976740122
36.914881706
36.694894791
36.386349916
35.821497679
36.609114170
36.274273157
35.984209061
10.175354719
38.284599066
37.170783758
36.435294628
36.719932556
37.510023355
37.222690582
36.297302008
36.288297176
35.559778214
36.251384735
10.370625496
