342.994871140
339.250138998
345.882180929
347.555152893
350.102904558
345.909696341
352.782241583
346.487443447
348.577171564
347.013502121
345.049671412
346.952981949
352.315141201
345.137913942
344.092383385
346.016008615
351.220968723
345.733684301
345.889870644
346.902537823
340.886963844
343.985512018
344.331801891
344.459706783
348.726216316
345.808354616
348.810890436
351.945607185
347.969781876
347.291433573
350.071773052
343.720848799
344.113224983
349.741743565
348.506400585
346.973571777
346.100213766
348.863533497
345.975351334
346.102480412
346.138672113
342.726787329
347.281967640
342.403359413
347.785780907
346.487363100
350.381533146
347.149864912
349.996719837
342.861376524
350.243925095
349.426159620
346.073209286
343.180885077
346.278652668
343.062620878
346.760936737
347.055931568
348.091475725
350.894045115
348.008630037
344.528533459
344.887483835
346.576924086
343.858913660
344.191016197
342.351293564
353.720227480
346.749356508
344.123784065
347.540134430
346.198709726
350.439506292
343.424133778
344.278899193
348.105527878
375.900022268
374.436824560
374.095239639
380.578261375
377.192147493
377.066370010
377.216722012
348.353114367
344.410412312
343.742607355
340.404078960
346.211333990
360.505551815
378.303371429
375.515848160
381.358680248
377.971960545
379.746087551
376.974428892
377.396646976
372.632319689
373.996870995
377.615304947
378.711354971
