5.740015984
5.348900795
5.343452692
5.474104166
5.373393774
5.379637957
5.513542414
5.385641098
5.348622561
5.428948879
5.359859943
5.326022387
5.513410807
5.301065683
5.392091274
5.488960266
5.383615255
5.353919268
5.494480610
5.398112297
5.333219767
5.437352419
5.292290926
5.319974184
5.469441414
5.431838751
5.410946131
5.552222490
5.376807928
5.407090902
5.434211493
5.372218847
5.406652927
5.397278786
5.393175602
5.380585909
5.492244720
5.435101748
5.413800955
5.476262808
5.298577309
5.383003235
5.381196976
5.381870508
5.427248478
5.472596884
5.393319607
5.301906347
5.464711905
5.328341961
5.395391226
5.442394495
5.335793018
5.384179592
5.492893219
5.378298283
5.301170588
5.391559124
5.459991932
5.385621786
5.534898043
5.368313313
5.401156425
5.500644684
5.388612509
5.353091955
5.517269373
5.407654762
5.411620855
5.453139544
5.408800840
5.374858856
5.386485577
5.352725267
5.316210747
5.375167608
5.345141411
5.331106424
5.471809149
5.516496897
5.315873384
5.472898006
5.371880293
5.358429909
5.333426237
5.449425459
5.342412233
5.378657579
5.405784369
5.390093327
5.327190399
5.451278925
5.383054495
5.379874945
5.320570469
5.389439583
5.329199553
5.395812988
5.344834805
5.334295511
