0.085743666
0.084647894
0.084727764
0.085915327
0.085388899
0.085368872
0.085440159
0.085985899
0.083659887
0.086006641
0.084569216
0.084539413
0.085947275
0.085495234
0.085468531
0.085403204
0.085447550
0.082319021
0.085855961
0.084650517
0.084630013
0.085828781
0.085293770
0.086369276
0.086146355
0.085980654
0.082651615
0.085762262
0.084626675
0.084904671
0.085740089
0.085510254
0.085437536
0.085388660
0.085385084
0.082354307
0.085650682
0.084481001
0.084586143
0.085263491
0.084869623
0.084862947
0.084840059
0.085305214
0.082698584
0.085743427
0.084798813
0.084797621
0.085843563
0.085463524
0.085315466
0.085388899
0.085412025
0.082479477
0.086652756
0.084714890
0.084608555
0.085875511
0.085377455
0.085402489
0.084985733
0.085330009
0.082605362
0.086210966
0.084830761
0.084355831
0.085865736
0.085582018
0.085393667
0.085093737
0.085278988
0.083403111
0.086550474
0.084856033
0.084648848
0.085881948
0.085384130
0.085342646
0.085340261
0.085406542
0.082273722
0.086355686
0.084883213
0.084363222
0.085881472
0.085565805
0.085363626
0.085168600
0.085156918
0.082718849
0.086581469
0.084754467
0.084468842
0.085242987
0.085066795
0.085361481
0.085885286
0.085430622
0.082294941
0.086348057
0.084899187
0.084287643
0.085226297
0.085041523
0.084928989
0.084906101
0.084858894
0.082062960
0.086055279
0.084833622
0.084486008
0.084926367
0.085258961
0.085057020
0.085944414
0.085418940
0.082259417
0.085697889
0.084891558
0.084627628
0.084753990
0.085776567
0.085381746
0.085390091
0.084930182
0.082315207
0.086377621
0.085029364
0.084709406
0.084791183
0.085800886
0.085353136
0.085375547
0.085071325
0.082117081
0.085760593
0.084974766
0.084890604
0.084851980
0.084975004
0.084868193
0.085578918
0.085528612
0.082308054
0.086166143
0.085050583
0.084905148
0.084842205
0.084889889
0.084962130
0.085356474
0.085737944
0.082273006
0.085795403
0.084937572
0.084821463
0.084403038
0.085157394
0.085155010
0.084902763
0.084938526
0.081992388
0.086027861
0.084280491
0.084375381
0.084273100
0.085107327
0.085829258
0.085411549
0.085380554
0.081952810
0.085827589
0.084475994
0.084761858
0.085202217
0.084813118
0.084803581
0.084917068
0.084794760
0.081985950
0.085803747
0.084635258
0.084671974
0.085371256
0.084848404
0.084845304
0.084799528
0.084935665
0.081813812
0.086676359
0.084653616
0.084452391
0.084353685
0.084310532
0.084354877
0.084301949
0.084560633
0.082219362
0.085643530
0.084796906
0.084367990
0.085503817
0.084963560
0.084986210
0.085094213
0.084760427
0.081878185
0.086043596
0.084820986
0.084517956
0.084866762
0.085238695
0.084817410
0.084866524
0.084859371
0.081796408
0.085214853
0.084411621
0.084498405
0.084755182
0.085250616
0.084881783
0.084844828
0.084652662
0.081734657
0.086375713
0.085030556
0.084685326
0.084489584
0.085466862
0.084923506
0.084741116
0.084507465
0.081441164
0.085996628
0.084880114
0.084866762
0.084374666
0.085050821
0.085121870
0.084897995
0.084894419
0.081839085
0.085859537
0.084419966
0.084364891
0.084422350
0.084638119
0.085391998
0.084903479
0.084905863
0.081860304
0.086009741
0.084447622
0.084303379
0.084394932
0.084537983
0.085325241
0.084875345
0.084813595
0.081461191
0.085289240
0.084364414
0.084406614
0.084403038
0.084289551
0.084348679
0.084488630
0.084804296
0.082190990
0.085270166
0.084395409
0.084364414
0.084379435
0.084421873
0.084346056
0.084380627
0.084534168
0.082269430
0.086100340
0.084922075
0.084367514
0.084320545
0.084338427
0.084658146
0.085295200
0.084892750
0.081814289
0.085886002
0.084892750
0.084568501
0.084529638
0.084506989
0.084468603
0.085309744
0.084872007
0.081792831
0.085258245
0.084532261
0.084348917
0.084368944
0.084351301
0.084452152
0.084317923
0.084311247
0.081574678
0.085551500
0.084596157
0.085364580
0.084861517
0.084824562
0.084645748
0.084789515
0.085184574
0.082020998
0.085372925
0.084327936
0.084384918
0.084372520
0.084844589
0.085272074
0.084908724
0.084864140
0.081791162
0.085993767
0.084363461
0.084257364
0.084347248
0.084552050
0.085277796
0.084798336
0.084790468
0.081842661
0.085405111
0.084367990
0.084715843
0.085438967
0.084920406
0.084758282
0.084448814
0.084731579
0.082487345
0.085301638
0.084376335
0.084371328
0.084265232
0.084350824
0.084303379
0.084414244
0.084668398
0.082221270
0.085808277
0.085211515
0.084492207
0.084676266
0.084336996
0.084558487
0.085373163
0.084998131
0.081835270
0.085807085
0.084867716
0.084678650
0.084744930
0.085402250
0.084935427
0.084842920
0.084563494
0.081707954
0.086085081
0.084952593
0.084691525
0.084478617
0.085510254
0.084980726
0.085099697
0.084602118
0.081760883
0.086121798
0.085049391
0.084901333
0.084791899
0.084766150
0.084506512
0.084658384
0.085238695
0.082057953
0.085439205
0.084458113
0.084336996
0.084433556
0.084334612
0.084339142
0.084363937
0.085305214
0.081838131
0.085373878
0.084450245
0.084643126
0.084592581
0.084441900
0.084306240
0.084495544
0.085227728
0.081959724
0.085881233
0.084777355
0.084394455
0.084313154
0.084384441
0.084336758
0.084311247
0.084727287
0.082222700
0.085806608
0.084973812
0.084529161
0.084287405
0.084377289
0.084523678
0.085324049
0.084894657
0.081835508
0.085803747
0.084920883
0.084574938
0.084877729
0.085190535
0.084900618
0.084924221
0.084831476
0.081830740
0.085781097
0.084969282
0.084918737
0.084416628
0.085371017
0.084884167
0.085009336
0.084523678
0.081566334
0.086069107
0.084978104
0.084794998
0.084392786
0.084339619
0.084774017
0.084681511
0.085296392
0.082052708
0.085665226
0.084476948
0.085280418
0.084883213
0.084789276
0.084656239
0.084520578
0.085261583
0.081798792
0.086509228
0.084646225
0.084793568
0.085101843
0.084991217
0.084969997
0.084838390
0.084882498
0.081825495
0.085707903
0.084630489
0.084697247
0.085273027
0.084879875
0.084794998
0.084830046
0.084810972
0.081821680
0.085994720
0.084781170
0.084472179
0.085520744
0.084920645
0.084936619
0.084807873
0.084789991
0.081853867
0.085505724
0.084467649
0.084405899
0.084382772
0.084496260
0.084673643
0.085565567
0.084787130
0.081840038
0.085718870
0.085066080
0.084377766
0.085019350
0.085862398
0.085405588
0.085300922
0.084921598
0.081793070
0.086063147
0.084847212
0.084456444
0.084738255
0.085382462
0.084936619
0.084899187
0.084552050
0.082137346
0.087094784
0.084834099
0.084804535
0.084820509
0.084822178
0.084833860
0.084881544
0.084898472
0.081819534
0.085872650
0.084919691
0.084784031
0.084791422
0.084875345
0.084793091
0.084861517
0.084897757
0.081999063
0.085763216
0.085026741
0.084878445
0.084886074
0.084861755
0.084823847
0.085021973
0.086044073
0.082268000
0.085841179
0.084356308
0.085263491
0.085162640
0.084926128
0.084826708
0.084787130
0.084851027
0.081804276
0.085767269
0.084568739
0.084573746
0.084340334
0.084504843
0.085437775
0.085016727
0.085077763
0.081549168
0.085795641
0.084539175
0.084882021
0.085267305
0.084915161
0.084903002
0.084576368
0.084997177
0.082921267
0.085745096
0.084731817
0.084323645
0.084344864
0.084469080
0.084386349
0.084372520
0.084539890
0.082758904
0.085653543
0.084915638
0.084363461
0.085191011
0.085021734
0.084814310
0.084837437
0.084873199
0.081800222
0.086143970
0.084770441
0.084385157
0.084339380
0.084432602
0.084526300
0.085411787
0.084829330
0.081808090
0.085872650
0.084931135
0.084375143
0.084295750
0.084267378
0.084686995
0.085270405
0.084881544
0.081835985
0.085761547
0.084858894
0.084547758
0.084309340
0.084326744
0.084408760
0.085274220
0.084870815
0.081833839
0.085916758
0.084811687
0.084690332
0.084269047
0.085283041
0.085140467
0.084860325
0.084662199
0.081481457
0.086435080
0.084879398
0.084831953
0.084365129
0.084328175
0.084466696
0.084876060
0.085259914
0.081874609
0.086437225
0.084381580
0.084265232
0.084365845
0.084307671
0.084269285
0.084562778
0.085347652
0.081799984
0.086141586
0.084435463
0.084362268
0.084275007
0.084694862
0.085489750
0.084873438
0.084775209
0.081562042
0.085855007
0.084787607
0.084563494
0.084584236
0.084507227
0.084316969
0.084408522
0.084569693
0.082404137
0.085491657
0.084465981
0.084344149
0.084284306
0.084695816
0.084659338
0.085249662
0.084810019
0.081922770
0.086714745
0.084867716
0.084557772
0.084730148
0.085233927
0.084928751
0.084862947
0.084784269
0.081753016
0.086198568
0.084894180
0.084596634
0.084441185
0.084379196
0.084275723
0.084324837
0.084329367
0.081830263
0.085480213
0.084353209
0.084320068
0.084476233
0.084394693
0.084295988
0.084409237
0.084378958
0.081508160
0.086766720
0.084970713
0.084911585
0.084423304
0.084976673
0.085121870
0.084758282
0.084703207
0.081322670
0.085160017
0.084412098
0.084430218
0.084594250
0.084439278
0.084287405
0.084323883
0.084503174
0.081362486
0.085742950
0.084729910
0.084413528
0.084384203
0.084359407
0.084406376
0.084384918
0.085001945
0.082623482
0.085234880
0.084305048
0.084308624
0.085336685
0.085018396
0.084937572
0.084608793
0.084726334
0.082256556
0.085802555
0.084904432
0.084543705
0.084359407
0.084279537
0.084575176
0.085349560
0.084820986
0.081758499
0.085843563
0.084785938
0.084503412
0.084749460
0.085203648
0.084820271
0.084781170
0.084366083
0.081336021
0.085360527
0.084339142
0.084515810
0.084509850
0.085370302
0.084944248
0.084940910
0.084514380
0.081652880
0.086040497
0.084976673
0.084658861
0.084374666
0.084690332
0.084413528
0.084609509
0.085208178
0.081873894
0.085681200
0.084346771
0.085396051
0.085080385
0.084860563
0.084696770
0.084607601
0.085308790
0.081886768
0.085417986
0.084388018
0.084382057
0.084359646
0.084508896
0.085594893
0.085041046
0.085045338
0.081935406
0.085481882
0.084393978
0.084394217
0.084270954
0.084338427
0.084301233
0.084353447
0.084564209
0.082305431
0.085784435
0.085161209
0.084490299
0.084273577
0.084255219
0.084814072
0.085245848
0.084814787
0.081832647
0.086999416
0.084869385
0.084493637
0.084362984
0.084462404
0.084401369
0.085387468
0.084874153
0.081785679
0.085194826
0.084926128
0.085229635
0.084827423
0.084857225
0.084965229
0.084769487
0.084579706
0.081495047
0.085783482
0.084880114
0.084796906
0.084316969
0.084403038
0.084292173
0.084794760
0.085200310
0.081809759
0.087405443
0.084420204
0.084516764
0.084275484
0.084356785
0.084303379
0.084337473
0.085261822
0.081919193
0.085758924
0.084640741
0.084613800
0.085302591
0.085107565
0.084764242
0.084466934
0.085053682
0.082162380
0.085902929
0.084641457
0.084344149
0.084343195
0.084240437
0.084394455
0.084353447
0.084418297
0.081366539
0.085427761
0.084415674
0.084400654
0.084359169
0.084517479
0.084738731
0.085239172
0.084887028
0.081791401
0.085208893
0.084430218
0.084318399
0.084762573
0.085296869
0.084817886
0.084695816
0.084323406
0.081320763
0.086363792
0.084856749
0.084878445
0.084336758
0.084393501
0.084276915
0.084895849
0.085207701
0.082003593
0.085440636
0.084327698
0.084322691
0.084582329
0.084563971
0.084282398
0.084925652
0.085171461
0.081809998
0.085554838
0.084429026
0.084262371
0.084326267
0.084740400
0.085195780
0.084879160
0.084871054
0.081422567
