0.829879045
0.815422297
0.827622414
0.838420630
0.820256472
0.840502739
0.818206787
0.824057817
0.826564312
0.826777220
0.827521324
0.814725161
0.815691948
0.818034172
0.825492382
0.819366217
0.824095964
0.821786404
0.818369150
0.825475216
0.830392361
0.827716589
0.817137718
0.816379786
0.815009594
0.810580969
0.813643694
0.824300289
0.820346355
0.819391489
0.814462423
0.825933218
0.820374250
0.805859566
0.816838264
0.826268911
0.821798325
0.813990116
0.821930408
0.814420223
0.814195871
0.816677332
0.824873686
0.813347816
0.817710400
0.807711840
0.818414450
0.812976599
0.813353777
0.824118376
0.810479403
0.817399502
0.824619770
0.812516928
0.815314293
0.834846020
0.815155745
0.815404892
0.824129105
0.815785646
0.816881180
0.821807146
0.828276873
0.823297024
0.813851833
0.813796997
0.832698584
0.818156958
0.813422918
0.817035198
0.819075346
0.811578512
0.809802771
0.819960117
0.811025858
0.825043678
0.817627430
0.812858343
0.808809519
0.814132452
0.832942247
0.816066742
0.811647177
0.817656279
0.814771414
0.814910173
0.813009739
0.812512875
0.821999550
0.816974401
0.817147732
0.813214779
0.809583187
0.821625948
0.823269367
0.817742825
0.811913729
0.815156221
0.814341068
0.816512346
