0.019866228
0.019743919
0.019595861
0.019601583
0.019606829
0.019616604
0.019598007
0.019609690
0.019605637
0.019616127
0.019612551
0.019661188
0.019618273
0.019771814
0.019601107
0.019622087
0.019618034
0.019619465
0.019606829
0.019602299
0.019591808
0.019574165
0.019600391
0.019612074
0.019607306
0.019604445
0.019596338
0.019600868
0.019612551
0.019616127
0.019595385
0.019617558
0.019670248
0.019681215
0.019621372
0.019613504
0.019615412
0.019620895
0.019613743
0.019593477
0.019603491
0.019597530
0.019589663
0.019602776
0.019616604
0.019881248
0.019629478
0.019605160
0.019617081
0.019609690
0.019593477
0.019775391
0.019840956
0.019826889
0.019848824
0.019850969
0.019758463
0.019728661
0.019719601
0.019732237
0.019735813
0.019729137
0.019749165
0.019758701
0.019757032
0.019764662
0.019728899
0.019725800
0.019711494
0.019735575
0.019726992
0.019724607
0.019721985
0.019704580
0.019715071
0.019722700
0.019703627
0.019680023
0.019602537
0.019592047
0.019603252
0.019599199
0.019659996
0.019836664
0.019819021
0.019833803
0.019834757
0.019835949
0.019722462
0.019731045
0.019721270
0.019701958
0.019706488
0.019697905
0.019702196
0.019705772
0.019697666
0.019695997
0.019583225
0.019589424
