1.959326029
1.605359554
1.562709570
1.665026426
1.574507713
1.493149042
1.597032070
1.479870319
0.931742907
2.000647068
1.643348694
1.711454391
1.649965286
1.529711008
1.557733774
1.607361078
1.544399023
0.929123402
1.990714312
1.653349161
1.713118792
1.765913010
1.528032541
1.620680094
1.512722731
1.535443306
0.901907206
1.924518585
1.592809677
1.665592194
1.602479935
1.589715004
1.513664007
1.609790564
1.521074057
0.948085070
1.965720892
1.624199629
1.562922239
1.572981358
1.696178436
1.557749510
1.529150009
1.521844625
0.975265026
1.895174265
1.539241552
1.702495337
1.652992964
1.523031473
1.475945711
1.475886345
1.479243755
0.905565262
2.088655949
1.678779125
1.591778517
1.554754972
1.575308561
1.678088665
1.500883341
1.602589369
0.924227238
2.029902697
1.572972536
1.579430103
1.553460360
1.611866474
1.498826265
1.523806810
1.559914589
0.925869465
1.956031799
1.573207378
1.564205170
1.580583096
1.581235886
1.615267038
1.495448589
1.624779701
0.928002596
1.971442699
1.594691753
1.554187298
1.587587357
1.608847618
1.489924908
1.708794832
1.552920103
0.970915079
1.923728943
1.717343569
1.575346470
1.615107298
1.573758602
1.554711819
1.631478310
1.703718662
0.909045458
1.986133814
1.600646257
1.592478275
1.616291285
1.539938211
1.618515015
1.582850218
1.525850534
0.891973019
1.974345446
1.598221302
1.643088579
1.637500286
1.731263161
1.585031748
1.505179882
1.635775328
0.945726395
1.925700426
1.621006966
1.640005589
1.590771437
1.585085630
1.522483110
1.495150566
1.530015707
0.965654612
2.084957600
1.582437992
1.749523401
1.529233932
1.537352800
1.512330532
1.503514051
1.547945261
0.962620735
1.973415375
1.577746153
1.569200993
1.631931543
1.565570354
1.568660021
1.542716026
1.528217316
0.907616138
1.943090916
1.573373795
1.545297146
1.787781715
1.520541906
1.478915215
1.635137796
1.595357895
0.964223146
1.975474119
1.594862938
1.699833393
1.605499744
1.548472643
1.510642052
1.526245356
1.574889183
1.050811768
2.009708643
1.634361267
1.603924513
1.573493242
1.557998180
1.528980494
1.569204807
1.605636358
0.948191881
2.019954205
1.605757952
1.880212307
1.620728731
1.546922207
1.574001312
1.503135920
1.740467310
0.924195290
2.034692049
1.586714745
1.663881063
1.740795374
1.720028162
1.599448919
1.600278139
1.499687910
1.026970148
1.927508593
1.576782465
1.544078112
1.562217712
1.586626291
1.484475136
1.648894787
1.526854515
0.934296370
1.999848843
1.683889627
1.564688206
1.626821041
1.834875345
1.522083521
1.502218723
1.526472807
0.922035694
1.952670574
1.644587040
1.546929598
1.551285028
1.643907309
1.500867128
1.499849319
1.730773211
0.939045906
1.930995226
1.585943937
1.563838720
1.602732420
1.608842373
1.522314548
1.557880163
1.479645967
0.951685190
1.926850080
1.615814924
1.646480560
1.544650078
1.577517033
1.482167721
1.605200768
1.646167994
1.027904272
1.921210289
1.654988050
1.585404396
1.614223003
1.560015440
1.622873783
1.488380432
1.542903662
0.907494068
1.940661907
1.643203020
1.595473528
1.588895559
1.606630325
1.511950970
1.481322765
1.541712999
0.909003496
1.964715242
1.621830702
1.598718166
1.654895067
1.548674583
1.481302500
1.527034521
1.506692410
0.994558573
1.946873188
1.778873205
1.539154053
1.580929995
1.508464336
1.684878349
1.497306108
1.562840700
0.943069696
1.995187044
1.600615501
1.705922127
1.606852293
1.588262796
1.547170639
1.569007397
1.480345011
0.921088219
1.931566715
1.601981401
1.679642677
1.578127861
1.542994261
1.624699116
1.571943283
1.520664930
0.905357599
1.920655489
1.602468967
1.616672754
1.574547291
1.589553118
1.510989904
1.502133369
1.527361631
0.908233881
1.990243196
1.553577185
1.555198908
1.647443056
1.530975580
1.525707960
1.523135424
1.561573744
0.937924385
1.901395798
1.655528545
1.702562332
1.630647659
1.552615643
1.492174149
1.520617008
1.532177687
0.907111883
1.998955727
1.597123623
1.647833109
1.555648804
1.544738531
1.679619074
1.493458509
1.498639584
0.893854141
1.995060444
1.581555367
1.599330425
1.719374180
1.589005232
1.582043409
1.644229412
1.613081455
0.952603340
2.009564400
1.569824219
1.629972935
1.594235659
1.526067734
1.472188711
1.483612061
1.563351393
0.950114965
1.990795612
1.635813475
1.709282875
1.604180336
1.583939552
1.566319942
1.530480385
1.634815693
0.937737465
1.942287922
1.590924025
1.605383158
1.579593658
1.545206308
1.588353395
1.607504129
1.546417236
0.915390015
1.910633802
1.632188082
1.563182354
1.577145338
1.580351830
1.525660753
1.594556808
1.510557890
0.909572363
1.904128075
1.693674088
1.638719320
1.631453276
1.686971664
1.643346786
1.724666834
1.487303972
0.927793980
1.914983511
1.621492386
1.795846701
1.634411573
1.534231901
1.563836575
1.491655111
1.521091223
0.919522762
1.979313612
1.710313320
1.602524281
1.614757776
1.584669113
1.506591320
1.628227234
1.481180429
0.934230804
1.953419209
1.726036072
1.599154472
1.606630325
1.560521364
1.515399694
1.580311775
1.700026274
0.917048216
2.017630100
1.680249214
1.663788795
1.589720488
1.547428370
1.629528761
1.520290852
1.521919966
0.907530069
2.030496597
1.611473322
1.600341082
1.573266268
1.586997271
1.491007566
1.473703861
1.487777948
0.992761135
1.939607859
1.750734806
1.596111536
1.603112459
1.531213760
1.521755457
1.605918884
1.591749907
0.977345228
1.927446842
1.622445107
1.648299694
1.548578978
1.623652697
1.487858772
1.510178566
1.513966084
0.909513235
1.937409639
1.580865383
1.631912947
1.563328266
1.561020851
1.478054762
1.634120941
1.562430382
1.054461956
2.066093922
1.700584888
1.577567577
1.554184437
1.531386375
1.471148491
1.486169815
1.537160635
0.909156084
1.909300566
1.570330620
1.595855236
1.631284237
1.556567192
1.544211388
1.753116846
1.586312056
0.975647926
1.947422266
1.640410185
1.579249620
1.637477398
1.644780874
1.512550592
1.585757494
1.613381147
0.977779865
1.899554253
1.647118330
1.621160269
1.561645031
1.638766289
1.507073641
1.514217138
1.485717297
0.916674614
1.894758463
1.571177006
1.628633976
1.561094522
1.591546774
1.518567801
1.550588608
1.574879169
0.924919605
1.920868635
1.603241682
1.674493074
1.773664713
1.568505764
1.517915249
1.501654148
1.518667936
0.915325642
1.992779970
1.632256746
1.655942202
1.585351467
1.570968866
1.467493534
1.526688337
1.473603725
0.894789457
1.946822643
1.739935160
1.581050634
1.668588400
1.585649014
1.561318159
1.546067476
1.571297884
0.953586102
1.992062092
1.592540026
1.663345337
1.561832666
1.522699833
1.514895201
1.520072699
1.565679789
0.892156124
1.915387869
1.571403027
1.609753847
1.558001518
1.527272224
1.595892429
1.515980959
1.664786339
0.908425570
1.938844442
1.603520393
1.563346148
1.569723129
1.622254610
1.726793289
1.510152817
1.531688929
1.081726551
1.932026386
1.583044052
1.580999136
1.696974754
1.627875328
1.577272415
1.544394970
1.472212076
0.907316923
1.920083284
1.650878429
1.575057507
1.687839031
1.521372795
1.518335342
1.504423380
1.514556646
0.987416983
2.001658916
1.707787752
1.641183853
1.612103939
1.528360844
1.526432276
1.624496460
1.518171549
0.957437515
1.955014467
1.601170540
1.654947996
1.576397896
1.529371023
1.541380644
1.527606010
1.524219036
0.923656464
1.955451488
1.567808628
1.784337282
1.558292389
1.528218508
1.506969929
1.497191668
1.518395662
0.928297758
2.045757294
1.585122347
1.599429369
1.555806160
1.528308392
1.488216877
1.513258696
1.501848936
0.988417864
1.970593452
1.690217733
1.571784735
1.591923952
1.546835661
1.603728294
1.486256838
1.568621159
0.914251566
1.949943542
1.658216953
1.569961071
1.597383499
1.663392067
1.521987438
1.519712925
1.498823881
0.927958012
1.932614803
1.579651833
1.628693581
1.585078716
1.574799299
1.504288435
1.666386843
1.529666901
1.004922152
1.911718607
1.841111422
1.574986935
1.541358948
1.571143389
1.528823614
1.546761036
1.727712631
0.923229218
2.011410236
1.610747099
1.625747204
1.580458641
1.522166252
1.542983770
1.553199768
1.577391148
1.022008896
1.944004536
1.587845802
1.552878857
1.691030502
1.582316160
1.745948553
1.615294218
1.603107452
0.907937288
1.883279562
1.707513571
1.559730053
1.606683254
1.649087667
1.526208401
1.518903971
1.515806437
0.930851460
1.952227831
1.583321810
1.560496092
1.531137705
1.558556080
1.535071373
1.506433010
1.486839294
1.055483580
1.913432598
1.638719797
1.559896469
1.611852646
1.588651657
1.536370754
1.569438219
1.549370527
0.984262943
1.925712585
1.577546597
1.659571171
1.771839142
1.581962824
1.629697561
1.580783367
1.507083178
0.921945572
1.884424448
1.608311415
1.638963938
1.546699047
1.539762497
1.527383566
1.481791019
1.474306345
0.926574469
2.003724337
1.581857681
1.600381613
1.584626198
1.537950277
1.496221781
1.639453650
1.516708612
0.960987091
1.923297405
1.613498449
1.673584700
1.606354237
1.553827286
1.467727661
1.545277596
1.497344971
0.938786030
1.975476027
1.577450752
1.582461596
1.634082079
1.691823483
1.544690847
1.569823980
1.597938776
1.018883467
1.908556223
1.617317677
1.571487665
1.619761705
1.700364828
1.497343302
1.483795166
1.522397280
0.890047312
1.896351099
1.651791334
1.602005005
1.571826458
1.546719790
1.495840549
1.495888233
1.549718380
0.960266352
1.899061918
1.678711653
1.710141659
1.583925724
1.554159403
1.593612194
1.478441715
1.750223398
0.928888321
1.890336752
1.583922863
1.582296371
1.567770243
1.557219267
1.519325018
1.504736900
1.501797915
0.913937330
1.962311506
1.677784204
1.778326511
1.659442425
1.558207989
1.565429449
1.597259521
1.555648327
0.892423153
2.077712059
1.892145872
1.596539259
1.664317131
1.544999123
1.477070093
1.532323837
1.512025833
0.961719036
1.986800194
1.648111343
1.730690718
1.604861259
1.663479328
1.554227352
1.542330265
1.518412590
0.933424473
1.889373302
1.575850964
1.567323208
1.580229521
1.681527615
1.504296064
1.496572256
1.605553627
0.900357723
1.939642429
1.640888691
1.677828312
1.582300425
1.520386934
1.535380363
1.530262709
1.639133930
0.961336374
1.951227188
1.576534033
1.608465195
1.668756485
1.577736378
1.640844107
1.558699846
1.546241522
0.902309895
2.020949602
1.549337387
1.545371771
1.596052647
1.636156797
1.523113489
1.598624706
1.566389084
0.920188427
1.901953936
1.644431591
1.752885580
1.543935537
1.558756828
1.594843626
1.485128403
1.494152546
0.904709816
2.064120770
1.568173885
1.658021212
1.543503046
1.615247011
1.546183348
1.509713173
1.490101814
0.936731339
2.012927532
1.600397825
1.605611086
1.575452566
1.686754704
1.634762287
1.486780643
1.564744711
0.903452635
2.087668896
1.586241961
1.561286926
1.587937117
1.712724686
1.581468821
1.583009958
1.489639759
0.921637535
2.000593901
1.691561937
1.567265272
1.571163416
1.605244160
1.633426428
1.668140411
1.499842644
0.904352427
1.963016272
1.666341782
1.608871937
1.600869417
1.527076006
1.491610289
1.533552647
1.550908327
0.977074146
1.979410172
1.637304306
1.588617086
1.634056568
1.511674166
1.573942184
1.480903149
1.637002468
0.924845219
1.945376635
1.653640509
1.585084677
1.570111752
1.556914091
1.544755697
1.749396801
1.512527943
0.911607504
