14.280077934
14.608425140
14.656033039
14.407466888
14.432714462
14.088607550
14.632637739
14.283170223
14.347160578
14.476491928
14.644981384
14.380264044
14.691057682
14.305153608
14.439692020
14.289822102
14.479409695
14.531429529
14.457098007
14.843675375
14.904546022
14.222739220
14.620219469
14.439180613
14.238260031
14.500355959
14.333947659
14.243197680
14.329759359
14.475809097
14.447988749
14.390100241
14.179438829
14.262472630
14.322190046
14.347944021
14.695036411
14.230480194
14.615275145
14.339772224
14.227624416
14.774292946
14.429742336
14.472568989
14.584824800
14.503556967
14.286526203
14.544149399
14.230139971
14.434710979
14.275361538
14.547206879
14.571118593
14.219394684
14.250210047
14.426836252
14.238053322
14.585726261
14.252376556
14.294095755
14.584061861
14.356704235
14.304139853
14.552007198
14.267174959
14.277213812
14.237579107
14.373050690
14.337984324
14.434148788
14.595649719
14.476410866
14.667617083
14.333459616
14.202680111
14.384259224
14.587921619
14.070299625
14.346009493
14.245198727
14.619695187
14.248935699
14.202972651
14.614682913
14.050569296
14.679692268
14.681817532
14.610790014
14.240666628
14.457254648
14.464622736
14.390021563
14.310609579
14.358828545
14.506230831
14.527741671
14.575143337
14.341638565
14.402483702
14.463385105
