0.530978203
0.343129396
0.395444155
0.351571798
0.365401268
0.396219492
0.548645973
0.405187845
0.347331047
0.351237535
0.436511755
0.352356434
0.349761486
0.363195896
0.342370272
0.363963127
0.351794958
0.387697458
0.417624235
0.361316919
0.452075005
0.359854937
0.345310688
0.340600491
0.440339088
0.363504171
0.351319313
0.396490812
0.379415035
0.360874414
0.353886604
0.372033596
0.357844830
0.357215881
0.334896326
0.448421240
0.354146957
0.440345764
0.354113579
0.345082760
0.441357136
0.352720737
0.384805679
0.354501247
0.351303339
0.432907581
0.367051125
0.353146791
0.383739710
0.345886946
0.351531982
0.357359409
0.360234261
0.333963871
0.361949682
0.363076448
0.388566256
0.470525265
0.338294744
0.362026930
0.410124540
0.351913929
0.346742630
0.339752674
0.354952812
0.405178308
0.336908817
0.364124775
0.371960878
0.560128212
0.377208471
0.383066893
0.347216606
0.355085135
0.353027344
0.356045723
0.350862265
0.433158875
0.425689936
0.364725113
0.350281239
0.412933826
0.340402365
0.470722675
0.433113098
0.361885786
0.391675711
0.356036663
0.342833996
0.342908621
0.359251738
0.340198994
0.343291283
0.340441227
0.422760248
0.336560011
0.314163923
0.319025517
0.311797619
0.314729929
