0.002328873
0.000733852
0.000746250
0.000683546
0.001765490
0.000732899
0.000746489
0.000599146
0.001950741
0.000740528
0.000757933
0.000584364
0.002274513
0.000720978
0.000696659
0.000601053
0.002348423
0.000836611
0.000738144
0.000601053
0.002137184
0.000700712
0.000843763
0.000602484
0.002074242
0.000737906
0.000990391
0.000658274
0.002060890
0.000726700
0.000917196
0.000603914
0.002015591
0.000715494
0.000907421
0.000602484
0.002226591
0.000721216
0.000845671
0.000602245
0.002198219
0.000719309
0.000775337
0.000576019
0.002312183
0.000756025
0.000806332
0.000663280
0.002386332
0.000778675
0.000842333
0.000672102
0.002115965
0.000719547
0.000805378
0.000650883
0.002125740
0.000777006
0.000901699
0.000621319
0.002146721
0.000745058
0.000841379
0.000634193
0.002212048
0.000746965
0.001134396
0.000596285
0.002030373
0.000706196
0.001026869
0.000672102
0.002321482
0.000744820
0.000778675
0.000623703
0.002306461
0.000720263
0.000811338
0.000635624
0.002042532
0.000722647
0.000985622
0.000641346
0.002378941
0.000735998
0.000864029
0.000644207
0.002153635
0.000795603
0.000801086
0.000646591
0.002047300
0.000709534
0.000852346
0.000614405
0.002166033
0.000726461
0.000976562
0.000598192
0.002054453
0.000755072
0.000801802
0.000675678
0.002168417
0.000717163
0.000979424
0.000679255
0.001941204
0.000731945
0.000772715
0.000628948
0.002186298
0.000756979
0.000980377
0.000627756
0.002277613
0.000711679
0.000964403
0.000617027
0.002213240
0.000706434
0.000752449
0.000620127
0.002342224
0.000698090
0.000998497
0.000610828
0.002090454
0.000768661
0.000940800
0.000588655
0.002043247
0.000719070
0.001024246
0.000624657
0.002319336
0.000731945
0.000754118
0.000633955
0.002382994
0.000782967
0.000713348
0.000648975
0.002276897
0.000717402
0.000782251
0.000677347
0.002104998
0.000728369
0.000845194
0.000716925
0.002172709
0.000749350
0.000875473
0.000674725
0.002263784
0.000808477
0.000804901
0.000688076
0.002175093
0.000750065
0.000852108
0.000595808
0.002152681
0.000818968
0.000994921
0.000627518
0.002334595
0.000687361
0.000875473
0.000580788
0.002094746
0.000732422
0.000704765
0.000592709
0.002060890
0.000718832
0.000799894
0.000617504
0.002254248
0.000798941
0.000856638
0.000666142
0.002070904
0.000723362
0.000791550
0.000628471
0.002284050
0.000699997
0.000941992
0.000747681
0.002091646
0.000710249
0.001022100
0.000587702
0.002146959
0.000714779
0.000910521
0.000677824
0.002035618
0.000712633
0.000957727
0.000599384
0.002364874
0.000699759
0.000798464
0.000617981
0.001837492
0.000731707
0.000735283
0.000621319
0.002251625
0.000696182
0.000941515
0.000591755
0.002184391
0.000772476
0.000804424
0.000590324
0.002254486
0.000816107
0.000728846
0.000607491
0.002390862
0.000768423
0.000786543
0.000643015
0.002124786
0.000716448
0.000831366
0.000611305
0.002282619
0.000720263
0.000885248
0.000642538
0.002330542
0.000697374
0.000769615
0.000661612
0.002164602
0.000795841
0.000765562
0.000705481
0.002337217
0.000736713
0.000822306
0.000681162
0.002066612
0.000776529
0.000765324
0.000675201
0.002169371
0.000718355
0.000773191
0.000609159
0.002439737
0.000763416
0.000782728
0.000723600
0.002186060
0.000739813
0.000975609
0.000621557
0.002215862
0.000723362
0.000916719
0.000596046
0.002264500
0.000750065
0.000950813
0.000628710
0.002275705
0.000673532
0.000973701
0.000741482
0.002128363
0.000725508
0.000952005
0.000663757
0.001954079
0.000713348
0.000725269
0.000593662
0.002066851
0.000719547
0.000950575
0.000681162
0.002247572
0.000797987
0.000838280
0.000622749
0.002017021
0.000782013
0.000767708
0.000671864
0.002191782
0.000715971
0.000937700
0.000590801
0.002001524
0.000730515
0.000764370
0.000650406
0.002162933
0.000748873
0.000933886
0.000708342
0.002070189
0.000725985
0.000908852
0.000624895
0.002223492
0.000734568
0.000784636
0.000728369
0.002075434
0.000707150
0.000771523
0.000612259
0.002167225
0.000714779
0.001089811
0.000713348
0.002124310
0.000736713
0.000914574
0.000621557
0.002266169
0.000798941
0.001069784
0.000570059
0.002292633
0.000800610
0.000718832
0.000585079
0.002407312
0.000844955
0.000746012
0.000617504
0.002147675
0.000713825
0.000948906
0.000606537
0.001932144
0.000719309
0.000789404
0.000645638
0.001887798
0.000866652
0.000805616
0.000616074
0.002429485
0.000735521
0.000984430
0.000610590
0.006483078
0.001143932
0.000833750
0.000585318
0.002382278
0.000842333
0.001036406
0.000659466
0.002289295
0.000749111
0.000925541
0.000661850
0.002153158
0.000764847
0.001028776
0.000778675
0.002088547
0.000777006
0.000944138
0.000587225
0.001926184
0.000714540
0.000747681
0.000628710
0.001953363
0.000762463
0.000772953
0.000616789
0.002183914
0.000704765
0.000770807
0.000686646
0.002035856
0.000714779
0.000887156
0.000621557
0.002210617
0.000763416
0.000844955
0.000588655
0.002089739
0.000715494
0.000936985
0.000710487
