0.087502956
0.085765839
0.088377237
0.090483904
0.092424870
0.087528706
0.088941813
0.088037491
0.087368965
0.087290287
0.089170456
0.084977627
0.089542150
0.086503267
0.084510565
0.084566116
0.091291904
0.083355665
0.087470055
0.090893269
0.088202238
0.095389605
0.091816902
0.091444731
0.091338873
0.089755535
0.094059944
0.093496561
0.091445684
0.089799881
0.088535547
0.089483976
0.087345362
0.091318607
0.091541052
0.092125654
0.092952967
0.091123581
0.088165283
0.091469526
0.087584972
0.096093655
0.089214563
0.086981297
0.092091322
0.092023373
0.090837240
0.090230942
0.087896347
0.091806412
0.085041046
0.090958595
0.088178396
0.092129469
0.086593628
0.089938641
0.091718435
0.091302395
0.090952396
0.088339329
0.088620424
0.091518402
0.091438055
0.094864607
0.089792490
0.090998888
0.086362839
0.092454433
0.087404013
0.088583469
0.089402676
0.086533070
0.090212584
0.093095303
0.090360641
0.097060919
0.088439226
0.086800575
0.095278025
0.089861870
0.091062784
0.092200041
0.095019817
0.085209370
0.090614080
0.088838100
0.092127323
0.089459658
0.088138819
0.091551065
0.091400385
0.092194080
0.089537621
0.086599350
0.089887381
0.085625648
0.089177132
0.087435007
0.091774702
0.089977980
