0.001062870
0.000276566
0.000246286
0.000239849
0.000429869
0.000195265
0.000388384
0.000223875
0.000253677
0.000212193
0.000238895
0.000186920
0.000207424
0.000185013
0.000237703
0.000209570
0.000227928
0.000219822
0.000272274
0.000254154
0.000282049
0.000250816
0.000291109
0.000206470
0.000717640
0.000400066
0.000360012
0.000294209
0.000348330
0.000326395
0.000447035
0.000238895
0.000471592
0.000216961
0.000346661
0.000219107
0.000412703
0.000218391
0.000308752
0.000214577
0.000326872
0.000206232
0.000411987
0.000195980
0.000271797
0.000242233
0.000450850
0.000251293
0.000531197
0.000211000
0.000365257
0.000208616
0.000228643
0.000213861
0.000308275
0.000193119
0.000267744
0.000232458
0.000230074
0.000187635
0.000296831
0.000211477
0.000203609
0.000188589
0.000236750
0.000204802
0.000197172
0.000186205
0.000211716
0.000202656
0.000193119
0.000193119
0.000197887
0.000210524
0.000210285
0.000187635
0.000261068
0.000259638
0.000342131
0.000249386
0.000279903
0.000217676
0.000252724
0.000210047
0.000199318
0.000185013
0.000236750
0.000190496
0.000202179
0.000194311
0.000250101
0.000206470
0.000286341
0.000207901
0.000207424
0.000219345
0.000242710
0.000188351
0.000249863
0.000195265
