0.988809347
0.742399693
0.748014688
0.732425690
0.722938538
0.723074436
0.775469542
0.661784410
0.666441441
0.499364614
1.037809372
0.837952375
0.727011919
0.721834660
0.743445635
0.743116617
0.671520472
0.655748844
0.666529894
0.584316254
0.953396559
0.735491037
0.725310564
0.740261078
0.723066807
0.725559711
0.658846378
0.662255764
0.659526110
0.488685369
0.953856945
0.756512880
0.785090446
0.734559536
0.757160902
0.742914200
0.667288303
0.670534849
0.662051916
0.473157644
0.935563326
0.752499104
0.764316320
0.748349190
0.736057281
0.698838949
0.755697966
0.688466787
0.662508249
0.480896473
0.959574699
0.770165443
0.732803583
0.740469456
0.738923073
0.701360226
0.735605240
0.682478905
0.664158106
0.488945007
0.986577034
0.757215261
0.766783237
0.738561630
0.723839283
0.792795420
0.653007984
0.637625694
0.718449116
0.521602392
0.941656351
0.766082287
0.728923321
0.723944426
0.720474720
0.769942284
0.678902864
0.669350863
0.696924448
0.501729727
0.938929558
0.749425650
0.734027386
0.803527117
0.718318224
0.864271641
0.697336435
0.678963423
0.664065838
0.491195440
0.942365170
0.752160311
0.768531322
0.738399029
0.787117481
0.735154867
0.673054218
0.680189371
0.667253017
0.486906290
0.971318007
0.759132147
0.753387451
0.732078552
0.729389906
0.744458199
0.720210552
0.668371439
0.663110495
0.492720604
0.956249714
0.768598318
0.772554874
0.737641096
0.727794886
0.751708746
0.672590971
0.660518408
0.730644464
0.501954317
0.955414295
0.731114864
0.802389860
0.751093149
0.737055302
0.754556656
0.665004969
0.660053968
0.646327972
0.476286411
0.950822830
0.743847132
0.744743347
0.727298737
0.740993500
0.709515095
0.679195881
0.719019175
0.667461634
0.506709099
0.948420286
0.775140285
0.762269020
0.739803314
0.845037699
0.708373070
0.665793657
0.673379421
0.651993036
0.519427776
0.939851761
0.737947464
0.753281832
0.761911154
0.732132196
0.717597008
0.700936556
0.693098545
0.681051493
0.496113062
1.111638308
0.750190735
0.771366119
0.718010426
0.756186485
0.742866516
0.668292522
0.735929251
0.663953304
0.483071804
0.947767496
0.750474453
0.756049633
0.741398573
0.840425730
0.702865362
0.661490440
0.688781023
0.727882862
0.489250660
0.943431377
0.760298252
0.748443127
0.750807285
0.737181187
0.764244795
0.650423288
0.673882484
0.683420658
0.479224682
0.946211100
0.757533550
0.729360104
0.751592875
0.773673058
0.734953165
0.659571886
0.667950869
0.648100138
0.624153376
0.953322411
0.746720076
0.725273132
0.720314264
0.816685438
0.760807514
0.672096014
0.676904440
0.674355268
0.511041641
0.939453363
0.752157927
0.757388830
0.724097013
0.719808102
0.739749193
0.668919802
0.671803474
0.689857244
0.495686531
0.982663631
0.753033876
0.851248741
0.748921394
0.733752251
0.747600555
0.726924896
0.656159163
0.659940481
0.490379572
0.963949442
0.754507542
0.722994804
0.717960358
0.725933075
0.748005867
0.666502714
0.663415670
0.689490318
0.470612526
0.966777325
0.775584221
0.754142046
0.743108749
0.741436958
0.762207031
0.704421520
0.646465778
0.673100948
0.484022856
0.924879789
0.745693684
0.726031303
0.738033295
0.734015226
0.715724945
0.652643919
0.642518044
0.694568396
0.469845772
0.953170300
0.777468204
0.803482771
0.776181698
0.737927198
0.773367405
0.703943729
0.643076181
0.689368010
0.490278721
0.970706463
0.754868746
0.748842478
0.792050600
0.783187628
0.743638277
0.673486710
0.666000128
0.664304972
0.490077734
0.951813698
0.765355825
0.738212824
0.745777607
0.767588854
0.730038404
0.666236877
0.684504986
0.675474405
0.493712425
0.951643944
0.760695696
0.728574276
0.812884092
0.731203318
0.746378183
0.676223040
0.660406590
0.722469568
0.655786514
1.049311638
0.748737335
0.743241787
0.731177568
0.803162813
0.732932806
0.685372114
0.682072401
0.670260906
0.502593756
0.978889942
0.754969120
0.738029003
0.735690832
0.748766422
0.731651545
0.657335520
0.672443867
0.680124283
0.550452471
0.967402935
0.799431324
0.795064449
0.776691914
0.765615225
0.726584673
0.753612995
0.726562500
0.674091339
0.497064590
0.956015825
0.748178005
0.786850929
0.744145632
0.760307789
0.732371330
0.684532881
0.661605597
0.657551527
0.494829178
0.967200279
0.753522396
0.746208906
0.748137951
0.733996153
0.721918821
0.657595396
0.672388554
0.664352179
0.592360497
0.966456175
0.792076588
0.734164715
0.747813940
0.738632202
0.751970291
0.659361124
0.665327072
0.662575960
0.486394405
0.953830481
0.772438288
0.747624397
0.765199184
0.769842148
0.717036009
0.653342009
0.650277376
0.656172276
0.487406254
0.961628199
0.777382135
0.753961802
0.748278141
0.711945057
0.743264437
0.663167238
0.682728529
0.663300991
0.492651463
0.958257198
0.752541542
0.880175591
0.714294195
0.750878572
0.715227842
0.664200306
0.668545723
0.739915609
0.495507002
0.941556454
0.738330364
0.775182247
0.720016241
0.765413284
0.733358383
0.664271116
0.678976059
0.656144619
0.577016830
1.063993692
0.750007629
0.747369766
0.746423483
0.752930880
0.789846420
0.669648886
0.670882463
0.704643965
0.513358116
0.930504560
0.744222403
0.813503265
0.885235548
0.771541595
0.731358051
0.690937519
0.681434155
0.676276207
0.607640743
0.974190950
0.770109177
0.948328257
0.894867420
0.764378071
0.757801533
0.664028406
0.696354389
0.669572592
0.489505529
0.946795702
0.776682138
0.767325163
0.737760544
0.747066975
0.722329378
0.655083656
0.664424896
0.677122116
0.514077425
0.937604189
0.776494026
0.772061110
0.747522354
0.723564386
0.752196550
0.647642612
0.728570223
0.653966665
0.476660252
0.946650743
0.746053934
0.741072893
0.731589079
0.721837282
0.780767202
0.668231010
0.670305014
0.680128574
0.478637934
1.087480545
0.765799284
0.748060465
0.751972675
0.747623682
0.736363173
0.677170038
0.659718275
0.678910971
0.568407774
0.956026077
0.735038042
0.769538641
0.738433599
0.736563683
0.701628685
0.700687885
0.678752184
0.687088728
0.500388384
0.959588051
0.757584333
0.761783123
0.741517067
0.736284256
0.748767614
0.661785364
0.642555237
0.707393646
0.472353220
1.006853580
0.742755651
0.745418072
0.742361307
0.714636087
0.737672329
0.694703102
0.686678171
0.747605562
0.468685865
0.968950272
0.774008989
0.769124746
0.745541334
0.729310989
0.769676208
0.672641516
0.743794441
0.813915491
0.499793530
0.971440792
0.742666483
0.770698071
0.792218685
0.743577480
0.825118303
0.664009333
0.643796682
0.636857510
0.483338594
0.939797163
0.855938673
0.726653576
0.777746916
0.735831261
0.730258226
0.692135811
0.656104565
0.664502621
0.560527325
0.971540928
0.744079113
0.737763405
0.751765966
0.815233231
0.714716434
0.669024467
0.722274780
0.642313719
0.532494545
0.990688324
0.767096996
0.733670712
0.736687422
0.733482838
0.724200726
0.667436600
0.676226616
0.656405449
0.502658606
0.971675396
0.805465698
0.793797493
0.715161800
0.763570309
0.724572420
0.656811714
0.698541403
0.670172453
0.474324226
0.973352671
0.802714109
0.747297287
0.749721050
0.738529444
0.721300364
0.663531542
0.670291901
0.666759729
0.485080719
0.986634254
0.740659475
0.752830744
0.746393681
0.731177330
0.714845657
0.673837185
0.654501915
0.654101610
0.476674795
1.122752190
0.812637568
0.750941038
0.811740875
0.759082794
0.742415428
0.660555601
0.660002947
0.680452824
0.525393486
0.945714951
0.764829874
0.731219292
0.737385035
0.766172171
0.697506666
0.652075768
0.670683146
0.643098116
0.528521061
0.944642782
0.756935596
0.736898661
0.805273533
0.760046244
0.730989456
0.679688454
0.659791708
0.660072327
0.484825850
0.967301846
0.823413372
0.748054266
0.797632456
0.736812115
0.751549959
0.648749113
0.675305843
0.663835049
0.492352486
0.952188015
0.783551216
0.761590958
0.738908768
0.730638027
0.770004034
0.667570591
0.859538078
0.689476013
0.500328302
0.976788521
0.760629892
0.743157625
0.744569302
0.728950739
0.739615202
0.668101072
0.657184601
0.662928104
0.483876467
0.945261955
0.768795490
0.774022579
0.743341923
0.789364338
0.726889372
0.674627304
0.665818930
0.681802511
0.494562387
0.937088251
0.756970406
0.746055365
0.788695335
0.806625605
0.735770226
0.673265457
0.673835278
0.655705690
0.468316317
0.975974560
0.741830587
0.760692835
0.733638763
0.751014233
0.730340004
0.665676355
0.668640614
0.679904699
0.492046118
0.981091022
0.757481813
0.747264385
0.742796659
0.732364893
0.735885859
0.668020010
0.659432411
0.662279129
0.506223440
0.965715170
0.747446060
0.744224310
0.740183592
0.723182440
0.695549965
0.657954216
0.646389246
0.645414352
0.469599009
1.032026052
0.787079096
0.735858917
0.738663673
0.737308979
0.746188641
0.684988260
0.670711994
0.671235323
0.483237505
0.974551439
0.751877308
0.762624741
0.765970230
0.729908705
0.732167482
0.683359623
0.717105627
0.728438139
0.528770208
1.001376867
0.763320923
0.757785797
0.756920576
0.739884377
0.767329693
0.666714668
0.654671669
0.698560715
0.572340012
0.932740450
0.743999720
0.731713772
0.759784222
0.770573854
0.734201431
0.674244165
0.663007975
0.658642054
0.486543179
0.958076477
0.746788979
0.813237906
0.731430769
0.733967304
0.730784655
0.687345028
0.726762772
0.666135550
0.491554260
0.966409683
0.784426451
0.740401268
0.746065378
0.745529175
0.745075226
0.672205687
0.712560177
0.688445807
0.502542257
1.013361216
0.762453318
0.735609055
0.747102261
0.749984980
0.743053675
0.670965910
0.678252220
0.648457766
0.466806889
0.924311399
0.778431892
0.744322300
0.740644217
0.755961657
0.746567488
0.656128645
0.682348967
0.668763638
0.491335154
1.007881165
0.773393393
0.753294706
0.719133139
0.748957396
0.741403103
0.661131382
0.763744116
0.665355444
0.503194571
0.938687801
0.748339415
0.744533539
0.732151031
0.736212015
0.713767052
0.668133497
0.686888695
0.686666489
0.495082617
0.943969011
0.757640362
0.725231647
0.760871172
0.828940392
0.731381893
0.641025782
0.649894953
0.681524515
0.501453161
0.965116262
0.756989956
0.739810705
0.738418341
0.742528677
0.792785168
0.673493147
0.661010265
0.657983541
0.511795521
0.957468987
0.926026583
0.741621733
0.751875162
0.741373062
0.748310566
0.693958044
0.684105396
0.639108419
0.473659039
1.084497690
0.738195181
0.737482309
0.814217329
0.725608587
0.752995253
0.685197353
0.680991888
0.669332027
0.493876696
0.951330423
0.736065149
0.752694130
0.745803595
0.731171131
0.747080326
0.678730726
0.678189754
0.670811892
0.484123945
0.953093767
0.744311810
0.749954224
0.729861736
0.733346939
0.730996132
0.680345058
0.688927650
0.677900553
0.520183086
1.038900852
0.812966347
0.763211966
0.746808052
0.740846157
0.719102144
0.678420544
0.671457529
0.676614761
0.498537779
0.974610090
0.740887165
0.789193869
0.753287077
0.767928600
0.737500668
0.681970119
0.860405922
0.686036110
0.490794420
0.937216997
0.759841442
0.765272379
0.753037453
0.761590004
0.728381157
0.718489885
0.645025492
0.637272835
0.490758181
0.936617136
0.750701427
0.798952103
0.754490137
0.773830891
0.707501650
0.660769224
0.662990332
0.719441652
0.544614315
0.946358204
0.751752615
0.773817062
0.728099823
0.729565382
0.756340742
0.649567842
0.668386698
0.668546677
0.497533560
0.986791849
0.750018358
0.750957489
0.744567156
0.729645967
0.771796465
0.687687397
0.666803360
0.656727314
0.502970457
0.953471184
0.749993563
0.744444609
0.715001822
0.730885029
0.784808636
0.695046186
0.665094137
0.663462400
0.488458633
0.938499928
0.738826036
0.741004705
0.711484432
0.739228487
0.708200455
0.666958809
0.683001280
0.662739754
0.518394470
0.972061634
0.902683496
0.749564886
0.730160952
0.783640623
0.813198805
0.665295839
0.666125536
0.679727077
0.484561205
0.940038919
0.753576756
0.773767948
0.770876884
0.756947994
0.742113829
0.639948606
0.685525179
0.647873163
0.481894970
0.962429523
0.733554840
0.787390709
0.775222301
0.711790085
0.738167763
0.671811342
0.645494699
0.650775671
0.482348919
1.012688160
0.742380381
0.743338108
0.738575459
0.766102791
0.800211430
0.680760622
0.702993155
0.677752256
0.496538639
1.071793795
0.735333204
0.747193336
0.767651796
0.727902651
0.739044666
0.669769526
0.655975580
0.702432394
0.492172480
0.962280035
0.750123024
0.792677641
0.760275602
0.731391191
0.757509947
0.646569729
0.645367861
0.657854557
0.492084742
0.965550900
0.782160044
0.742014408
0.856308460
0.730794668
0.715589285
0.782528400
0.653529406
0.659750938
0.498153925
