7.622280359
7.766290903
7.443782568
7.582088947
7.614909172
7.589664459
7.680818796
7.577272415
7.725478888
7.611627340
7.616559744
7.655348063
7.567734241
7.562935114
7.662384272
7.596176863
7.787667274
7.679937601
7.563152552
7.686035633
7.630454302
7.537979364
7.738606691
7.514327765
7.635185480
7.426527023
7.739421606
7.665683270
7.594021320
7.830321789
7.719999552
7.625045538
7.864457846
7.604835033
7.645004034
7.593696594
7.557270765
7.584834576
7.720215559
7.627524614
7.788141489
7.909419537
8.008298635
7.586618423
7.598446131
7.539482117
7.801010132
7.577682734
7.565396547
7.664768934
7.863108873
7.655498743
7.720327616
7.698592424
7.569431782
7.665732622
7.598347425
7.513894796
7.906709671
7.529489040
7.599933386
7.686972857
7.828797102
7.544712305
7.648106575
7.634859800
7.586033106
7.573289394
7.412481785
7.668039083
7.755017042
7.762376070
7.532425165
7.663227558
7.689461231
7.593513727
7.572007179
7.715772390
7.536468983
7.605903387
7.621174574
7.740969181
7.764857531
7.556520224
7.594478846
7.734271526
7.863932133
7.581703424
7.691055536
7.554660559
7.626750708
7.569176197
7.485119104
7.826878786
7.574733496
7.537784338
7.739344120
7.685417175
7.578392029
7.776782513
