0.256296635
0.131680012
0.137220860
0.136835098
0.138487339
0.136775732
0.135949850
0.142735481
0.182797670
0.133177280
0.141970634
0.132877827
0.148969650
0.146208763
0.133260250
0.136205673
0.127553225
0.133349895
0.144490480
0.127430439
0.147148609
0.130302668
0.174656153
0.132857323
0.143453836
0.135405064
0.134466648
0.133227348
0.136949301
0.130273342
0.129658461
0.134397745
0.128907204
0.141392708
0.144760132
0.181859016
0.198312521
0.139610767
0.133601189
0.137446880
0.157314301
0.128290653
0.127441883
0.180105448
0.135498047
0.138077259
0.144714594
0.155034065
0.138336897
0.137916088
0.138134718
0.133401155
0.137137175
0.198875189
0.148563147
0.137124300
0.205951929
0.141066551
0.145714283
0.183428049
0.134763241
0.146833181
0.176517248
0.133739948
0.149399757
0.132060051
0.146510601
0.137113094
0.133330822
0.135654926
0.125691414
0.135714054
0.125002146
0.129002571
0.133994341
0.129862070
0.142793894
0.160240173
0.135626554
0.136620998
0.139204741
0.137918234
0.192813873
0.137112141
0.143692970
0.137947559
0.137094498
0.134656906
0.142827034
0.131365776
0.138210535
0.180080414
0.135158062
0.144772053
0.134196758
0.141632318
0.090889931
0.091305494
0.090619802
0.091043472
