0.245839834
0.181251764
0.176613808
0.187708616
0.143248796
0.113516808
0.122059107
0.112964392
0.073410988
0.268267870
0.181257010
0.179678440
0.196593046
0.153872728
0.111160994
0.110053778
0.110155344
0.080085039
0.244292498
0.187829256
0.180226088
0.184470892
0.160132408
0.112363577
0.145869255
0.112559319
0.077693939
0.245041370
0.179661274
0.177721262
0.172144175
0.133406878
0.111145258
0.110045910
0.108457804
0.082016230
0.255390644
0.180366993
0.178798437
0.180286884
0.141954422
0.115544081
0.115632534
0.110984802
0.075774193
0.248017311
0.181898594
0.185859919
0.176512003
0.137116671
0.109715462
0.110229015
0.112731218
0.080376863
0.233953953
0.176941633
0.180743694
0.180435181
0.187286139
0.115238428
0.112289429
0.114715815
0.079337597
0.256744146
0.187290668
0.181357145
0.189532280
0.141856909
0.111903667
0.111993313
0.112257481
0.080381632
0.229682922
0.185319662
0.189801931
0.186302662
0.148564816
0.113344431
0.111070871
0.110503197
0.090537786
0.240515471
0.180842161
0.180553675
0.191708803
0.163119555
0.148506641
0.112389326
0.113074303
0.078661203
0.246783018
0.188121080
0.205899000
0.179905653
0.137860775
0.119005919
0.111994743
0.111984491
0.078690290
0.242280483
0.193825245
0.185667276
0.193578243
0.141211748
0.118479013
0.111477852
0.110767365
0.077914715
0.229206562
0.182440281
0.191086292
0.192775011
0.142908335
0.111642122
0.116702795
0.114571095
0.077555418
0.248422861
0.172949314
0.204937220
0.174257517
0.156582117
0.123530388
0.113864660
0.111773729
0.076575756
0.247445107
0.191012859
0.182765245
0.186864614
0.143700361
0.111900330
0.109742641
0.115792274
0.077298641
0.230401993
0.177639008
0.180611134
0.184129715
0.161968708
0.112129927
0.112319231
0.115813971
0.078685999
0.246989012
0.198302031
0.202810526
0.174578190
0.141854525
0.112090826
0.111631632
0.111707926
0.079018831
0.244296074
0.188300848
0.193564892
0.181873322
0.143553734
0.116131067
0.111457825
0.128640413
0.082915068
0.240789652
0.186797380
0.183573723
0.168331861
0.138884783
0.115323305
0.112532377
0.112653971
0.077947140
0.240576982
0.194377899
0.178649187
0.207041025
0.145108700
0.112221956
0.119273901
0.111671209
0.075476408
0.258122921
0.196770430
0.177543640
0.177755833
0.139448404
0.110062361
0.114850521
0.111147642
0.080356836
0.233409166
0.194038868
0.197281837
0.192490578
0.148625851
0.112155199
0.117893219
0.112611294
0.078318834
0.250901699
0.183384180
0.196204901
0.198389530
0.183761120
0.112457275
0.112375736
0.116536617
0.080074310
0.255407333
0.180533171
0.196915627
0.180565357
0.140620947
0.112248421
0.110832453
0.110706091
0.074450016
0.258420706
0.182513714
0.192895889
0.180314779
0.144847631
0.114580870
0.108897209
0.111742258
0.085601091
0.253820419
0.182884932
0.174932241
0.177298546
0.142994881
0.127568245
0.112693548
0.112608433
0.082117081
0.239713192
0.183734417
0.183305025
0.180804968
0.145730734
0.113435745
0.125963688
0.112252712
0.078636408
0.245641947
0.181375265
0.166990042
0.184163332
0.141147614
0.112195253
0.112511635
0.112926245
0.091945171
0.258995533
0.184967279
0.187602282
0.171266079
0.146267414
0.115013123
0.112468719
0.115290642
0.079297543
0.245637417
0.174812317
0.169853449
0.181790590
0.146524191
0.112360001
0.111557722
0.110982895
0.084660053
0.216863155
0.178439856
0.187190294
0.178218842
0.141077757
0.113313198
0.110780478
0.111351967
0.077587128
0.254035950
0.183215141
0.191309452
0.179868937
0.158945560
0.114163160
0.113559961
0.112886190
0.074609041
0.258592129
0.179883003
0.210234642
0.178152323
0.138697863
0.114708424
0.108467817
0.123590946
0.075966358
0.225087643
0.178934813
0.187881470
0.170170784
0.137299776
0.108749390
0.111132383
0.109852076
0.080839396
0.233118773
0.192671299
0.176854134
0.200185776
0.142156839
0.123637915
0.114069939
0.112252712
0.085994959
0.252760887
0.181317091
0.187922478
0.181566238
0.156065702
0.111947060
0.116223335
0.109453201
0.077074289
0.254997015
0.217441320
0.193080902
0.180946827
0.143502474
0.113347054
0.111527443
0.129440784
0.084421158
0.240437031
0.178336859
0.174709320
0.180085659
0.181548595
0.110981464
0.115063667
0.110672712
0.078939438
0.237243414
0.193987370
0.206021309
0.179657459
0.145273209
0.124259710
0.110221148
0.126750469
0.082022190
0.232804060
0.194967031
0.182541370
0.181831598
0.147700071
0.115724564
0.110761642
0.127808332
0.076729536
0.246353149
0.187181234
0.193885565
0.190684080
0.182461500
0.112108231
0.109684944
0.135876894
0.074525356
0.236843824
0.179821730
0.193814278
0.176508904
0.140728712
0.108274937
0.107552528
0.106820107
0.088726759
0.243000984
0.179639578
0.196983814
0.213167906
0.145438194
0.113759041
0.111537457
0.125802755
0.082572937
0.237097263
0.191949368
0.175539494
0.174121380
0.138670921
0.112010241
0.110558748
0.111276388
0.079342127
0.231551409
0.178583145
0.189218760
0.174210310
0.137156963
0.123558998
0.131114244
0.110732317
0.078819275
0.228727579
0.191600561
0.174661398
0.180122137
0.141029596
0.122877598
0.112117767
0.111041069
0.084282637
0.243695974
0.191562176
0.189604759
0.172168493
0.163403988
0.119294882
0.116002083
0.112735748
0.076175213
0.232900858
0.178686619
0.184575081
0.174156427
0.138346910
0.107998371
0.105825901
0.117684126
0.075920105
0.245990753
0.183906078
0.177925825
0.177302361
0.136961222
0.107546568
0.113397360
0.107473373
0.074491739
0.232559681
0.196619749
0.177815199
0.171167850
0.187727451
0.110589743
0.111845970
0.112147093
0.077938080
0.258607864
0.190799713
0.187875986
0.186785698
0.142319441
0.110111475
0.115525246
0.110085487
0.075334549
0.246097088
0.179881811
0.168757915
0.162508249
0.138568163
0.115211964
0.120098114
0.108252287
0.075003862
0.237750769
0.190982342
0.188975573
0.191798925
0.166879654
0.112913370
0.109895229
0.110307455
0.077883720
0.234118223
0.179945946
0.180839300
0.181851625
0.158272505
0.111797333
0.112317562
0.111467123
0.077589273
0.260622501
0.188336849
0.179583788
0.187487125
0.147796869
0.111191511
0.111519814
0.110901117
0.103868723
0.247171402
0.166818380
0.175436735
0.155405045
0.146849871
0.107857466
0.108211279
0.107378244
0.081355572
0.225766659
0.171394110
0.187513351
0.178967953
0.163509369
0.111476898
0.110157013
0.109827995
0.078440905
0.248289347
0.190150261
0.182760954
0.176725149
0.142307997
0.107655287
0.106396914
0.109136820
0.074453115
0.237236500
0.179674149
0.195961952
0.187900543
0.190190077
0.111952782
0.110432625
0.109193563
0.084105253
0.238262892
0.191166639
0.204321623
0.184065342
0.144685030
0.132005215
0.110433340
0.114257574
0.081120729
0.243713617
0.184022665
0.179471970
0.174899340
0.183059454
0.124747992
0.131279707
0.111684322
0.074210405
0.233711481
0.193146229
0.164632320
0.176717758
0.198262215
0.108360767
0.109323978
0.106583118
0.076700687
0.238462925
0.184981823
0.182178020
0.186555624
0.209528446
0.116903543
0.123479843
0.111303329
0.078454256
0.249441147
0.182227373
0.178982735
0.183173180
0.146550655
0.112760305
0.109875679
0.109871149
0.076247692
0.243402958
0.173956633
0.182182789
0.170007944
0.143611431
0.108580112
0.105649710
0.105963945
0.080999851
0.235766411
0.185363293
0.183051586
0.185221910
0.141186714
0.110018969
0.110086679
0.110012770
0.078810453
0.249648333
0.187000990
0.168720484
0.195851326
0.145163059
0.113985300
0.111122370
0.110762358
0.076562643
0.222398043
0.188992023
0.208293438
0.191625357
0.141578436
0.110687971
0.114072800
0.127644539
0.083277941
0.261479378
0.175011635
0.173969984
0.154382467
0.143762827
0.109670401
0.121112108
0.127540350
0.074908257
0.238025427
0.188954353
0.167400122
0.189960480
0.136048555
0.109849691
0.106953859
0.110152721
0.080244303
0.241842747
0.181099892
0.180785894
0.179605246
0.143121243
0.126197100
0.114589214
0.111118793
0.078337908
0.244662762
0.202830791
0.209835768
0.189426661
0.141116381
0.110952377
0.118411779
0.108971596
0.078721762
0.249733210
0.180258274
0.177385330
0.186271667
0.160283804
0.114504099
0.110205889
0.111129045
0.074877739
0.231339216
0.190510988
0.166997910
0.189266920
0.173297167
0.112061977
0.109149933
0.149615049
0.081387043
0.251145124
0.194049835
0.185836554
0.189459085
0.159151554
0.112896442
0.111994028
0.111665010
0.080341339
0.252274275
0.176153183
0.155573845
0.174256802
0.143521547
0.109885454
0.110777617
0.119458199
0.075661659
0.257368803
0.183704138
0.175747156
0.179869175
0.141589165
0.108418941
0.107208729
0.141288280
0.084590435
0.242233992
0.181766510
0.178569555
0.171793222
0.144363880
0.111836433
0.111305475
0.112051487
0.075277805
0.256159544
0.183312893
0.166066170
0.175706387
0.134014130
0.108623505
0.110567331
0.110366344
0.080947876
0.231010675
0.179672956
0.180714369
0.181581497
0.140291214
0.111099720
0.111541748
0.110395908
0.077480316
0.246275902
0.186174631
0.171242952
0.181644678
0.135190487
0.108876944
0.106820583
0.106670141
0.079620361
0.230223656
0.188419580
0.193610668
0.182171583
0.137066841
0.119313955
0.111494064
0.143897533
0.078961134
0.243860960
0.185251951
0.177764177
0.177910089
0.141144514
0.109235764
0.109946489
0.110586166
0.079477787
0.238225937
0.188165188
0.198122740
0.178562403
0.141365290
0.110067606
0.121984243
0.122643232
0.093677998
0.243774176
0.188126087
0.182802677
0.178445339
0.139360189
0.107000589
0.106165171
0.106639862
0.086314678
0.232906342
0.192295313
0.177201748
0.178997993
0.142253160
0.111082315
0.109711647
0.110924721
0.083423853
0.235337973
0.182079792
0.193453550
0.177053452
0.141270161
0.122620344
0.121178150
0.126283407
0.078887701
0.244932652
0.180390596
0.178472757
0.186427593
0.183052540
0.119929075
0.121383429
0.110209227
0.076802015
0.247396469
0.193593264
0.172660828
0.186610699
0.143168211
0.109042883
0.111229897
0.112987995
0.075566769
0.247680187
0.178908825
0.173273325
0.185042620
0.140072346
0.108627081
0.109653950
0.109028101
0.079721928
0.222316742
0.181192875
0.183687449
0.173739433
0.140565157
0.107778788
0.122227907
0.107593775
0.085153580
0.243227720
0.181139708
0.174410820
0.204940081
0.147607327
0.116865635
0.124366045
0.109501362
0.081520319
0.256201744
0.181392670
0.188736439
0.184365273
0.142086983
0.114707470
0.109833956
0.112369299
0.081969023
0.228266716
0.182937860
0.188451767
0.189021111
0.142938614
0.118927002
0.109302282
0.109669924
0.079764366
0.239253759
0.182991266
0.179416656
0.188180685
0.142065763
0.163631439
0.109660625
0.110086441
0.079236507
0.242305517
0.181584597
0.186190844
0.175457716
0.143025398
0.110560894
0.111274481
0.109779835
0.078326702
0.232167244
0.180470228
0.185158014
0.193185091
0.145179987
0.110421181
0.110025406
0.110143423
0.079652548
0.253597260
0.187579870
0.171689749
0.180561304
0.159013748
0.109544516
0.109369040
0.109278440
0.078624487
0.241329908
0.179459810
0.171594858
0.169358492
0.139445543
0.110407829
0.114634037
0.110797882
0.077884197
0.244432688
0.195384979
0.197477818
0.175922155
0.146071196
0.110317469
0.109193802
0.111762762
0.077934265
