1.633255243
1.653568506
1.670332670
1.589401007
1.618091345
1.623305798
1.642900467
1.654229403
1.633476019
1.688494921
1.643634796
1.646715403
1.628876209
1.661503553
1.629102230
1.613406420
1.643533707
1.653111935
1.608096600
1.667356491
1.635284901
1.652315140
1.698346853
1.625543118
1.646892309
1.645236731
1.628076553
1.612588406
1.652199030
1.600565195
1.576224566
1.650786638
1.656084061
1.581968784
1.644573689
1.641337395
1.692134380
1.639861822
1.669590235
1.643893719
1.700534582
1.611811876
1.674910307
1.599465609
1.620396614
1.609754086
1.648740530
1.583761215
1.597957611
1.645240784
1.643592119
1.604712248
1.652790546
1.633220196
1.665628672
1.586375952
1.602565289
1.615524292
1.674591064
1.668090820
1.680770159
1.640905380
1.698896646
1.615357637
1.579441071
1.610893965
1.629261971
1.666404247
1.620381594
1.615392685
1.625824690
1.669147253
1.637649298
1.676016808
1.668689966
1.580119848
1.650273800
1.605469465
1.596311569
1.589865208
1.605695486
1.661871195
1.598760843
1.658404112
1.623901367
1.611669779
1.656417608
1.671211481
1.616926193
1.599789619
1.594181061
1.652901411
1.638187885
1.629382372
1.662170410
1.604475260
1.608804941
1.632050514
1.579752445
1.635230541
