0.090065479
0.064513922
0.059633970
0.063339233
0.062684298
0.060913801
0.060730219
0.062025070
0.064488411
0.059393406
0.062304258
0.061374426
0.063167095
0.064526796
0.064098835
0.062116385
0.065315247
0.064127445
0.062734604
0.058094025
0.060796738
0.061418295
0.061923742
0.062531710
0.064963341
0.062818050
0.062270403
0.059986115
0.065695047
0.061261415
0.062545776
0.064048290
0.064490318
0.062433004
0.064171314
0.059943676
0.059387684
0.062599421
0.065755844
0.063727140
0.062193394
0.061707497
0.061094284
0.060693741
0.062524796
0.064685583
0.059847832
0.063174486
0.061659336
0.062549353
0.062898636
0.060307503
0.062188387
0.061279535
0.062137365
0.063145876
0.061085463
0.062975168
0.061128855
0.061795235
0.061874390
0.061604977
0.064416885
0.062034607
0.065116405
0.062134981
0.061321974
0.066610813
0.062795639
0.064897060
0.066562653
0.061400652
0.062726736
0.061003923
0.062112331
0.063360214
0.061016798
0.064533234
0.064455032
0.061970472
0.058314323
0.064567566
0.061107159
0.058418036
0.063209772
0.060481310
0.060876608
0.065521479
0.061407328
0.062578678
0.061833620
0.062024355
0.060878277
0.063848734
0.062797308
0.063462973
0.038354158
0.039298296
0.035904169
0.036414146
