0.178845406
0.005363703
0.002835512
0.002805233
0.002710342
0.002668381
0.002639294
0.002700329
0.002805948
0.002704620
0.002746344
0.002645969
0.003144264
0.002668619
0.003345013
0.002690077
0.002668142
0.002641916
0.002687693
0.002662182
0.002667904
0.002636671
0.002642393
0.002640247
0.002652884
0.002687931
0.002667427
0.003129244
0.003182411
0.003289700
0.002761841
0.002773762
0.002718687
0.002785206
0.003129005
0.002735853
0.002659321
0.002968788
0.002694607
0.003164291
0.002803326
0.003030539
0.002801418
0.002828360
0.002702475
0.002708435
0.002784252
0.002621651
0.002649307
0.003312111
0.002828360
0.002788782
0.003020048
0.002634287
0.002899408
0.002637625
0.002948523
0.002640486
0.002652645
0.002631426
0.002639055
0.002667427
0.002617121
0.002636194
0.002717495
0.002632856
0.002614975
0.002861261
0.003027678
0.002844572
0.002658844
0.003170013
0.003111601
0.002854586
0.002975702
0.003183842
0.003090858
0.003173828
0.003191710
0.003166437
0.002983093
0.003173351
0.003089666
0.003193378
0.003131628
0.003139019
0.002691031
0.003140688
0.003171444
0.003141642
0.003134727
0.003110886
0.002694607
0.002815008
0.002619743
0.002850533
0.002634764
0.002772093
0.002639055
0.002733469
0.002704382
0.002720833
0.002765417
0.002766371
0.002675772
0.002814054
0.002683878
0.002766132
0.002686024
0.002660513
0.002655983
0.003165245
0.003123999
0.003173590
0.003119707
0.003075600
0.003026724
0.003220081
0.002688408
0.003274441
0.003116369
0.003151894
0.003099442
0.003222942
0.002697468
0.002839088
0.002649307
0.003176212
0.002664089
0.002725601
0.002699375
0.002658129
0.002614975
0.002772331
0.002632856
0.002641201
0.002644300
0.002872229
0.002627134
0.002693892
0.002668142
0.002636909
0.002691507
0.002697945
0.002710819
0.003099918
0.002621651
0.002848625
0.002626657
0.002849102
0.002618074
0.002882004
0.002631187
0.002904177
0.002629995
0.002844810
0.002613783
0.002705812
0.002617598
0.002675056
0.002629757
0.002705097
0.002650023
0.002667665
0.002621412
0.002689123
0.002621174
0.002688885
0.002681494
0.002681494
0.002624750
0.002670288
0.002619982
0.002749443
0.002632618
0.002668381
0.002633095
0.002673626
0.002618074
0.002642155
0.002632380
0.002630949
0.002627850
0.002635002
0.002624035
0.002640486
0.002625942
0.002650023
0.002622604
0.002662182
0.002620935
0.002651930
0.002619982
0.002647400
0.002619743
0.002621412
0.002625704
0.002619267
0.002625227
0.002741337
0.002632380
0.002664089
0.002637386
0.002657175
0.002627134
0.002657890
0.002642632
0.002685308
0.002624273
0.002643108
0.002751112
0.002669811
0.002636194
0.002654314
0.002647400
0.002682924
0.002640009
0.002647638
0.002640724
0.002645969
0.002627134
0.002665997
0.002633572
0.002651215
0.002632856
0.002667904
0.002623558
0.002658606
0.002624989
0.002659082
0.002630949
0.002631664
0.002622843
0.002631187
0.002635717
0.002644062
0.002636433
0.002629757
0.002619982
0.002632618
0.002621174
0.002639532
0.002638102
0.002649307
0.002618551
0.002644777
0.002637386
0.002634048
0.002656460
0.002674103
0.002631426
0.002626657
0.002617121
0.002643824
0.002622604
0.002645493
0.002630711
0.002651215
0.002615213
0.002642632
0.002629280
0.002639771
0.002618074
0.002633333
0.002625704
0.002632618
0.002623081
0.002636433
0.002674818
0.002642632
0.002770424
0.002634048
0.002717733
0.002628803
0.002784729
0.002640009
0.002765179
0.002639294
0.002746820
0.002657652
0.002802134
0.002641916
0.002674818
0.002663374
0.002627850
0.002647161
0.002702475
0.002650976
0.002719641
0.002646208
0.002749205
0.002676010
0.002633095
0.002619505
0.002783298
0.002655268
0.002766609
0.002640247
0.002739906
0.002641916
0.002780914
0.002629042
0.002694130
0.002648592
0.002734900
0.002658844
0.002772331
0.002646208
0.002761841
0.002638578
0.002730846
0.002636909
0.002793550
0.002636194
0.002775669
0.002640247
0.002759457
0.002654314
0.002758980
0.002669811
0.002705574
0.002645731
0.002816439
0.002634048
0.002826929
0.002659082
0.002813816
0.002646208
0.002751350
0.002787590
0.002650261
0.002639532
0.003057480
0.002673388
0.003053665
0.002665997
0.002627134
0.002969980
0.002710342
0.002637148
0.002621889
0.002662897
0.002645016
0.002736568
0.002668858
0.002763271
0.002632141
0.002667189
0.002653360
0.002663612
0.002663374
0.002675533
0.002645493
0.002669334
0.002672434
0.002684832
0.002780914
0.002693892
0.002666235
0.002621174
0.002652168
0.002631903
0.002648830
0.002632380
0.002651930
0.002902746
0.002615452
0.002866507
0.002647877
0.002769947
0.002619267
0.002961874
0.002628088
0.003025770
0.003080130
0.002843142
0.002659082
0.002652168
0.002653122
0.002817631
0.002639294
0.002622843
0.002635717
0.003015280
0.002742290
0.002625704
0.003127098
0.002626896
0.002633810
0.002620459
0.009152651
0.004081964
0.002990723
0.003135681
0.003106117
0.003126383
0.003143072
0.003058672
0.003240108
0.002625704
0.002612591
0.002623320
0.002692699
0.002621651
0.002661467
0.003012419
0.002911329
0.002744198
0.002681732
0.002641678
0.002664804
0.002629519
0.002683878
0.002652884
0.002651453
0.002623081
0.002666235
0.002643347
0.002646208
0.002640486
0.002735615
0.002636194
0.002664089
0.002647161
0.002653599
0.002620697
0.002660513
0.002632856
0.002651930
0.002626896
0.002654791
0.002636194
0.002657652
0.002645969
0.002635002
0.002627611
0.002632618
0.002684355
0.002629280
0.002633095
0.002626657
0.002624512
0.002631187
0.002644062
0.002639771
0.002652645
0.002619743
0.002642632
0.002620459
0.002647400
0.002651691
0.002650976
0.002645016
0.002639055
0.002660275
0.002665520
0.002651691
0.002636433
0.002642393
0.002850056
0.002653837
0.002963543
0.002623796
0.002886057
0.002633810
0.002923727
0.002640486
0.002802849
0.002624035
0.003065109
0.002686501
0.003102064
0.002645493
0.002785683
0.002624512
0.002890587
0.002652168
0.002792835
0.002612352
0.002686501
0.002643347
0.002667665
0.002618551
0.002665043
0.002622366
0.002665281
0.002625465
0.002662659
0.002624035
0.002668142
0.002635241
0.002675533
0.002625465
0.002660513
0.002626419
0.002641916
0.002630711
0.002649784
0.002626896
0.002638340
0.002628565
0.002655268
0.002621889
0.002646923
0.002628803
0.002655983
0.002633333
0.002658129
0.002628326
0.002784729
0.002614737
0.002683640
0.002621174
0.002678633
0.002616405
0.002674818
0.002614260
0.002687454
0.002629519
0.003246307
0.002721071
0.002717733
0.002617836
0.002654552
0.002623558
0.002676249
0.002900839
0.002760887
0.002635956
0.002678394
0.002650976
0.002761841
0.002618313
0.002709389
0.002619743
0.002751589
0.002761364
0.003513336
0.002731323
0.003076315
0.002631664
0.003064871
0.002643347
0.002672911
0.002623320
0.002938271
0.003038168
0.002987385
0.002828836
0.002781153
0.002633333
0.002638817
0.003041744
0.002626657
0.002664566
0.002725363
0.002644062
0.002784729
0.002774000
0.002648830
0.002810001
0.002625704
0.002702236
0.002621174
0.002756596
0.002621174
0.003238440
0.002829790
0.002625227
0.002704620
0.002988100
0.002613306
0.002713919
0.002630711
0.002859592
0.002665281
0.002687931
0.002664566
0.002821684
0.002661467
0.002805471
0.002673149
0.002752542
0.002665997
0.002743959
0.002646208
0.002817154
0.002654552
0.002758980
0.002647877
0.002813339
0.002660036
0.002723455
0.002651691
0.002784014
0.002643108
0.002696276
0.002664804
0.002728224
0.002654791
0.002783298
0.002659559
0.002729416
0.002795935
0.002650499
0.002625465
0.002788544
0.002754688
0.002775431
0.002750635
0.002846003
0.002745390
0.003046036
0.003008604
0.002996922
0.002638578
0.002615929
0.002643108
0.002647638
0.002639532
0.002649069
0.002654314
0.002636671
0.002648354
0.002639771
0.002693415
0.002627850
0.002667665
0.002647400
0.002675056
0.002613544
0.002660751
0.002627134
0.002679586
0.002635479
0.002672672
0.002626181
0.002921104
0.002654791
0.002906561
0.002638817
0.002997637
0.002829552
0.003081322
0.002623320
0.002969503
0.002635956
0.002846479
0.002641678
0.002788067
0.002725840
0.002818108
0.002632141
0.002630949
0.002631426
0.002636671
0.002613068
0.002656698
0.002620935
0.002723694
0.002627373
0.002987862
0.003037453
0.002653122
0.002632141
0.002766132
0.002621412
0.002644539
0.002660751
0.002651215
0.002644062
0.002754927
0.002623081
0.002814293
0.002679825
0.002646685
0.002612829
0.002721071
0.002624989
0.002875328
0.002633333
0.002791166
0.002630949
0.002824306
0.002609491
0.002866745
0.002634048
0.002811432
0.002610683
0.002893925
0.002658844
0.002857685
0.002730846
0.002809048
0.002646923
0.002863646
0.002650738
0.002794981
0.002647161
0.002672195
0.002648592
0.002620220
0.002635956
0.002748966
0.002634525
0.002647161
0.002644539
0.002645493
0.002635241
0.002636909
0.002617121
0.002621412
0.002654552
0.002674341
0.002650738
0.002879620
0.002669334
0.003157377
0.002730131
0.003069878
0.002652407
0.002811432
0.002605915
0.002752542
0.002632380
0.002952576
0.002620459
0.002637863
0.002634048
0.002618551
0.002631664
0.002639294
0.002623320
0.002623796
0.002624750
0.002655029
0.002612591
0.002627134
0.002618790
0.002661467
0.002619743
0.002734423
0.002623320
0.002763510
0.002633572
0.002866745
0.002627850
0.002954245
0.002710104
0.002627373
0.002686501
0.002645493
0.002608299
0.002637386
0.002610922
0.002625465
0.002627373
0.002639294
0.002609730
0.002636194
0.002623081
0.002642393
0.002626419
0.002766848
0.002620697
0.002798557
0.002613306
0.002750158
0.002613068
0.002742767
0.002639532
0.002713442
0.002629757
0.002720118
0.002613783
0.002762079
0.002620935
0.002744436
0.002619982
0.002629280
0.002610683
0.001903057
0.004164934
0.003651619
0.002651930
0.002766132
0.002629757
0.002856493
0.002658129
0.003279924
0.002644300
0.002662182
0.002820492
0.002663612
0.002620459
0.003421068
0.002764940
0.002669811
0.002641916
0.002767086
0.002673388
0.002652407
0.002627850
0.002671242
0.002633572
0.002707243
0.002625465
0.002702475
0.002636433
0.002707720
0.002639771
0.003017664
0.002634525
0.002674580
0.002619028
0.003009558
0.002636671
0.002784491
0.002619028
0.002910376
0.002621651
0.003070354
0.002622366
0.002931356
0.002635002
0.002866983
0.002624750
0.002812147
0.002648592
0.002648830
0.002629519
0.002692223
0.002617836
0.002768517
0.002620459
0.002656698
0.002782106
0.002785921
0.002616882
0.002684355
0.002629280
0.003179312
0.002936363
0.002686977
0.002961159
0.002659321
0.002893925
0.002650023
0.002871513
0.002635241
0.002896309
0.002644777
0.003040791
0.002808571
0.002845049
0.002653837
0.002899408
0.002662659
0.002852678
0.002648354
0.002826929
0.002653599
0.002859354
0.002633810
0.002745867
0.002641678
0.002834558
0.002641916
0.002868652
0.002650261
0.003127813
0.002667665
0.002945662
0.002648830
0.002795696
0.002672434
0.002856255
0.002627611
0.002883434
0.002809525
0.002919912
0.002623081
0.002662659
0.002764940
0.002623558
0.002740622
0.002624273
0.002669573
0.002646208
0.002664089
0.002619743
0.002762079
0.002616882
0.002753735
0.002622843
0.002653599
0.002619028
0.002770424
0.002627611
0.002747059
0.002637863
0.002722263
0.002830029
0.002676725
0.002619267
0.002670050
0.002631426
0.002697706
0.002626896
0.002690315
0.002624750
0.002808571
0.002640247
0.002804756
0.002621651
0.002838612
0.002823591
0.002680063
0.002617836
0.002667665
0.002631664
0.002688646
0.002633333
0.002922297
0.002629042
0.002775431
0.002625227
0.002878428
0.002621651
0.002918959
0.002622604
0.002959967
0.002622128
0.002764225
0.002640486
0.002777815
0.002616882
0.002749443
0.002628326
0.003003359
0.002615452
0.002825022
0.002617836
0.002848864
0.002614498
0.003255129
0.002682447
0.002831221
0.002646446
0.002943993
0.002666473
0.003050566
0.002662659
0.002783537
0.002619982
0.002660036
0.002621889
0.002679110
0.002620459
0.002645016
0.002632380
0.002627134
0.002615929
0.002634048
0.002680063
0.002701759
0.002624035
0.002660990
0.002634287
0.002644539
0.002956390
0.002943516
0.002624035
0.002765894
0.002631903
0.002645969
0.002627850
0.002644539
0.002627611
0.002639532
0.002632141
0.002626181
0.002629757
0.002660751
0.002638340
0.002634287
0.002629042
0.002629995
0.002618074
0.002657890
0.002618074
0.002652645
0.002631903
0.002642632
0.002683640
0.002652407
0.002624035
0.002660275
0.002627850
0.002655506
0.002618074
0.002653122
0.002632141
0.002655983
0.002618790
0.002643585
0.002624035
0.002805948
0.002623558
0.002651453
0.002622604
0.002645016
0.002621651
0.002668619
0.002637863
0.002647638
0.002625942
0.002659321
0.002630711
0.002647161
0.002641439
0.002657175
0.002625227
0.002652407
0.002626657
0.002645493
0.002640247
0.002624989
0.002632141
0.002644300
0.002619028
0.002625465
0.002636671
0.002694607
0.002640009
0.002651453
0.002636433
0.002642393
0.002627373
0.002804995
0.002635956
0.002635956
0.002653599
0.002651691
0.002635717
0.002640247
0.002628565
0.002657652
0.002636671
0.002640963
0.002626419
0.002668381
0.002622366
0.002644539
0.002646685
0.002647638
0.002632856
0.002659798
0.002630949
0.002646923
0.002627373
0.002646685
0.002634048
0.002783060
0.002623320
0.002653360
0.002624512
0.002647400
0.002644300
0.002640009
0.002619267
0.002644777
0.002616644
0.002662897
0.002625942
0.002638578
0.002628326
0.002648592
0.002640247
0.002644539
0.002731323
0.002643585
0.002624035
0.002640486
0.002620220
0.002656460
0.002627611
0.002783775
0.002623081
0.002650738
0.002621651
0.002629519
0.002623081
0.002672195
0.002629995
0.002663374
0.002624989
0.002650261
0.002628565
0.002642393
0.002632141
0.002659798
0.002623320
0.002648830
0.002623081
0.002669811
0.002622366
0.002667427
0.002621651
0.002650976
0.002633095
0.002802849
0.002619267
0.002645016
0.002621889
0.002646446
0.002637625
0.002641916
0.002628803
0.002646685
0.002635717
0.002647638
0.002625227
0.002639294
0.002616167
0.002666473
0.002617121
0.002657175
0.002636194
0.002656460
0.002631903
0.002635956
0.002627611
0.002622366
0.002638817
0.002642632
0.002627850
0.002629280
0.002641678
0.002702713
0.002656460
0.002624512
0.002645254
0.002633810
0.002639055
0.002618790
0.002652407
0.002641678
0.002640486
0.002620697
0.002632856
0.002641439
0.002641439
0.002634525
0.002638102
0.002623320
0.002638340
0.002620459
0.002678156
0.002636909
0.002651215
0.002628326
0.002640963
0.002622843
0.002750397
0.002625465
0.002634287
0.002617836
0.002641916
0.002632141
0.002639055
0.002671003
0.001887321
