0.001482248
0.001118660
0.000771761
0.000891924
0.000779152
0.000808477
0.000756979
0.000763655
0.000768185
0.000795364
0.000822306
0.000806808
0.000932217
0.000800371
0.000792742
0.000825644
0.000768661
0.000816107
0.000808001
0.000864029
0.000841141
0.000779152
0.000772476
0.000773191
0.000784397
0.000771999
0.000774622
0.000763893
0.000773430
0.000778198
0.000752687
0.000779152
0.000751019
0.000813246
0.000826120
0.000765324
0.000787258
0.000806093
0.000832081
0.000805378
0.000774145
0.000773191
0.000765800
0.000777245
0.000802755
0.000772953
0.000784636
0.000799656
0.000775337
0.000792742
0.000831366
0.000809193
0.000772953
0.000770807
0.000761509
0.000793457
0.000787258
0.000793695
0.000771999
0.000783205
0.000764608
0.000781775
0.000766277
0.000778198
0.000966787
0.000786543
0.000785589
0.000773907
0.000772953
0.000771999
0.000760317
0.000772238
0.000749826
0.000770330
0.000753403
0.000772715
0.000758171
0.000774622
0.000760794
0.000815153
0.000755548
0.000796795
0.000754356
0.000777721
0.000768185
0.000767946
0.000754356
0.000787497
0.000776052
0.000818253
0.000776291
0.000794888
0.000771999
0.000772238
0.000772953
0.000772715
0.000765085
0.000759363
0.000757933
0.000766277
