0.121083736
0.125256062
0.123874426
0.126279831
0.121188402
0.125827551
0.120528460
0.122282982
0.115825891
0.120776892
0.119121552
0.125489235
0.123498440
0.124590635
0.120237827
0.120798111
0.120275497
0.120827913
0.119730949
0.121550322
0.120795965
0.118067980
0.121489286
0.117290735
0.120424032
0.130811930
0.123822451
0.115543604
0.123899698
0.119432449
0.113754034
0.126895666
0.119868040
0.120570660
0.117731571
0.126066923
0.117588758
0.125674486
0.122016191
0.123216391
0.122343302
0.122092009
0.122896194
0.120219707
0.128336668
0.117215872
0.122327566
0.122147083
0.116205215
0.123888016
0.122360706
0.119547606
0.115683079
0.115809917
0.121051550
0.118858576
0.117882252
0.120337248
0.124402046
0.122141838
0.135453224
0.126967430
0.126653433
0.128464460
0.120857239
0.119085550
0.124268055
0.120951414
0.120211124
0.115570307
0.133062363
0.118867159
0.121315718
0.120177507
0.126055956
0.119485855
0.123092651
0.122862816
0.119563103
0.122241735
0.116931915
0.129502535
0.117890120
0.120995998
0.122688532
0.118927002
0.116357088
0.121963978
0.115016699
0.132964373
0.117344856
0.123487473
0.119285345
0.122352362
0.117538691
0.120766163
0.118156433
0.120194435
0.133389473
0.120440483
0.122971058
0.120134592
0.119138479
0.121822834
0.123296261
0.119147301
0.121829510
0.121296167
0.116776705
0.119190454
0.120455027
0.119711876
0.131854296
0.127278090
0.124327183
0.124305725
0.121985674
0.117077112
0.118002176
0.133937597
0.121731520
0.125736475
0.118454456
0.118575335
0.121114969
0.116169214
0.115319014
0.122790575
0.121181726
0.118021488
0.123706102
0.116991282
0.132213593
0.118729591
0.122352839
0.118977070
0.120670319
0.118399382
0.117293119
0.117672443
0.125726461
0.118821621
0.121082544
0.121963739
0.120109558
0.128322363
0.118292093
0.126784563
0.128051996
0.119300604
0.121771336
0.116241932
0.122947216
0.118518114
0.114252567
0.122341156
0.120106936
0.129141092
0.128491402
0.116687536
0.122327805
0.124096155
0.119315863
0.117027044
0.117166519
0.115817070
0.122087479
0.122504234
0.119822741
0.117568016
0.114241838
0.122483492
0.120488167
0.129370451
0.114469767
0.116214514
0.118336439
0.122121334
0.122051477
0.119496107
0.117048979
0.122026443
0.116875172
0.123620749
0.118951321
0.127922535
0.122216940
0.123315811
0.120666981
0.126767635
0.131107569
0.122414589
0.129705191
0.124786139
0.125182867
0.119374990
0.120974302
0.119710922
0.118676901
0.116675138
0.119014025
0.117789507
0.124840498
0.119733095
0.118642569
0.122891665
0.119191885
0.116180182
0.118305683
0.122893572
0.118877411
0.121100903
0.117037058
0.119448662
0.117616653
0.114882469
0.120952129
0.125716209
0.121428490
0.122205496
0.125942945
0.123822451
0.123094320
0.130404711
0.123245955
0.123494148
0.129182339
0.119304895
0.119770050
0.127054691
0.121412754
0.120677471
0.122108459
0.118666172
0.118417740
0.124593973
0.122645855
0.121230841
0.124607086
0.123512030
0.123656034
0.123345375
0.124928713
0.122949362
0.124825478
0.119137287
0.118464470
0.125093222
0.120337248
0.118505001
0.118038416
0.117692709
0.123477221
0.122599840
0.122835875
0.119054556
0.130689621
0.116531849
0.124888420
0.121000290
0.123019457
0.121437788
0.120389462
0.122705698
0.119563341
0.119495392
0.121979237
0.122251034
0.129457951
0.124737501
0.113824606
0.127684593
0.117198229
0.117867231
0.118634701
0.127871990
0.124516487
0.129919291
0.119901180
0.116869450
0.128605843
0.120726109
0.118854761
0.123420477
0.122525454
0.118087769
0.123950005
0.132209301
0.124107838
0.126242876
0.119857550
0.117420673
0.118012190
0.121065855
0.177723646
0.134987831
0.121954441
0.119467020
0.120535851
0.117618084
0.114813805
0.120137930
0.129332066
0.118314505
0.126017570
0.122187853
0.116579533
0.124089003
0.120938778
0.123529434
0.118127823
0.133775949
0.123422861
0.124538422
0.116707802
0.118909836
0.121059418
0.127339125
0.127769470
0.123347521
0.125001907
0.124138117
0.123135805
0.126023531
0.127196074
0.124523878
0.122014523
0.119314671
0.121520996
0.126809120
0.126167297
0.120672464
0.124892712
0.124232769
0.120760441
0.124188662
0.120150328
0.121402264
0.120059729
0.122995377
0.130363226
0.130957127
0.124721527
0.125415325
0.122642040
0.120352268
0.119679928
0.118963003
0.118309021
0.121458530
0.118529320
0.119870901
0.125619888
0.122633457
0.130025864
0.119714260
0.129819155
0.121319771
0.121065378
0.126430511
0.121541023
0.115856886
0.118304014
0.121056080
0.118718386
0.121571541
0.118313313
0.120736361
0.119900465
0.117868900
0.129614353
0.121600866
0.134011745
0.122875214
0.121870518
0.119684458
0.116317272
0.128272295
0.123937130
0.120957851
0.118388176
0.120916843
0.120564699
0.125370741
0.121307611
0.114351511
0.125642538
0.121775627
0.119163990
0.120453596
0.117160797
0.117833853
0.122943640
0.118051052
0.117531776
0.120279789
0.123314619
0.120620012
0.131888628
0.123055696
0.119034529
0.118323803
0.116551399
0.125841141
0.117763042
0.123810291
0.120284081
0.118614912
0.120765924
0.123159409
0.119366884
0.120207548
0.120349407
0.120601892
0.118977547
0.118321896
0.121783018
0.117707014
0.121803999
0.115776062
0.119491577
0.115886927
0.126799345
0.123412132
0.117905855
0.130570412
0.120287180
0.122123480
0.120385408
0.120848417
0.132730246
0.118947744
0.117593288
0.118588448
0.125262022
0.115448952
0.120715618
0.119231939
0.130504370
0.126686335
0.122605324
0.114876986
0.119578600
0.120172262
0.128261805
0.118001699
0.120574713
0.119363308
0.124733686
0.122553110
0.124183416
0.122691393
0.131006479
0.119648457
0.125917673
0.125339508
0.130156755
0.117194653
0.126255751
0.126312494
0.120936632
0.119809628
0.137590885
0.122875214
0.117889643
0.120386839
0.118767023
0.127027750
0.119594574
0.124154806
0.121085167
0.126999855
0.132050753
0.123049259
0.116276264
0.117736101
0.118537188
0.125757694
0.122270346
0.123187780
0.120029211
0.124317646
0.119244337
0.119463205
0.124189854
0.117615938
0.120820045
0.123694897
0.122864246
0.122892141
0.123613119
0.121352673
0.121840000
0.118087053
0.120039463
0.119255543
0.119693756
0.117363453
0.121505976
0.116337538
0.130506277
0.124146223
0.121728897
0.120328426
0.117619514
0.116714478
0.116654396
0.126249790
0.132618189
0.131195068
0.130638361
0.123696804
0.135935783
0.127569675
0.121144772
0.130870581
0.125515699
0.123905420
0.185671568
0.116028070
0.121361971
0.127054214
0.121092558
0.124388933
0.123660088
0.120762110
0.126293898
0.123267412
0.115986586
0.122116804
0.124148607
0.121630192
0.121505737
0.119463444
0.117349863
0.121238470
0.128948927
0.137923241
0.129225016
0.114235878
0.125068665
0.124067783
0.118500471
0.120991230
0.120971441
0.122368574
0.121680737
0.127094269
0.120162964
0.116027117
0.116550684
0.122014046
0.122478724
0.118924379
0.118482828
0.120433331
0.116884947
0.117642403
0.121505260
0.119641781
0.121803999
0.119900227
0.118275166
0.119821787
0.117591381
0.122755527
0.117715836
0.124080420
0.119934797
0.116063833
0.115816832
0.125435114
0.118970156
0.135476828
0.116154909
0.120215178
0.120435476
0.120835066
0.119225979
0.117062807
0.122590780
0.123996735
0.123411894
0.121010780
0.118285418
0.128009558
0.116009235
0.122166157
0.125192642
0.126410484
0.122643471
0.115448236
0.123920441
0.128848791
0.134430885
0.125990629
0.123039722
0.117938042
0.121359825
0.124339819
0.123502731
0.126544237
0.121885538
0.129218578
0.124586105
0.122815371
0.125613689
0.124074221
0.117398500
0.133867502
0.117822170
0.121073008
0.126792431
0.120306969
0.120557785
0.120385647
0.121916533
0.123219728
0.122078419
0.121950388
0.136188984
0.130153656
0.118724823
0.119922161
0.121561766
0.121447086
0.133292437
0.126779556
0.124590874
0.129601717
0.123733044
0.119510651
0.118662596
0.119718313
0.122427702
0.124334097
0.121175051
0.127713680
0.123276234
0.120152235
0.123669147
0.139450550
0.116324425
0.122643232
0.120979548
0.121026993
0.118065834
0.121260405
0.120185375
0.118929863
0.119255066
0.118916273
0.119335651
0.123184443
0.124063253
0.118377209
0.118325472
0.122449398
0.117363453
0.119728327
0.118831635
0.121071577
0.115201950
0.120502949
0.119860411
0.127073288
0.122275591
0.126695633
0.124583721
0.117517710
0.118986368
0.122376680
0.119542599
0.119202614
0.118137121
0.115714550
0.120291233
0.118656874
0.124706507
0.121957064
0.122655392
0.119133472
0.133722305
0.119685173
0.120626688
0.119360209
0.124025583
0.119527817
0.130283117
0.123447180
0.117557049
0.119709730
0.120154858
0.125450611
0.125272274
0.121783257
0.121170521
0.121090174
0.124223471
0.125024796
0.129383564
0.130291462
0.122247934
0.128272533
0.132758141
0.118049622
0.125449419
0.125968456
0.126888275
0.124823332
0.124326468
0.132817745
0.123051167
0.141322851
0.125950575
0.125137091
0.119853973
0.134150505
0.125296593
0.122915745
0.118392944
0.120951176
0.127200603
0.120347738
0.116295576
0.129563093
0.120845318
0.127315998
0.121420383
0.133319855
0.120451927
0.123850584
0.127030134
0.122521639
0.128993750
0.122599602
0.122813940
0.119700193
0.123895645
0.121128082
0.121958017
0.119435787
0.117933273
0.127144814
0.119950533
0.122868776
0.122825384
0.130373955
0.123234749
0.130494356
0.122490406
0.123585224
0.116756201
0.118699551
0.118672132
0.120158672
0.122275591
0.121198893
0.120955467
0.118745565
0.115154028
0.141512394
0.124619007
0.123514891
0.118957758
0.116702080
0.126337051
0.125286341
0.124910593
0.120183706
0.120505333
0.122586012
0.124182224
0.122399092
0.122351170
0.126126289
0.125567198
0.117563963
0.123109341
0.118513584
0.120403767
0.119760990
0.119732857
0.119392872
0.118105650
0.121309996
0.137597084
0.121814966
0.116753578
0.119841576
0.118980169
0.126878500
0.119928837
0.120659590
0.118202209
0.120507956
0.119790077
0.124567270
0.125545740
0.115838051
0.126269341
0.119909763
0.126946211
0.117227316
0.116650105
0.124145031
0.124462843
0.124341011
0.128803253
0.119696856
0.122345209
0.125821114
0.119291782
0.121277809
0.121217728
0.128193378
0.123735905
0.116816282
0.125202417
0.119099617
0.116160154
0.122876644
0.122530222
0.120415449
0.127670288
0.122906923
0.124391079
0.124996185
0.121467113
0.119207382
0.118966579
0.117836237
0.120462894
0.118450880
0.119436741
0.123553038
0.122643948
0.120344400
0.118607998
0.121646404
0.118978500
0.124874353
0.134732008
0.125997066
0.125334740
0.127160549
0.118462324
0.125020027
0.120246649
0.117923498
0.118675232
0.121493340
0.122168779
0.119564533
0.120657444
0.121398211
0.118926287
0.116521597
0.118929625
0.123725414
0.119537354
0.120421171
0.122420549
0.117343664
0.137110472
0.116981506
0.120857716
0.119774580
0.117119074
0.117170811
0.120938063
0.120469093
0.120831490
0.116854191
0.119594574
0.120819807
0.119047880
0.122989893
0.121410608
0.125374556
0.130505562
0.126870394
0.124540091
0.126165390
0.130434513
0.122558832
0.124188185
0.127269030
0.134457588
0.125799894
0.121355772
0.127323389
0.129334211
0.120362997
0.128422260
0.116870403
0.113418818
0.126368046
0.122973442
0.126231670
0.119256496
0.119794369
0.115173340
0.119585991
0.120400667
0.124937773
0.120512962
0.119979620
0.123177052
0.134347439
0.126591921
0.124986649
0.119349241
0.120910883
0.124787807
0.128663540
0.126821041
0.120267153
0.122593880
0.121708155
0.129194021
0.116589785
0.121872187
0.121077776
0.121550322
0.117223978
0.121508121
0.118747473
0.116780996
0.114840984
0.123697519
0.119190693
0.125040293
0.116683245
0.118847847
0.124884844
0.126675129
0.119385719
0.119553089
0.118665934
0.120550871
0.118699789
0.123451710
0.122345448
0.122671366
0.121499300
0.120729923
0.117815733
0.114646196
0.120799303
0.118406534
0.114334106
0.120631933
0.124632120
0.116367579
0.122815847
0.118555307
0.126100063
0.135255098
0.121682882
0.129927397
0.118810892
0.119793892
0.122371435
0.121983528
0.123492956
0.121580839
0.125523567
0.125149250
0.124181271
0.122322083
0.125297546
0.120409966
0.117063522
0.127495289
0.130873919
0.126455545
0.129318476
0.126607656
0.125005484
0.122364521
0.120297670
0.118383408
0.119129896
0.120314598
0.126888037
0.119799614
0.126690626
0.122179270
0.119944096
0.125820160
0.120062351
0.123298883
0.116131067
0.120689869
0.120577335
0.119460106
0.120626211
0.117497444
0.121529102
