0.001939297
0.001765966
0.001707077
0.001735926
0.001693010
0.001705885
0.001759768
0.001671791
0.001671791
0.001666069
0.001674414
0.001661539
0.001665592
0.001658201
0.001666784
0.001664877
0.001700878
0.001663923
0.001692295
0.001658201
0.001671791
0.001657724
0.001701117
0.001662493
0.001683950
0.001659870
0.001799822
0.001743555
0.001873732
0.001816988
0.001827478
0.001736641
0.001851797
0.001734972
0.001812220
0.001709461
0.001736879
0.001705647
0.001717329
0.001668930
0.001689434
0.001661539
0.001713276
0.001697302
0.001667738
0.001655817
0.001716852
0.001657963
0.001706600
0.001659393
0.001663208
0.001659155
0.001661062
0.001662493
0.001655579
0.001653671
0.001661062
0.001662970
0.001658916
0.001660585
0.001725197
0.001728535
0.001673937
0.001691103
0.001678944
0.001683950
0.001698971
0.001692057
0.001679182
0.001682758
0.001740456
0.001689672
0.001671553
0.001694679
0.001664162
0.001733303
0.001669407
0.001662254
0.001667023
0.001734734
0.001662970
0.001702309
0.001667023
0.001697302
0.001667738
0.001723051
0.001710653
0.001744986
0.001701355
0.001760006
0.001703739
0.001739740
0.001711607
0.001746178
0.001718044
0.001739264
0.001718998
0.001746416
0.001735687
0.001716375
