0.013912439
0.008094072
0.008081913
0.008106232
0.011199236
0.009333372
0.008117199
0.008144617
0.008121490
0.006710529
0.009118557
0.008194685
0.008107901
0.008089066
0.006709814
0.009148598
0.008211851
0.008127928
0.008100986
0.006728172
0.008946419
0.008120537
0.008138657
0.008104563
0.006721973
0.009020567
0.008111715
0.008095503
0.008104086
0.006727934
0.009391308
0.008382797
0.008147478
0.008116007
0.006747246
0.009266853
0.008256674
0.008143902
0.008108854
0.006720543
0.009165049
0.008263826
0.008117914
0.008104324
0.006712914
0.009103537
0.008125544
0.008120775
0.008101940
0.006726980
0.009309292
0.008166552
0.008154869
0.008106232
0.006733894
0.009047985
0.008255720
0.008113861
0.008103609
0.006726027
0.009102106
0.008150101
0.008126736
0.008113384
0.006740570
0.009322882
0.008214474
0.008135080
0.008129597
0.006726503
0.009026051
0.008392572
0.008162498
0.008143902
0.006743670
0.009077072
0.008184671
0.008112431
0.008136034
0.006748199
0.009311914
0.008148909
0.008118629
0.008115530
0.006731987
0.009695530
0.008184910
0.008124590
0.008127451
0.006718397
0.008883476
0.008187532
0.008131504
0.008143425
0.006752491
0.009111881
0.008246660
0.008132935
0.008108854
0.006723642
0.009036779
0.008135557
0.008184433
0.008155584
0.006763697
0.009093761
0.008138657
0.008151054
0.008131742
0.006733656
0.009068251
0.008349657
0.008123636
0.008147717
0.006760359
0.009047508
0.008149862
0.008125782
0.008115053
0.006753922
0.009035826
0.008189678
0.008124590
0.008160353
0.006744623
0.009341955
0.008128166
0.008135557
0.008105993
0.006733656
0.009152412
0.008131742
0.008145571
0.008119583
0.006741762
0.009893894
0.008205414
0.008143187
0.008123636
0.006751060
0.008994818
0.008276701
0.008132935
0.008112192
0.006774426
0.008987665
0.008150101
0.008140087
0.008132219
0.006749868
0.009044886
0.008168936
0.008158922
0.008138180
0.006755829
0.009448767
0.008153677
0.008118391
0.008158922
0.006759405
0.009267569
0.008273363
0.008170366
0.008121014
0.006742954
0.008950949
0.008198977
0.008232355
0.008137941
0.006755352
0.009130716
0.008287668
0.008188009
0.008171797
0.006770372
0.009092093
0.008398771
0.008175850
0.008142471
0.006766558
0.009550571
0.008211613
0.008186340
0.008172035
0.006884575
0.009376526
0.008241177
0.008155107
0.008145094
0.006767273
0.009120941
0.008204699
0.008161783
0.008174896
0.006789923
0.008972168
0.008191586
0.008181334
0.008159637
0.006767273
0.009290934
0.008177042
0.008142710
0.008131027
0.006756783
0.009114981
0.008193016
0.008149385
0.008188009
0.006758690
0.009413958
0.008210182
0.008185863
0.008141994
0.006752014
0.010084391
0.008223534
0.008151054
0.008132696
0.006745815
0.009313822
0.008176565
0.008170843
0.008139610
0.006739855
0.010051727
0.008183241
0.008172989
0.008156300
0.006776571
0.009240627
0.008331776
0.008158445
0.008125544
0.006743193
0.009596348
0.008174181
0.008148193
0.008141756
0.006751299
0.009800434
0.008249044
0.008225918
0.008164406
0.006762266
0.009055614
0.008203030
0.008165121
0.008144617
0.006771088
0.009941101
0.008191347
0.008159876
0.008133888
0.006761312
0.009522200
0.008369207
0.008176804
0.008147955
0.006758690
0.009752512
0.008275509
0.008163452
0.008180141
0.006777763
0.009835482
0.008436680
0.008173943
0.008178949
0.006744623
0.009367943
0.008318186
0.008152008
0.008155346
0.006752491
0.009151936
0.008387327
0.008348465
0.008225441
0.006754160
0.009863853
0.008231163
0.008174181
0.008142710
0.006754160
0.009301424
0.008332491
0.008202791
0.008162975
0.006751776
0.009072781
0.008236408
0.008195400
0.008159161
0.006779671
0.009023666
0.008165359
0.008166552
0.008136272
0.006757498
0.009256124
0.008160830
0.008146286
0.008139372
0.006746054
0.009155989
0.008208275
0.008182764
0.008183241
0.006774426
0.009247065
0.008278608
0.008155584
0.008154154
0.006759405
0.009089231
0.008372307
0.008192778
0.008135557
0.006758451
0.009197235
0.008188725
0.008182764
0.008153439
0.006760359
0.009017944
0.008226633
0.008198500
0.008156776
0.006787300
0.009016037
0.008162260
0.008164167
0.008143902
0.006799459
0.009024382
0.008357525
0.008147478
0.008133411
0.006741047
0.009826422
0.008182049
0.008176088
0.008179903
0.006755114
0.009228706
0.008250952
0.008159161
0.008170128
0.006778240
0.009414911
0.008165836
0.008163929
0.008136511
0.006762028
0.009260416
0.008251429
0.008167505
0.008151531
0.006746769
0.009051800
0.008189201
0.008168697
0.008149624
0.006776094
0.009270668
0.008208513
0.008137703
0.008146286
0.006761551
0.009098768
0.008182287
0.008180141
0.008153915
0.006749153
0.009078979
0.008192778
0.008173704
0.008146763
0.006745338
0.009277344
0.008278608
0.008179188
0.008150101
0.006753683
0.009060144
0.008177280
0.008141756
0.008149624
0.006771803
0.009391785
0.008338213
0.008179903
0.008160830
0.006767750
0.008921146
0.008364916
0.008151054
0.008131266
0.006774426
0.010061264
0.008296013
0.008151770
0.008135080
0.006738424
0.009212017
0.008261919
0.008149385
0.008141518
0.006758451
0.009182453
0.008172989
0.008181334
0.008144617
0.006761789
0.009289503
0.008326054
0.008167744
0.008154869
0.006759167
0.010065794
0.008184195
0.008157492
0.008143902
0.006803513
0.009972572
0.008291245
0.008162737
0.008195162
0.006769419
0.008907080
0.008168221
0.008236647
0.008161545
0.006786346
0.009261847
0.008197308
0.008172274
0.008151531
0.006763220
0.009163380
0.008192062
0.008212805
0.008161306
0.006777287
0.010062933
0.008206606
0.008193970
0.008172035
0.006781101
0.009145021
0.008203268
0.008235693
0.008157492
0.006798506
0.009094715
0.008309603
0.008163691
0.008188486
0.006790400
0.009038210
0.008174896
0.008161306
0.008162737
0.006779432
0.008922100
0.008173704
0.008165359
0.008162498
0.006766081
0.009559393
0.008251429
0.008173943
0.008159637
0.006821394
0.009326220
0.008328676
0.008170128
0.008144855
0.006790876
0.009387493
0.008360863
0.008163929
0.008150816
0.006773949
0.009324551
0.008186340
0.008170605
0.008154392
0.006752491
0.008835554
0.008163691
0.008172512
0.008151293
0.006792545
0.009141922
0.008233309
0.008159161
0.008143663
0.006778955
