0.107666492
0.096714973
0.096249104
0.097647905
0.097710371
0.096688032
0.097099781
0.096213579
0.096160650
0.097351789
0.098083258
0.096190214
0.098172665
0.096793890
0.098961592
0.098332882
0.097651720
0.097676754
0.096415997
0.094675541
0.096032619
0.097171783
0.096598148
0.099156380
0.096017361
0.097230911
0.099132061
0.098503828
0.098204374
0.097956657
0.097050190
0.098456621
0.097861052
0.095973730
0.097575665
0.095662832
0.096208811
0.096849680
0.098120928
0.096779823
0.099344730
0.096673965
0.096050978
0.096647739
0.097042322
0.098023653
0.098385334
0.096956015
0.098993540
0.097842455
0.097074270
0.099091530
0.098895073
0.099784613
0.096399546
0.098781824
0.098690271
0.096608877
0.097286701
0.096468210
0.097614765
0.098711491
0.097045898
0.096945524
0.098581553
0.097721338
0.099509954
0.098481894
0.099294424
0.096301079
0.099224091
0.096958399
0.097214937
0.098010063
0.098947287
0.099476576
0.098153114
0.099183321
0.098426580
0.098917723
0.097776413
0.096550226
0.098386288
0.096707106
0.099517107
0.098193884
0.099544048
0.096539736
0.099050522
0.097013474
0.097710371
0.098308563
0.097142220
0.096753836
0.097676039
0.098156214
0.100005388
0.095936537
0.100647211
0.098587990
