0.002758026
0.002266645
0.002250195
0.002265215
0.002247810
0.002253056
0.002326012
0.002256393
0.002247572
0.002351284
0.002257109
0.002283812
0.002252340
0.002254486
0.002239466
0.002269030
0.002321720
0.002243757
0.002294779
0.002289057
0.002334595
0.002273083
0.002243280
0.002290010
0.002265453
0.002301931
0.002246141
0.002243280
0.002239943
0.002236128
0.002286196
0.002296686
0.002248764
0.002238989
0.002234936
0.002257109
0.002243996
0.002279520
0.002270222
0.002287388
0.002325296
0.002336264
0.002265453
0.002261877
0.002261639
0.002235889
0.002270937
0.002250195
0.002277136
0.002276659
0.002256870
0.002277613
0.002240419
0.002295494
0.002237320
0.002248764
0.002241135
0.002234221
0.002249718
0.002238750
0.002236128
0.002238512
0.002245903
0.002260447
0.002281427
0.002241373
0.002238989
0.002320766
0.002240419
0.002237320
0.002255440
0.002241611
0.002236366
0.002260208
0.002272367
0.002240419
0.002230644
0.002234697
0.002285480
0.002254248
0.002279520
0.002274752
0.002313852
0.002270699
0.002235174
0.002294540
0.002250671
0.002251148
0.002295017
0.002297401
0.002238035
0.002266884
0.002242565
0.002268076
0.002264977
0.002295971
0.002243042
0.002257109
0.002277851
0.002276182
0.002365589
0.002308369
0.002317190
0.002260447
0.002244234
0.002279520
0.002287865
0.002355814
0.002309799
0.002238989
0.002243042
0.002238750
0.002232552
0.002236366
0.002242088
0.002239943
0.002242088
0.002238274
0.002233505
0.002266169
0.002256393
0.002287149
0.002281666
0.002239704
0.002275467
0.002259493
0.002267122
0.002272367
0.002275467
0.002278805
0.002238989
0.002242804
0.002266169
0.002233744
0.002243042
0.002248764
0.002271891
0.002254009
0.002262115
0.002243519
0.002238750
0.002244473
0.002235889
0.002239943
0.002239227
0.002236843
0.002244473
0.002242565
0.002242565
0.002254009
0.002309561
0.002277851
0.002281427
0.002245188
0.002260685
0.002263784
0.002281189
0.002268076
0.002266645
0.002240419
0.002269506
0.002249479
0.002238512
0.002251625
0.002238750
0.002270460
0.002238750
0.002307177
0.002246141
0.002245665
0.002308369
0.002267361
0.002292633
0.002256870
0.002246380
0.002242088
0.002238750
0.002253532
0.002241611
0.002243042
0.002240419
0.002240896
0.002236843
0.002249002
0.002281904
0.002264261
0.002242327
0.002259016
0.002239704
0.002261639
0.002249479
0.002241850
0.002243519
0.002266169
0.002242327
0.002248764
0.002277851
0.002270699
0.002237797
0.002275229
0.002240181
0.002243996
0.002342939
0.002243280
0.002237082
0.002246618
0.002247334
0.002269983
0.002269506
0.002241850
0.002243280
0.002257824
0.002269506
0.002245188
0.002243757
0.002236128
0.002278566
0.002238035
0.002237082
0.002255201
0.002241135
0.002263069
0.002243757
0.002262592
0.002240419
0.002242565
0.002243519
0.002239466
0.002236366
0.002248049
0.002244711
0.002241611
0.002241373
0.002244711
0.002239943
0.002240181
0.002237797
0.002322197
0.002240896
0.002264261
0.002242088
0.002241373
0.002267599
0.002275229
0.002239704
0.002248526
0.002270699
0.002235174
0.002244234
0.002247334
0.002269506
0.002259970
0.002236605
0.002236128
0.002315760
0.002238512
0.002240419
0.002238989
0.002284288
0.002245188
0.002248764
0.002245665
0.002240181
0.002240419
0.002242327
0.002295017
0.002272844
0.002240658
0.002242088
0.002256870
0.002253294
0.002243280
0.002246141
0.002242327
0.002236843
0.002236366
0.002244711
0.002273560
0.002237558
0.002240181
0.002241850
0.002234697
0.002256155
0.002275944
0.002242327
0.002235413
0.002235413
0.002247572
0.002246857
0.002242565
0.002241135
0.002261877
0.002241611
0.002239227
0.002242088
0.002232075
0.002293825
0.002235889
0.002234936
0.002249956
0.002239943
0.002248764
0.002246618
0.002251148
0.002319098
0.002246618
0.002244711
0.002294302
0.002235651
0.002288818
0.002242565
0.002246618
0.002243280
0.002269983
0.002279758
0.002247572
0.002247572
0.002237082
0.002240896
0.002238512
0.002269030
0.002234697
0.002285480
0.002283812
0.002238989
0.002241611
0.002235889
0.002231598
0.002244473
0.002242327
0.002279282
0.002236843
0.002245665
0.002238750
0.002238750
0.002238035
0.002239943
0.002236366
0.002243757
0.002250433
0.002243757
0.002227783
0.002254248
0.002237082
0.002236128
0.002239466
0.002235413
0.002239466
0.002238989
0.002238750
0.002243996
0.002300978
0.002237320
0.002262115
0.002243519
0.002246618
0.002255678
0.002275229
0.002238274
0.002247334
0.002239466
0.002245188
0.002236128
0.002243280
0.002238989
0.002237797
0.002270460
0.002280235
0.002238274
0.002259493
0.002293348
0.002240896
0.002255201
0.002287865
0.002235174
0.002237797
0.002260685
0.002286911
0.002240658
0.002244234
0.002276659
0.002287388
0.002237320
0.002294779
0.002249479
0.002282143
0.002248287
0.002283573
0.002243042
0.002242565
0.002254248
0.002252102
0.002244711
0.002260685
0.002273083
0.002277374
0.002242088
0.002243757
0.002298594
0.002286673
0.002236843
0.002236366
0.002247095
0.002284527
0.002259016
0.002262831
0.002244234
0.002240896
0.002257824
0.002265453
0.002248526
0.002238035
0.002267122
0.002247095
0.002241135
0.002238750
0.002256870
0.002245665
0.002242088
0.002243280
0.002252340
0.002259493
0.002247334
0.002243042
0.002265930
0.002258778
0.002239227
0.002268076
0.002240419
0.002273560
0.002242088
0.002236605
0.002240419
0.002242088
0.002262115
0.002247572
0.002261162
0.002272367
0.002251625
0.002249479
0.002245188
0.002241850
0.002241373
0.002242327
0.002239466
0.002244234
0.002310038
0.002310276
0.002243280
0.002244949
0.002264738
0.002257824
0.002237797
0.002253771
0.002243280
0.002243996
0.002246857
0.002309561
0.002247810
0.002240181
0.002255201
0.002294779
0.002243280
0.002243280
0.002249479
0.002254248
0.002253532
0.002244234
0.002260208
0.002280235
0.002241611
0.002236843
0.002256393
0.002263308
0.002236843
0.002246618
0.002277374
0.002246618
0.002253056
0.002275467
0.002247095
0.002246141
0.002253056
0.002283812
0.002247334
0.002250671
0.002244949
0.002248526
0.002239466
0.002240658
0.002260685
0.002255917
0.002238512
0.002238989
0.002266884
0.002281189
0.002241373
0.002274990
0.002238750
0.002274752
0.002250433
0.002286911
0.002236843
0.002250433
0.002251863
0.002281904
0.002259016
0.002243519
0.002271175
0.002266169
0.002306461
0.002236843
0.002244234
0.002328634
0.002269506
0.002290487
0.002239943
0.002248287
0.002268076
0.002255201
0.002281666
0.002235889
0.002265215
0.002238989
0.002259254
0.002251625
0.002246857
0.002245903
0.002245426
0.002258301
0.002241850
0.002241850
0.002240658
0.002241611
0.002245903
0.002248526
0.002245426
0.002272606
0.002290487
0.002296686
0.002270222
0.002243280
0.002267361
0.002236605
0.002304077
0.002249956
0.002242565
0.002239704
0.002303362
0.002243757
0.002251625
0.002239227
0.002269983
0.002242327
0.002302647
0.002239704
0.002266169
0.002249956
0.002255201
0.002237320
0.002247572
0.002294064
0.002249956
0.002235651
0.002247334
0.002235651
0.002257109
0.002315760
0.002248287
0.002243757
0.002298117
0.002236605
0.002265692
0.002238512
0.002266407
0.002243996
0.002245903
0.002261877
0.002306461
0.002247095
0.002275229
0.002244711
0.002264738
0.002261639
0.002291203
0.002238274
0.002266884
0.002335548
0.002329111
0.002353191
0.002332926
0.002352476
0.002252340
0.002259731
0.002246141
0.002247810
0.002236605
0.002234221
0.002238989
0.002234459
