0.003869295
0.000748873
0.000935078
0.001557350
0.002392530
0.000781775
0.000733852
0.000683546
0.002285480
0.000895739
0.000790358
0.000740051
0.002327919
0.000786304
0.000851154
0.000750542
0.002388716
0.000818729
0.000849962
0.000695944
0.002197266
0.000749350
0.000822783
0.000645876
0.002385378
0.000837564
0.000801325
0.000705719
0.002250671
0.001042843
0.000839233
0.000687838
0.002058268
0.000795841
0.000833750
0.000747919
0.002135038
0.000784397
0.000878811
0.000697136
0.002369404
0.000832796
0.001392603
0.000711203
0.002255440
0.000806332
0.000967264
0.000683308
0.002274513
0.000741482
0.001030445
0.000674486
0.002340555
0.000774384
0.000926256
0.000684023
0.002331734
0.000765085
0.000851154
0.000799417
0.002270699
0.000745535
0.001078844
0.000689983
0.002267838
0.000796795
0.000766039
0.000619411
0.002225399
0.000768661
0.000851154
0.000638723
0.002264261
0.000771999
0.000933170
0.000708818
0.002202272
0.000780106
0.000994205
0.000656605
0.002313852
0.000788450
0.000784397
0.000650167
0.002352953
0.000783443
0.000765562
0.000684023
0.002427101
0.000814676
0.000847101
0.000695705
0.002192259
0.000864267
0.000820637
0.000694513
0.002367973
0.000768423
0.001002312
0.000656128
0.002165079
0.000772715
0.001035213
0.000646353
0.002471447
0.000754833
0.000952482
0.000697613
0.002264977
0.000772238
0.000965357
0.000766039
0.002436638
0.000798225
0.000887632
0.000709534
0.002151728
0.000815392
0.001040220
0.000689507
0.002378464
0.000796556
0.000924587
0.000796080
0.002243519
0.000770092
0.000940800
0.000669003
0.002410650
0.000859737
0.001005411
0.000696182
0.002281189
0.000802755
0.000740051
0.000669003
0.002331972
0.000900984
0.000799179
0.000633240
0.002389908
0.000861406
0.000855684
0.000741720
0.002313852
0.000782728
0.000802517
0.000766277
0.002275467
0.000783920
0.000849485
0.000737190
0.002610683
0.000985146
0.000832319
0.000732899
0.002435446
0.000766277
0.000842571
0.000737190
0.002345085
0.000757217
0.000965595
0.000641108
0.002239943
0.000753164
0.000972271
0.000674963
0.002392054
0.000891447
0.000806570
0.000729322
0.002404690
0.000897408
0.000834703
0.000871420
0.002360582
0.000811577
0.000881433
0.000661850
0.002354145
0.000786066
0.000999212
0.000647783
0.002788067
0.000994205
0.000839233
0.000731468
0.002026558
0.000908852
0.000825405
0.000659943
0.002120256
0.000772715
0.001379490
0.000804901
0.002368450
0.000816584
0.000875473
0.000754356
0.002267599
0.000755072
0.000805378
0.000721693
0.002381086
0.000815392
0.001036406
0.000720978
0.002466679
0.000833511
0.000900984
0.000666142
0.002313852
0.000848770
0.000835180
0.000664711
0.002260447
0.000802517
0.000848770
0.000664949
0.002521992
0.000913382
0.000778437
0.000688553
0.002429247
0.000832796
0.001082182
0.000686407
0.002322674
0.000788927
0.000953674
0.000678062
0.002269983
0.000810146
0.001066208
0.000658035
0.002480268
0.000885248
0.000819206
0.000645161
0.002274990
0.000785112
0.000817776
0.000667095
0.002612591
0.000761032
0.000797033
0.000629425
0.002258539
0.000914335
0.000848770
0.000673294
0.002483368
0.000794172
0.000847340
0.000716448
0.002279758
0.000803232
0.001093149
0.000638962
0.002173901
0.000746489
0.000959396
0.000675440
0.002431154
0.000783443
0.000819445
0.000750065
0.002230644
0.000801325
0.000728607
0.000640869
0.002284527
0.000748634
0.000835657
0.000665426
0.002147436
0.000760794
0.000794649
0.000643969
0.002489567
0.000891447
0.000872850
0.000806093
0.002470255
0.000797272
0.000907183
0.000771284
0.002368689
0.000814676
0.001086712
0.000702858
0.002249956
0.000750780
0.000785589
0.000677824
0.002410650
0.000920296
0.000970125
0.000649452
0.002403021
0.000847340
0.000866652
0.000697613
0.002246141
0.000815392
0.000988245
0.000691891
0.002550364
0.000860453
0.000919819
0.000671625
0.002084970
0.000803709
0.000801563
0.000711918
0.002237082
0.000939608
0.000810385
0.000717640
0.002425909
0.000762224
0.000974417
0.000696898
0.002355814
0.000842333
0.000852585
0.000724554
0.002541542
0.000861406
0.000936985
0.000717163
0.002533913
0.000892401
0.000882387
0.000691175
0.002608538
0.000851393
0.001027107
0.000741720
0.002365589
0.000829458
0.000969410
0.000786066
0.002290249
0.000743151
0.000946283
0.000680208
0.002532959
0.001004696
0.000967979
0.000694275
0.002292871
0.000744820
0.000963926
0.000636578
0.002372265
0.000752687
0.000960827
0.000670910
0.002102137
0.000770807
0.001009464
0.000695229
0.002296209
0.000830650
0.000827074
0.000716686
0.002278566
0.000773668
0.000949383
0.000715256
0.002327204
0.001148701
0.000764847
0.000728846
0.002355576
0.000771046
0.000882626
0.000667572
0.002299786
0.000775814
0.001052618
0.000690460
0.002316236
0.000749111
0.000973701
0.000648499
0.001981735
0.001057386
0.000887394
0.000652552
0.002177715
0.000758410
0.000914097
0.000684500
0.002356529
0.000815868
0.000814915
0.000670433
