0.051665068
0.052446604
0.051129818
0.050066233
0.051470757
0.051746368
0.052439690
0.053800821
0.050949335
0.050207138
0.051262617
0.052647591
0.054812670
0.046357632
0.050662994
0.047088385
0.051513672
0.051092148
0.050090313
0.051348448
0.048440695
0.051173687
0.048101187
0.051397324
0.050711632
0.053956747
0.051501989
0.049130440
0.049973726
0.052385807
0.047946215
0.053216934
0.051765680
0.052429676
0.051658392
0.055874109
0.050228357
0.055739403
0.054003954
0.050760031
0.051290035
0.048734426
0.052028656
0.049598455
0.054897547
0.053896189
0.050792694
0.053466320
0.049867153
0.051592827
0.049470663
0.052915573
0.050596952
0.052191734
0.049647331
0.050765991
0.047166824
0.052734137
0.053533554
0.050024509
0.050639153
0.050657988
0.055264711
0.053088427
0.050067425
0.049823523
0.050084829
0.052459955
0.053681374
0.051717281
0.048959732
0.050230742
0.051381350
0.051686525
0.051512241
0.053806067
0.058311462
0.051729202
0.052717447
0.049385548
0.053273678
0.051351547
0.047692776
0.051716328
0.049257517
0.048771858
0.050583601
0.054734945
0.053159475
0.050786018
0.054982424
0.049409389
0.055366516
0.053418875
0.049827576
0.053508282
0.054564953
0.049725294
0.055150270
0.052079439
