0.001233339
0.000286102
0.000439882
0.000231504
0.000474215
0.000259876
0.000302076
0.000195503
0.000338793
0.000237703
0.000395060
0.000224829
0.000371456
0.000222206
0.000300646
0.000195265
0.000357151
0.000217915
0.000347614
0.000216246
0.000314951
0.000217676
0.000807524
0.000298262
0.000203848
0.000200987
0.000306845
0.000232935
0.000225306
0.000215292
0.000201941
0.000206232
0.000219584
0.000216961
0.000213385
0.000197411
0.000208139
0.000289202
0.000355482
0.000237703
0.000255585
0.000228643
0.000266314
0.000219107
0.000257969
0.000234842
0.000261068
0.000221252
0.000253677
0.000221968
0.000307083
0.000226974
0.000298500
0.000223160
0.000300884
0.000225544
0.000294209
0.000239849
0.000350952
0.000226259
0.000271082
0.000238657
0.000295401
0.000226259
0.000273228
0.000236988
0.000267029
0.000229836
0.000353336
0.000364304
0.000318527
0.000458717
0.000312328
0.000364542
0.000288486
0.000353575
0.000213623
0.000303745
0.000191212
0.000279427
0.000198364
0.000283480
0.000194311
0.000293732
0.000195742
0.000269890
0.000195980
0.000277519
0.000193834
0.000284672
0.000197887
0.000282049
0.000196934
0.000248432
0.000194311
0.000274897
0.000194788
0.000287771
0.000193119
0.000220299
