0.120333195
0.006180763
0.002744913
0.001821995
0.001430035
0.001212120
0.001240730
0.020856380
0.003073454
0.000820637
0.001796484
0.001297951
0.000958920
0.001467466
0.000632286
0.000625134
0.003554344
0.001252174
0.000943184
0.000840187
0.000660896
0.001168489
0.000634193
0.000916719
0.002417803
0.001299143
0.001182795
0.000762939
0.000741243
0.000640392
0.000608206
0.000501633
0.002701759
0.000889778
0.001016140
0.001482248
0.000751734
0.000628233
0.000611067
0.000481844
0.002600193
0.001407146
0.001103640
0.001065731
0.000664234
0.000773191
0.000721693
0.000744104
0.002823114
0.001065254
0.001429319
0.001088381
0.000674486
0.000621080
0.000614405
0.000942707
0.004808187
0.000836849
0.001163483
0.001040936
0.000644445
0.001822233
0.000648260
0.000851393
0.003009796
0.000765800
0.001081467
0.000669479
0.000871897
0.000799894
0.000656128
0.000514269
0.002147913
0.002336502
0.000859737
0.000790596
0.001125097
0.000602245
0.001040220
0.000487328
0.002506733
0.001558542
0.000851154
0.000776529
0.000683308
0.001544714
0.000688791
0.000618935
0.002528191
0.000902176
0.001150370
0.000845909
0.000845671
0.001511097
0.001128197
0.000552893
0.002679586
0.000961542
0.005253077
0.000712156
0.000627756
0.000576019
0.000597715
0.000482798
0.002804518
0.002775431
0.000654936
0.000637293
0.000752449
0.000622034
0.000585556
0.000878811
0.002907991
0.000901699
0.000885248
0.000900507
0.000795603
0.000629663
0.000623941
0.001214266
0.002844095
0.001042128
0.000810146
0.307132721
0.000684500
0.000617981
0.000804663
0.000996590
0.002878666
0.001344204
0.000948668
0.001609802
0.000973225
0.000781059
0.000870228
0.000730276
0.002852440
0.001300812
0.000931978
0.000800610
0.000766993
0.000613689
0.000588179
0.000503540
0.002752066
0.001099110
0.000837088
0.000765324
0.000967026
0.000679731
0.000604391
0.000479460
0.002744198
0.001077414
0.000951290
0.000660896
0.000829458
0.000619650
0.000591993
0.000481606
0.002872705
0.000906229
0.000751972
0.000849724
0.000617981
0.001718998
0.000685692
0.000586510
0.002795219
0.000916243
0.000721455
0.000699043
0.000776529
0.000626564
0.000609398
0.000487566
0.003221750
0.001010656
0.001144409
0.000975132
0.000639915
0.000627279
0.000608921
0.000502586
0.003155231
0.001024961
0.000828743
0.000834465
0.000678539
0.002053022
0.000677347
0.000542164
0.002534866
0.001213074
0.000682116
0.001202106
0.000628710
0.001192808
0.000640869
0.000501394
0.002774715
0.001058102
0.000693321
0.000814438
0.001015663
0.000694990
0.000591278
0.000499964
0.002788305
0.001055717
0.000824690
0.000937223
0.000885487
0.000637531
0.000608444
0.000947237
0.003888845
0.000995398
0.000724554
0.000832319
0.000638008
0.001780510
0.000663042
0.000533104
0.003152609
0.001073122
0.000874996
0.000854254
0.000799179
0.000632286
0.000606775
0.000489235
0.003845215
0.000946999
0.000798225
0.000881433
0.000679731
0.000770569
0.000604391
0.000492811
0.002644539
0.001131773
0.000698328
0.000951529
0.000700712
0.000754356
0.000594854
0.000517368
0.002574682
0.001296043
0.000815153
0.000934124
0.000761747
0.000884295
0.000599384
0.000754118
0.002664566
0.001035213
0.000714540
0.000948429
0.000772953
0.000609636
0.000605345
0.000489235
0.002560854
0.000735998
0.000681162
0.000695229
0.000621319
0.001813412
0.000648975
0.000583649
0.002648592
0.000970840
0.000701189
0.000867844
0.000740528
0.000606775
0.000582457
0.000490904
0.002458572
0.000949621
0.000889301
0.001789093
0.000684261
0.001549959
0.000679493
0.000619888
0.002083063
0.001903534
0.000715733
0.000826836
0.000692368
0.000887394
0.000657320
0.000593662
0.002700329
0.001015663
0.000730515
0.000813723
0.000853062
0.000614405
0.000600576
0.000469208
0.003248453
0.000938654
0.000777960
0.000783443
0.000930786
0.000708580
0.000618219
0.000480175
0.003055096
0.000936985
0.000793695
0.000905514
0.000675440
0.001831293
0.000665188
0.000578642
0.002661467
0.001198292
0.000737429
0.000774384
0.000736475
0.000608444
0.000591755
0.000478506
0.002642870
0.001037598
0.000718355
0.000962496
0.000806093
0.000692606
0.000616789
0.000487089
0.002724648
0.001534462
0.000793457
0.000787973
0.000840187
0.000597477
0.000604868
0.000477552
0.002684832
0.001231670
0.001067638
0.000871420
0.000737190
0.000620365
0.000601768
0.000479937
0.002612591
0.001928091
0.000977516
0.000983715
0.000795841
0.000818014
0.000612974
0.000801086
0.002715111
0.001043558
0.000783920
0.000756502
0.000728846
0.000650644
0.000625134
0.000530720
0.003022432
0.001000643
0.000778675
0.000875235
0.000804663
0.000662565
0.000629663
0.000542879
0.002712250
0.001036882
0.000779390
0.000908375
0.000763893
0.000655651
0.000626564
0.000528574
0.002922058
0.001073360
0.000805855
0.000943422
0.000878334
0.000659466
0.000647068
0.000532866
0.003160238
0.001021147
0.000707626
0.000676632
0.001012087
0.000617504
0.000593185
0.000480652
0.003035784
0.000964403
0.000722408
0.000794888
0.000803709
0.000626564
0.000595331
0.001626015
0.002732277
0.001053333
0.000689745
0.000773191
0.000628948
0.001776695
0.000651598
0.000658989
0.002759695
0.001056671
0.000855923
0.000815392
0.000823736
0.000627518
0.000595570
0.000505924
0.002556801
0.001317978
0.000936270
0.000888586
0.000816822
0.000668049
0.000662327
0.000582933
0.002531528
0.000803232
0.000698328
0.000977516
0.000759125
0.000627756
0.000592470
0.000483751
0.002466440
0.001329422
0.000712633
0.000808954
0.000818491
0.000618219
0.000587940
0.000494957
0.002951860
0.001227856
0.000820875
0.000870705
0.000838280
0.000631571
0.000589848
0.000483751
0.002630234
0.000864506
0.000689268
0.000850916
0.000633478
0.000648499
0.000614882
0.000470877
0.002909184
0.000910997
0.000742912
0.000795126
0.000745773
0.001693010
0.000701427
0.000619411
0.002905846
0.001086473
0.000735044
0.000817299
0.000792742
0.000635386
0.000612020
0.000491858
0.002848864
0.001073360
0.000759363
0.000779867
0.000684023
0.001801014
0.000659704
0.000524282
0.002598763
0.000978708
0.000704765
0.000933409
0.000763416
0.000613928
0.000616789
0.000482559
0.002876997
0.000996590
0.000729322
0.000800848
0.000646114
0.001855850
0.000661373
0.000710964
0.003165245
0.000854731
0.000744343
0.000725985
0.000681877
0.001915693
0.000779390
0.000820875
0.002894878
0.001031399
0.001062870
0.000867605
0.000769138
0.000624657
0.000591516
0.000483513
0.002627850
0.001020193
0.000735998
0.001074791
0.000742197
0.000605583
0.000581741
0.000480652
0.002676249
0.001248598
0.000959873
0.000825882
0.000863075
0.000672817
0.000658512
0.000591040
0.002569675
0.000878096
0.000711679
0.000990391
0.000652313
0.001381159
0.000623465
0.000524282
0.002572060
0.000828266
0.000833273
0.000734329
0.000640631
0.001574516
0.000661373
0.000545979
0.002933502
0.000981331
0.001263618
0.001062155
0.000680447
0.000624657
0.000584841
0.000635386
0.002599716
0.001161814
0.001712799
0.000811815
0.000634432
0.000602007
0.000591040
0.000487328
0.002912045
0.000838280
0.000699282
0.000687599
0.000977755
0.000670195
0.000639439
0.000530958
0.003031969
0.000942469
0.000784397
0.001023293
0.000807047
0.000608683
0.000603199
0.000485182
0.003901720
0.001696110
0.001275301
0.001742840
0.000875473
0.000930071
0.000987768
0.000967264
0.002727032
0.000899553
0.000712633
0.001044989
0.000867844
0.000618458
0.000598907
0.000488281
0.002728701
0.000973701
0.000703812
0.000802040
0.000743151
0.000615597
0.000602007
0.001590967
0.002721548
0.001105070
0.000785589
0.000983715
0.000778437
0.000600100
0.000598907
0.000481606
0.002592087
0.001089334
0.000670671
0.000682831
0.000763893
0.000598431
0.000607252
0.000481844
0.002601147
0.001032829
0.000743151
0.000915289
0.000807047
0.000639439
0.000592470
0.000484467
0.002667665
0.000946999
0.000743628
0.001020193
0.000732422
0.000623465
0.000602722
0.000480890
0.003107548
0.000800371
0.000709295
0.000965834
0.000678301
0.000609875
0.000595808
0.000471354
0.002905846
0.000951052
0.000689507
0.000927687
0.000820160
0.000652552
0.000641346
0.000550270
0.003003359
0.001121998
0.000807524
0.000843763
0.000690222
0.001929045
0.000656366
0.000567198
0.003031969
0.001057863
0.000844717
0.001065254
0.000665903
0.000631094
0.000608683
0.000494003
0.002996206
0.001087666
0.000742912
0.001112938
0.000764132
0.000613689
0.001253128
0.000686884
0.002984524
0.000955343
0.000726700
0.001030445
0.000809431
0.000617027
0.000607967
0.000475883
0.002727032
0.000991821
0.000709534
0.000774145
0.000677347
0.001550674
0.000707150
0.000612736
0.002921581
0.000955343
0.000715256
0.000823259
0.000643492
0.001637220
0.000637531
0.000514746
0.002777815
0.000988483
0.000674009
0.000755310
0.000675678
0.001628399
0.000637770
0.000518322
0.002450228
0.001051903
0.000726700
0.000962019
0.000788212
0.000595093
0.000606537
0.000486374
0.002405643
0.000923634
0.000929832
0.000952482
0.000758648
0.001663446
0.000681400
0.000534296
0.002727747
0.001106501
0.000772953
0.000992775
0.000764847
0.000606537
0.000584126
0.000479698
0.003125429
0.000864267
0.000705004
0.000782013
0.000677824
0.001816988
0.000656366
0.000606060
0.002946138
0.001044750
0.000792265
0.000900507
0.000811338
0.000631571
0.000596523
0.000510931
0.002774477
0.000938654
0.000718117
0.000846386
0.000816822
0.000618935
0.000591755
0.000489950
0.002582550
0.001168251
0.000775814
0.001001120
0.000661135
0.000613689
0.000602961
0.000662804
0.003046036
0.000930548
0.000844479
0.000829458
0.000886202
0.000611782
0.000602722
0.000475407
0.002728939
0.001127005
0.000743628
0.000913143
0.000751495
0.000612497
0.000594139
0.000493050
0.002780914
0.000938892
0.000711679
0.000945330
0.000747919
0.000615120
0.000602245
0.000484943
0.003032923
0.000926256
0.000711441
0.000762939
0.000693083
0.001816273
0.000658989
0.000599384
