2.289072514
0.800469875
0.785706043
0.785034657
0.746448994
0.789768219
0.791889906
0.801135778
0.937001705
1.005897760
0.966825724
0.838429928
0.812581778
0.756957293
0.758085966
1.111257553
0.755240679
0.782421589
0.708506584
0.761853695
0.770010948
0.711522341
0.720971584
0.829754114
0.798139334
0.734546423
0.780848980
0.763707399
0.722042561
0.773139715
0.789003134
0.749587536
0.786870480
0.803915024
0.771073341
0.799214840
0.841949463
0.740642309
0.751580238
0.806627274
0.776861191
0.759482145
0.755444288
0.775933504
0.830081463
0.739742994
0.758562565
0.715353012
0.779797316
0.771939993
0.823700190
0.822220802
0.757675886
0.742434025
0.741881371
0.754955292
0.783726931
0.762738228
0.780663967
0.788659573
0.847326279
0.747947693
0.812756062
0.803714037
0.731743813
0.759287834
0.798078775
0.740521908
0.818053722
0.734636784
0.772031307
0.761078596
0.751097202
0.765729189
0.768734932
0.888542652
0.769777775
0.817061901
0.771567345
0.708352566
0.783882618
0.770256042
0.845213413
0.746658802
0.815330029
0.799521446
0.806129456
0.789564133
0.771915436
0.749869585
0.807106495
0.794429779
0.820500135
0.754805088
0.766273737
0.762002230
0.746522427
0.804654121
0.784220934
0.831888199
