0.001590014
0.000497818
0.000333071
0.000285149
0.000419617
0.000456095
0.000434399
0.000634193
0.000512838
0.000439644
0.000391722
0.000290155
0.000462770
0.000412226
0.000294209
0.000383377
0.000296831
0.000746489
0.000316381
0.000193834
0.000194550
0.000363827
0.000495672
0.000479221
0.000333309
0.000347853
0.000244379
0.000192642
0.000371933
0.000327826
0.000392914
0.000289917
0.000193119
0.000266075
0.000313759
0.000213623
0.000292778
0.000294447
0.000287533
0.000284910
0.000368834
0.000336885
0.000302076
0.000306368
0.000326633
0.000220299
0.000278711
0.000324249
0.000283241
0.000279665
0.000246525
0.000220537
0.000340700
0.000279188
0.000202894
0.000301361
0.000333786
0.000243902
0.000335455
0.000214100
0.000341415
0.000254154
0.000343084
0.000229359
0.000239134
0.000349522
0.000322580
0.000386000
0.000281811
0.000255108
0.000424385
0.000304937
0.000254393
0.000282049
0.000260115
0.000285149
0.000262976
0.000248432
0.000253439
0.000312328
0.000265598
0.000240326
0.000247240
0.000252724
0.000266552
0.000304222
0.000235081
0.000355244
0.000274420
0.000321150
0.000358105
0.000274658
0.000254869
0.000271082
0.000340462
0.000274897
0.000259399
0.000293255
0.000353813
0.000244617
0.000329733
0.000269413
0.000326395
0.000375509
0.000237942
0.000303745
0.000231981
0.000253201
0.000247002
0.000325203
0.000267029
0.000235796
0.000302315
0.000236511
0.000272989
0.000225067
0.000251055
0.000243425
0.000302315
0.000273466
0.000275135
0.000234365
0.000535250
0.000365973
0.000306129
0.000207186
0.000190735
