0.211374521
0.072259665
0.068146467
0.053672314
0.054042101
0.053878307
0.054408073
0.054382801
0.053897619
0.054287434
0.054087162
0.054150820
0.054242134
0.048585176
0.050298452
0.055142641
0.054646969
0.056208134
0.057965040
0.057806492
0.057670116
0.057855844
0.057753563
0.057713032
0.057196379
0.054560661
0.054498672
0.048508406
0.057092190
0.057917118
0.057728529
0.057703733
0.057710171
0.057786226
0.057720184
0.057712078
0.057711124
0.057720661
0.057652950
0.057672501
0.057634354
0.051231623
0.055961847
0.058029652
0.057549238
0.057463646
0.057657003
0.057526588
0.057522535
0.057523727
0.057417393
0.057521105
0.057353497
0.057500601
0.057371140
0.051021814
0.055895090
0.057919741
0.057482958
0.057449818
0.057540178
0.057430983
0.057539225
0.057435513
0.057502031
0.057452679
0.057406664
0.057407856
0.057379007
0.050952673
0.057772160
0.058922768
0.057911396
0.057809830
0.057449579
0.057528973
0.057456255
0.057500124
0.057446957
0.058232546
0.058385611
0.057885647
0.057872057
0.051482677
0.056994677
0.058919907
0.058185339
0.057891607
0.057459116
0.057475567
0.058389902
0.058482170
0.057905912
0.057929993
0.057856560
0.057855129
0.057894230
0.051498652
0.057802677
0.058933496
0.058385849
0.057979822
0.057786942
0.057569981
0.058409214
0.058418751
0.058003426
0.057866335
0.057855606
0.057825804
0.057853222
0.051661491
0.057077885
0.057870150
0.057446241
0.057354927
0.057410479
0.057440281
0.057382822
0.057408094
0.057496071
0.057499170
0.058297396
0.058315277
0.057875156
0.051448584
0.058191299
0.057912827
0.057456493
0.057421684
0.057425737
0.057536364
0.057500839
0.057472944
0.057516575
0.057423592
0.057440281
0.058375835
0.058220387
0.051456451
0.056228876
0.057909966
0.057464361
0.057379484
0.057359457
0.057524443
0.057617664
0.057531834
0.057434082
0.057498932
0.057379961
0.057356119
0.057383537
0.051042557
0.056677341
0.058434486
0.058130503
0.057980537
0.057472229
0.057516336
0.057432413
0.057467699
0.057394743
0.057525396
0.057381630
0.057394981
0.057362795
0.051051378
0.056242704
0.057957172
0.057516813
0.057429314
0.057394266
0.057531118
0.057430267
0.057402611
0.057380438
0.057395697
0.057371855
0.057351351
0.057353735
0.051036596
0.056420088
0.058081627
0.057471275
0.057386637
0.057525396
0.057423592
0.057518005
0.057366133
0.057495117
0.057393312
0.057406425
0.057368279
0.057394981
0.050992966
0.055506229
0.058050632
0.057679653
0.057465315
0.057393074
0.057497263
0.057485819
0.057415724
0.057450533
0.057400227
0.057379723
0.057438612
0.057354450
0.051002741
0.056311131
0.058021545
0.057500839
0.057551384
0.057406425
0.057493448
0.057386160
0.057436466
0.057429552
0.057495594
0.057321072
0.057344675
0.057368755
0.051083565
0.057879686
0.057943106
0.057451248
0.057435989
0.057547331
0.057479382
0.057494879
0.057525396
0.057492256
0.057473898
0.057291269
0.057331324
0.057365656
0.051010370
0.054433823
0.057945013
0.057625294
0.057507753
0.057430029
0.057497740
0.057566166
0.057453871
0.057547569
0.057456493
0.057354689
0.057369947
0.057374716
0.050988436
0.057390928
0.057890177
0.057484150
0.057450771
0.057345390
0.057438374
0.057351351
0.057446241
0.057783604
0.057450294
0.057360649
0.057388067
0.057344675
0.051012278
0.055209637
0.058005571
0.057703018
0.057795763
0.057416201
0.057476521
0.057383299
0.057376385
0.057360172
0.057363033
0.057404757
0.057495117
0.057365179
0.051061153
0.057313204
0.058016539
0.057465553
0.057530880
0.057392836
0.057425737
0.057405233
0.057424307
0.057379246
0.057411194
0.057368994
0.057371140
0.057356119
0.051066399
0.054993629
0.057936907
0.057676792
0.057486057
0.057431698
0.057365179
0.057378054
0.057504892
0.057405710
0.057494640
0.057367325
0.057380438
0.057482719
0.051027775
0.057804823
0.057936907
0.057338953
0.057505608
0.057471991
0.057362795
0.057423830
0.057379484
0.057487726
0.057393551
0.057354689
0.057338476
0.057364702
0.051020384
0.057576180
0.057859659
0.057480335
0.057410955
0.057393551
0.057402849
0.057371855
0.057420015
0.057370424
0.057409286
0.057352066
0.057335854
0.057366848
0.051016808
0.057946444
0.057444096
0.057409763
0.057488203
0.057409525
0.057481050
0.057410002
0.057456732
0.057418346
0.057458162
0.057377100
0.057322741
0.057379484
0.051006794
0.057821989
0.057923317
0.057423830
0.057517529
0.057385206
0.057500362
0.057389975
0.057501316
0.057431698
0.057521105
0.057362080
0.057340384
0.057346582
0.050977468
0.055605650
0.057923555
0.057657957
0.057508707
0.057522058
0.057354450
0.057487249
0.057503939
0.057399511
0.057478905
0.057344675
0.057366133
0.057288647
0.050986767
0.056828260
0.057876348
0.057543993
0.057395458
0.057470560
0.057515621
0.057443142
0.057551622
0.057517529
0.057415009
0.057434559
0.057390213
0.057368279
0.051012993
0.055190563
0.057900190
0.057672977
0.057577610
0.057456732
0.057575941
0.057497501
0.057472467
0.057371140
0.057446718
0.057322025
0.057346106
0.057433605
0.050983429
0.055402994
0.057954073
0.057530880
0.057415724
0.057385206
0.057476282
0.057422876
0.057474136
0.057414055
0.057473660
0.057357311
0.057355881
0.057359934
0.051011562
0.056232691
0.057900190
0.057514906
0.057528019
0.057373047
0.057512283
0.057419777
0.057487249
0.057362556
0.057554483
0.057468176
0.057447433
0.057367086
0.051003695
0.056645393
0.057884693
0.057461739
0.057429314
0.057416201
0.057426214
0.057421207
0.057386875
0.057475805
0.057434082
0.057388544
0.057396650
0.057438612
0.051008701
0.056065798
0.057923079
0.057559729
0.057407618
0.057449341
0.057416916
0.057439804
0.057525873
0.057532072
0.057546854
0.057397604
0.057377338
0.057382345
0.051032066
0.055335522
0.057933331
0.057584763
0.057444811
0.057509899
0.057497978
0.057516336
0.057519674
0.057406187
0.057488441
0.057411432
0.057346106
0.057328224
0.050978422
0.055391312
0.057851076
0.057531595
0.057399035
0.057572365
0.057435036
0.057355165
0.057457209
0.057466269
0.057360888
0.057366371
0.057337761
0.057360649
0.051027536
0.057894945
0.057912111
0.057395697
0.057559490
0.057455063
0.057471752
0.057412148
0.057523012
0.057372093
0.057312012
0.057346344
0.057371616
0.057312489
0.051040411
0.055585146
0.057961464
0.057590246
0.057436466
0.057602406
0.057410240
0.057498932
0.057472467
0.057505131
0.057520628
0.057375908
0.057349682
0.057332993
0.050989866
0.057978630
0.058006048
0.057502747
0.057444572
0.057464838
0.057444096
0.057461023
0.057410717
0.057338476
0.057448387
0.057382345
0.057357073
0.057357073
0.051011562
0.056489229
0.057934046
0.057464123
0.057515621
0.057388544
0.057504177
0.057394743
0.057406187
0.057381153
0.057614565
0.057391405
0.057332993
0.057342768
0.051108599
0.056894541
0.057888508
0.057480812
0.057449341
0.057541609
0.057498217
0.057394743
0.057494402
0.057504892
0.057405233
0.057433605
0.057382584
0.057379723
0.051049948
0.055959940
0.057905912
0.057486534
0.057580709
0.057517290
0.057413816
0.057451963
0.057433367
0.057390451
0.057490826
0.057389021
0.057373285
0.057390213
0.050995350
0.058480263
0.057848215
0.057691574
0.057446480
0.057484388
0.057410717
0.057512045
0.057431698
0.057728529
0.057492971
0.057358742
0.057363987
0.057384491
0.051030397
0.057815313
0.057875156
0.057418108
0.057760954
0.057456255
0.057580948
0.057375908
0.057520628
0.057410240
0.057477474
0.057467461
0.057373047
0.057310104
0.051031590
0.057797909
0.057391644
0.057438850
0.057483912
0.057514429
0.057403326
0.057491064
0.057357550
0.057506561
0.057453394
0.057386160
0.057404518
0.057392359
0.051062346
0.057354212
0.057895422
0.057408094
0.057508230
0.057405949
0.057613611
0.057533264
0.057540417
0.057457447
0.057429790
0.057366848
0.057357550
0.057368994
0.050989151
0.055850744
0.058042526
0.057470560
0.057375908
0.057557344
0.057383299
0.057539940
0.057404518
0.057543516
0.057434797
0.057495356
0.057378769
0.057375669
0.051014662
0.056592703
0.057934999
0.057467937
0.057370901
0.057458401
0.057412148
0.057451725
0.057526112
0.057523012
0.057427406
0.057440758
0.057410240
0.057378769
0.051032066
0.057916880
0.057565451
0.057415009
0.057490349
0.057460070
0.057460785
0.057368994
0.057417154
0.057526112
0.057470322
0.057339191
0.057365656
0.057357073
0.051001787
0.056236744
0.057932138
0.057453156
0.057434797
0.057403564
0.057497978
0.057406902
0.057433367
0.057412386
0.057521343
0.057378054
0.057382822
0.057381868
0.051044226
0.056221008
0.057949305
0.057512999
0.057443857
0.057509661
0.057660341
0.057422161
0.057530880
0.057353735
0.057501793
0.057387352
0.057386637
0.057388067
0.051000595
0.054532766
0.057976246
0.057641029
0.057518482
0.057365894
0.057423115
0.057526112
0.057399750
0.057528496
0.057450533
0.057411432
0.057374954
0.057397842
0.050997257
0.054769754
0.057914734
0.057596684
0.057451010
0.057527065
0.057463408
0.057557106
0.057436943
0.057515144
0.057420969
0.057374477
0.057373762
0.057376146
0.051009178
0.056457520
0.057937145
0.057598352
0.057452440
0.057481766
0.057590961
0.057588816
0.057519436
0.057365417
0.057508707
0.057440281
0.057352543
0.057324409
0.051027536
0.055341005
0.057889700
0.057591915
0.057375193
0.057504654
0.057366610
0.057489395
0.057554245
0.057443380
0.057443619
0.057461739
0.057440758
0.057409048
0.050994396
0.057934523
0.057956457
0.057446957
0.057443142
0.057518959
0.057460308
0.057427168
0.057544231
0.057430267
0.057519913
0.057470798
0.057369232
0.057371616
0.051038027
0.056042671
0.058087587
0.057672739
0.057428122
0.057409048
0.057496786
0.057554007
0.057401657
0.057410955
0.057488441
0.057384729
0.057381153
0.057386637
0.051062584
0.054702520
0.058025837
0.057538271
0.057367563
0.057433605
0.057534456
0.057401419
0.057435036
0.057438612
0.057362795
0.057384491
0.057359695
0.057334900
0.051007509
0.056967735
0.058004141
0.057680845
0.057530880
0.057457685
0.057455301
0.057433605
0.057413816
0.057442904
0.057437897
0.057304144
0.057406902
0.057384014
0.050981045
0.056092978
0.057975054
0.057528973
0.057539225
0.057647943
0.057510376
0.057512760
0.057427168
0.057522058
0.057455540
0.057369947
0.057360411
0.057359457
0.050932884
0.053944349
0.058045626
0.057744980
0.057522297
0.057406425
0.057562828
0.057404041
0.057542086
0.057384729
0.057411432
0.057396412
0.057362080
0.057376146
0.051007271
0.057965279
0.057877064
0.057480574
0.057450294
0.057493687
0.057399511
0.057493925
0.057448626
0.057504416
0.057439566
0.057509422
0.057379246
0.057332516
0.051017046
0.058004618
0.057843924
0.057346821
0.057504177
0.057450771
0.057492971
0.057554007
0.057514429
0.057477474
0.057509184
0.057346582
0.057391644
0.057354450
0.051026821
0.056631565
0.057999849
0.057610035
0.057441235
0.057451725
0.057489872
0.057619810
0.057434797
0.057521820
0.057591438
0.057394505
0.057455063
0.057412863
0.051052332
0.055426836
0.057961941
0.057748318
0.057525873
0.057456493
0.057549000
0.057518005
0.057558298
0.057428122
0.057363033
0.057348728
0.057355404
0.057358742
0.051240444
0.056397676
0.058057547
0.057415485
0.057498455
0.057365894
0.057519436
0.057458401
0.057652473
0.057397842
0.057361126
0.057371378
0.057406902
0.057386875
0.050990343
0.056463718
0.057872057
0.057939053
0.057395935
0.057411671
0.057427883
0.057456970
0.057437658
0.057457447
0.057507038
0.057370663
0.057370663
0.057362556
0.050995588
0.056998014
0.058009863
0.057470322
0.057523251
0.057426691
0.057489634
0.057604551
0.057444572
0.057452679
0.057416916
0.057446957
0.057387590
0.057494164
0.051030636
0.057384253
0.057912111
0.057521105
0.057496309
0.057422638
0.057528019
0.057391405
0.057515383
0.057448149
0.057422400
0.057436466
0.057427168
0.057444811
0.050982237
0.054812670
0.058053970
0.057670116
0.057419777
0.057422161
0.057508469
0.057428598
0.057464838
0.057514906
0.057552338
0.057360411
0.057302713
0.057327986
0.051015615
0.057595968
0.057886839
0.057400703
0.057502031
0.057352543
0.057556152
0.057383776
0.057462692
0.057440042
0.057528973
0.057374001
0.057355404
0.057358265
0.051038980
0.056197166
0.058071852
0.057523251
0.057428837
0.057446480
0.057471514
0.057464123
0.057392597
0.057427883
0.057388067
0.057341576
0.057340145
0.057345867
0.051012278
0.057287216
0.057986498
0.057430029
0.057506084
0.057433605
0.057550430
0.057543278
0.057575703
0.057518959
0.057431459
0.057422400
0.057358980
0.057372093
0.051021576
0.057285547
0.057878733
0.057399273
0.057527542
0.057524443
0.057422161
0.057435751
0.057419062
0.057498693
0.057351351
0.057392120
0.057361841
0.057354927
0.050974846
0.057748795
0.058026075
0.057416439
0.057353973
0.057455063
0.057430983
0.057499409
0.057433367
0.057512283
0.057425261
0.057356358
0.057367563
0.057390928
0.051074028
0.058132172
0.057893038
0.057462931
0.057433844
0.057430267
0.057404280
0.057416201
0.057389021
0.057445765
0.057433128
0.057358503
0.057472229
0.057383060
0.051030874
0.055701017
0.057986736
0.057631016
0.057407379
0.057485104
0.057424068
0.057498217
0.057397127
0.057400942
0.057421446
0.057368279
0.057395458
0.057412148
0.051030636
0.054777145
0.057997704
0.057620287
0.057373524
0.057428122
0.057395458
0.057476997
0.057501554
0.057405949
0.057405233
0.057383060
0.057361126
0.057374239
0.050993443
0.057750702
0.057850838
0.057458162
0.057411194
0.057365417
0.057377577
0.057424784
0.057501316
0.057435274
0.057486296
0.057362556
0.057368279
0.057362795
0.050990820
0.055891991
0.057879925
0.057670832
0.057384491
0.057476521
0.057408810
0.057433367
0.057374239
0.057514906
0.057431936
0.057431459
0.057423830
0.057339907
0.051018000
0.057113647
0.058260918
0.057729959
0.057484388
0.057440758
0.057410955
0.057411194
0.057497263
0.057419538
0.057651520
0.057486296
0.057455301
0.057391167
0.051061153
0.056615353
0.058048248
0.057677031
0.057526588
0.057473660
0.057525158
0.057374239
0.057510853
0.057395935
0.057517529
0.057397127
0.057425499
0.057368755
0.050998688
0.057381153
0.057880163
0.057460070
0.057405472
0.057416916
0.057446241
0.057418585
0.057405710
0.057348013
0.057424307
0.057397366
0.057389736
0.057475805
0.050953388
0.057809591
0.058019638
0.057404280
0.057500124
0.057464600
0.057515144
0.057583809
0.057516813
0.057429314
0.057397604
0.057355642
0.057382107
0.057373047
0.051004410
0.056793690
0.057859898
0.057547808
0.057402611
0.057433844
0.057397842
0.057473183
0.057525158
0.057384729
0.057656527
0.057411671
0.057344437
0.057370901
0.051043272
0.055672169
0.058049440
0.057715416
0.057546139
0.057536125
0.057536840
0.057482481
0.057538509
0.057434082
0.057486534
0.057371616
0.057362080
0.057378054
0.051020384
0.058063269
0.057953835
0.057469606
0.057457924
0.057505608
0.057426691
0.057517529
0.057451487
0.057474375
0.057412863
0.057351589
0.057367325
0.057370424
0.051021338
0.057714939
0.058074951
0.057467699
0.057481050
0.057564974
0.057699203
0.057428837
0.057505369
0.057459593
0.057393551
0.057394981
0.057397127
0.057387590
0.051290274
0.055876970
0.057951927
0.057679653
0.057496071
0.057494164
0.057385206
0.057507515
0.057646751
0.057486057
0.057536364
0.057417393
0.057492495
0.057419777
0.051069498
0.056001425
0.057888746
0.058036804
0.057685852
0.057526350
0.057642937
0.057446957
0.057445288
0.057449102
0.057421446
0.057379246
0.057363510
0.057476282
0.050985575
0.057105064
0.058048487
0.057518244
0.057453156
0.057501078
0.057395935
0.057436228
0.057437181
0.057435274
0.057456732
0.057347775
0.057423592
0.057480335
0.051105022
0.057377338
0.057972908
0.057484388
0.057449818
0.057594299
0.057523727
0.057394028
0.057508230
0.057474136
0.057535887
0.057470798
0.057349205
0.057369947
0.051012516
0.057686806
0.058001041
0.057400942
0.057448149
0.057535887
0.057478905
0.057445049
0.057490826
0.057427406
0.057509422
0.057344198
0.057383537
0.057443619
0.051058531
0.058060169
0.057911396
0.057475328
0.057394505
0.057497978
0.057443380
0.057471991
0.057501078
0.057345152
0.057480335
0.057358742
0.057366371
0.057381392
0.051042080
0.056737661
0.057945013
0.057488203
0.057432413
0.057506323
0.057534695
0.057470798
0.057400703
0.057392597
0.057414532
0.057380438
0.057333469
0.057353735
0.051019430
0.058808088
0.057890892
0.057458401
0.057384253
0.057522774
0.057410717
0.057496548
0.057331085
0.057400942
0.057348013
0.057358265
0.057373285
0.057338238
0.051002026
0.055606365
0.057959795
0.057697773
0.057440996
0.057515860
0.057403326
0.057405472
0.057412624
0.057441473
0.057411671
0.057390928
0.057367325
0.057504892
0.051209450
0.056168318
0.057964087
0.057521582
0.057414770
0.057410717
0.057531357
0.057467222
0.057579994
0.057542562
0.057490110
0.057378769
0.057290554
0.057364464
0.051007271
0.054492235
0.058044672
0.057619333
0.057443857
0.057495832
0.057452202
0.057518244
0.057489634
0.057515860
0.057543755
0.057473660
0.057388544
0.057361126
0.050977230
0.057666302
0.057954788
0.057446241
0.057420254
0.057404518
0.057529688
0.057428837
0.057430267
0.057435989
0.057496548
0.057375669
0.057360649
0.057357788
0.051023483
0.057800293
0.058008671
0.057414532
0.057475567
0.057472229
0.057503700
0.057445288
0.057458639
0.057443857
0.057503223
0.057329416
0.057377577
0.057373047
0.051012278
