0.999117613
0.826434851
0.862852335
0.858594894
0.848334074
0.864340544
0.859960079
0.854023695
0.859000921
0.860520363
0.856450796
0.851324797
0.844830751
0.856823444
0.851127148
0.848558903
0.859580755
0.857687950
0.860398293
0.843318939
0.848451853
0.844812870
0.849536657
0.853873730
0.846992731
0.849610806
0.847741127
0.857331514
0.852089643
0.850168228
0.856258869
0.850603580
0.849219799
0.846396446
0.853922606
0.848091364
0.850223064
0.850278854
0.848658562
0.863696337
0.848470449
0.859704494
0.849721432
0.846318483
0.847923040
0.848176003
0.850996971
0.852049828
0.854225159
0.862801313
0.846563578
0.847964764
0.856517792
0.845358372
0.858072042
0.846288443
0.845192671
0.850520372
0.846201658
0.859517097
0.846482515
0.852871656
0.856285334
0.854791641
0.847829103
0.848317623
0.848249435
0.852984190
0.844554663
0.845082283
0.858114719
0.848861217
0.850682735
0.853487015
0.854876518
0.844282150
0.847898722
0.849537611
0.852788687
0.849512815
0.852982998
0.860361099
0.859988689
0.853715897
0.847244501
0.856487036
0.849425077
0.853087425
0.846345663
0.864347219
0.849125147
0.848993301
0.846457005
0.857891798
0.852529764
0.846554279
0.857315302
0.847642899
0.848709345
0.848415375
