0.010916948
0.010836363
0.011032343
0.010985374
0.011008263
0.011003733
0.011034727
0.010969162
0.010992765
0.011008024
0.011010170
0.010977030
0.010902166
0.010919094
0.010922909
0.010909557
0.010882854
0.010915041
0.010932922
0.010906219
0.010922670
0.010896206
0.010901451
0.010909081
0.010940552
0.011013746
0.010904789
0.010904312
0.010907412
0.010903835
0.010922432
0.010911226
0.010920763
0.010905981
0.010895014
0.010905504
0.010899305
0.010908842
0.010923624
0.010913372
0.010910273
0.010929823
0.010929585
0.010899305
0.010896206
0.010912895
0.010936499
0.010948896
0.010931730
0.010910034
0.010900497
0.010926962
0.010938406
0.010933399
0.010898829
0.011146784
0.010907173
0.011030912
0.011047602
0.011277676
0.010938406
0.010942698
0.010898829
0.010919571
0.010907412
0.010941505
0.010925055
0.010933161
0.010916471
0.010903835
0.010898352
0.010924816
0.010939121
0.010920048
0.010932684
0.011162519
0.011071920
0.010892153
0.011044264
0.011036873
0.011052847
0.010907412
0.011043549
0.011037111
0.010930777
0.010964394
0.010908365
0.010905266
0.010920763
0.010961771
0.010917425
0.010921240
0.010911703
0.010929108
0.010903597
0.010933638
0.010942459
0.010912180
0.010940075
0.010921478
0.010918617
0.010936737
0.010898352
0.010897636
0.011048317
0.010910273
0.010902405
0.010912418
0.010936499
0.010928392
0.010914803
0.010906935
0.010927439
0.010930777
0.010951996
0.010932684
0.010933876
0.010935783
0.010900259
0.010938644
0.010915518
0.010954857
0.010910273
0.010951996
0.010954380
0.010962248
0.010940790
0.010943651
0.010915279
0.010907412
0.010962725
0.010920048
0.010916710
0.010910511
0.010959625
0.010967255
0.010956049
0.010944843
0.010954857
0.010949373
0.010892630
0.010958672
0.010935783
0.010904312
0.010921240
0.010890007
0.010937929
0.010933161
0.010920763
0.010940075
0.010934591
0.010926008
0.010927677
0.010888815
0.010951996
0.010928392
0.010951042
0.010900736
0.010906935
0.010921478
0.010914087
0.010933161
0.010983706
0.010943174
0.010905266
0.010962963
0.010921001
0.010955572
0.010916710
0.010953665
0.010927200
0.011032581
0.011090994
0.010927677
0.010909557
0.010950327
0.011062622
0.011026382
0.010925055
0.010921240
0.010942459
0.010941982
0.010931969
0.010955334
0.010951281
0.010939121
0.010967493
0.010934830
0.010915041
0.010940313
0.010974646
0.010941267
0.010934830
0.011001110
0.010940552
0.010928869
0.010910273
0.010918379
0.010917425
0.010910749
0.010907173
0.010938168
0.010915756
0.010957241
0.010914803
0.010912657
0.010918856
0.010907412
0.010941029
0.010929346
0.010938644
0.010942936
0.010921955
0.010936022
0.010945559
0.010936022
0.010924339
0.010902882
0.010912657
0.010915041
0.010923386
0.010923624
0.010884047
0.010923147
0.010935068
0.010928154
0.010909081
0.010961294
0.010904551
0.010915995
0.010955095
0.010899067
0.010927677
0.010950327
0.010900974
0.010953665
0.010954618
0.010968447
0.010908127
0.010937691
0.010958195
0.010994196
0.010926962
0.010928631
0.010953426
0.010914326
0.010904074
0.010915041
0.010895967
0.010951519
0.010939598
0.010931969
0.010944366
0.010905266
0.010925293
0.010933876
0.010942459
0.010940313
0.010905266
0.010939837
0.010911942
0.010927916
0.010912657
0.010917187
0.010920048
0.010925531
0.010937214
0.010956287
0.010919571
0.010972023
0.010936499
0.011197090
0.010904074
0.010916948
0.010943651
0.010917425
0.010910273
0.010903597
0.010911465
0.010928154
0.010910273
0.010926008
0.010949612
0.010909796
0.010900497
0.010952473
0.010892868
0.010929823
0.010957241
0.010917664
0.010957241
0.010936737
0.010922432
0.010935545
0.010920048
0.010919809
0.010917425
0.010908842
0.010961294
0.010913134
0.010922909
0.010906935
0.010901213
0.010927439
0.010910749
0.010918856
0.010983467
0.010919333
0.010915756
0.010903120
0.010912180
0.010989666
0.010939837
0.010924339
0.010888100
0.010926247
0.010939121
0.010910273
0.010926247
0.010896683
0.010933161
0.010895729
0.010915756
0.010918379
0.010904789
0.010887146
0.010889053
0.010919094
0.010917187
0.010932207
0.010900021
0.010933638
0.010924339
0.010946274
0.010935307
0.010921955
0.010919094
0.010915518
0.010913134
0.010907412
0.010924339
0.010921478
0.010937929
0.010913610
0.010934353
0.010911703
0.010925770
0.010939121
0.010924339
0.010930300
0.010940313
0.010911226
0.010926485
0.010963440
0.010956764
0.010933876
0.010923624
0.010932684
0.010915041
0.010927200
0.010951042
0.010909081
0.010918379
0.010948181
0.010923862
0.010943890
0.010929585
0.010938644
0.010924816
0.010911703
0.010933876
0.010930777
0.010919571
0.010931015
0.010960817
0.010906935
0.010956049
0.010935307
0.010925531
0.010929823
0.010951757
0.010921955
0.010937452
0.010942698
0.010909557
0.010924101
0.010923862
0.010901690
0.010925531
0.010920048
0.010903835
0.010921240
0.010902166
0.010926485
0.010945320
0.010900497
0.010944605
0.010946274
0.010933638
0.010945320
0.010938168
0.010919571
0.010934114
0.010928631
0.010911703
0.010943890
0.010913134
0.010927439
0.010945559
0.010926008
0.010929585
0.010920763
0.010921240
0.010913849
0.010906935
0.010900021
0.010918856
0.010888338
0.010925770
0.010918140
0.010928869
0.010939598
0.010922194
0.010930777
0.010925770
0.010928154
0.010915041
0.010920286
0.010927677
0.010941744
0.010915518
0.010904551
0.010927677
0.010940313
0.010924101
0.010916710
0.010912895
0.010913134
0.010935783
0.010949135
0.010923147
0.010915518
0.010911703
0.010909319
0.010967016
0.010894537
0.010973930
0.010915518
0.010918140
0.010919094
0.010984421
0.010910749
0.010962009
0.010972977
0.010951281
0.010970592
0.010929346
0.010905743
0.010906696
0.010926247
0.010920525
0.010926485
0.010910749
0.010919571
0.010915518
0.010913610
0.010930777
0.010907888
0.010905504
0.010907173
0.010928631
0.010905027
0.010897398
0.010954142
0.010927200
0.010922909
0.010919094
0.010934114
0.010911942
0.010938644
0.010928869
0.010900974
0.010916471
0.010931015
0.010892868
0.010987520
0.011042356
0.011038542
0.011029959
0.010914326
0.011033535
0.010926247
0.010944366
0.010960579
0.010982513
0.010942221
0.010907173
0.010954618
0.010917664
0.010934591
0.010958672
0.010935068
0.010942221
0.010917187
0.010951996
0.010938644
0.010934830
0.010912180
0.010942936
0.010943413
0.010940313
0.010931492
0.010924339
0.010904074
0.010908842
0.010920048
0.010924578
0.010913372
0.010932684
0.010926247
0.010941029
0.010930777
0.010939598
0.010903835
0.010934353
0.010926247
0.010914803
0.010926247
0.010937214
0.010923386
0.010939360
0.010912418
0.010949850
0.010919333
0.010895491
0.010912418
0.010955811
0.010915756
0.010937691
0.010916948
0.010925293
0.010918617
0.010935545
0.010927916
0.010959864
0.010941505
0.010913134
0.010925293
0.010938883
0.010931969
0.010932207
0.010921001
0.010948420
0.010926485
0.010939837
0.010934353
0.010930777
0.010927677
0.010955095
0.010943651
0.010938644
0.010918617
0.010916948
0.010926723
0.010965109
0.010929823
0.010952711
0.010903835
0.010922432
0.010908365
0.010948181
0.010908604
0.010931969
0.010898352
0.010913849
0.010938406
0.010943174
0.010917664
0.010953665
0.010900974
0.010940552
0.010902166
0.010932207
0.010947227
0.010934591
0.010914087
0.010950089
0.010935783
0.010937929
0.010931253
0.010922194
0.010919809
0.010940552
0.010921001
0.010941505
0.010928631
0.010908365
0.010894537
0.010907412
0.010910988
