0.011392832
0.002549887
0.002354622
0.002324104
0.008332968
0.004206896
0.002493620
0.002859592
0.002360582
0.002102852
0.004318714
0.002407312
0.002526045
0.002381802
0.002035856
0.004875898
0.002941608
0.002939939
0.003024817
0.002030134
0.004170895
0.002428055
0.003200531
0.002515078
0.002033472
0.004263639
0.002549887
0.002648354
0.002407551
0.001973629
0.004240513
0.002429724
0.002492905
0.002522945
0.001948595
0.004071712
0.002504826
0.003034115
0.002384424
0.001893520
0.004250526
0.002428293
0.002420902
0.002340794
0.002043009
0.004354954
0.002391577
0.002402782
0.002311945
0.001931906
0.004358053
0.002421379
0.002471209
0.002312183
0.001898766
0.004281998
0.002422333
0.002490044
0.002317667
0.001866341
0.004722357
0.002483606
0.002521038
0.002330303
0.002044439
0.004516125
0.002496004
0.002579689
0.002373934
0.001961231
0.004265070
0.002495050
0.002775192
0.002415895
0.002134085
0.004614830
0.002546787
0.002600193
0.002426147
0.002245665
0.004455566
0.002725840
0.002550840
0.002321959
0.002110243
0.004381657
0.002353907
0.002528667
0.002368212
0.001922131
0.004220724
0.002513409
0.003050089
0.002480030
0.001998663
0.004465342
0.002433062
0.002366304
0.002339125
0.002053499
0.004036665
0.002460480
0.002854109
0.002498150
0.001928329
0.004106283
0.002538681
0.002462864
0.002319336
0.001909018
0.004497528
0.002530575
0.002579927
0.002593517
0.002114058
0.004302740
0.002423048
0.002420902
0.002324104
0.002026796
0.004207850
0.002514124
0.002467155
0.002316236
0.001878500
0.004394054
0.002439499
0.002553940
0.002310753
0.001902342
0.004355431
0.002454758
0.002748728
0.002424717
0.002069950
0.004445314
0.002404451
0.002530575
0.002313614
0.001907825
0.004002810
0.002556562
0.002851009
0.002509356
0.001899004
0.004035473
0.002411604
0.002466440
0.002354383
0.002072334
0.004316568
0.002445936
0.002661228
0.002317667
0.001847267
0.004397392
0.002437592
0.002609730
0.002355099
0.001885891
0.004325628
0.002410889
0.002367973
0.002333879
0.001917362
0.004043341
0.002364159
0.002549410
0.002413273
0.001956463
0.004183054
0.002479076
0.002722025
0.002369165
0.001902819
0.004140854
0.002439022
0.002644300
0.002374887
0.002084732
0.004326105
0.002381563
0.002382517
0.002315044
0.001919031
0.004195452
0.002437115
0.002596140
0.002567291
0.002050400
0.004291296
0.002546787
0.002519608
0.002537012
0.002149820
0.004367828
0.002514839
0.002601624
0.002409458
0.002038479
0.004400969
0.002556324
0.002603292
0.002422810
0.002099752
0.004480362
0.002760649
0.002715588
0.002408266
0.001965523
0.004175425
0.002528429
0.002435923
0.002333164
0.001885891
0.004428864
0.002351522
0.002397299
0.002439260
0.002102613
0.004176855
0.002457142
0.003075361
0.002597809
0.002084970
0.004287481
0.002575159
0.002636194
0.002344131
0.002087116
0.004140615
0.002467632
0.002753735
0.002312422
0.001994610
0.004276276
0.002466202
0.002556562
0.002387524
0.001912355
0.004443884
0.002566576
0.002433300
0.002358913
0.001957893
0.004437685
0.002584457
0.002835512
0.002501249
0.002103806
0.004346132
0.002444506
0.002412796
0.002351761
0.002065182
0.004546404
0.002499580
0.002507925
0.002479553
0.002031326
0.004436255
0.002573252
0.003027201
0.002449274
0.002051353
0.004650354
0.002518892
0.002663374
0.002394676
0.002078056
0.004260063
0.002378225
0.002645731
0.002368450
0.001943111
0.004020214
0.002411842
0.002480507
0.002357006
0.002089739
0.004137993
0.002431631
0.002425432
0.002432346
0.001940727
0.004327536
0.002483606
0.002660990
0.002335787
0.002104759
0.003991365
0.002581120
0.002470493
0.002327442
0.002035618
0.004595518
0.002528429
0.002592802
0.002375841
0.002013206
0.004480839
0.002490759
0.002477884
0.002355337
0.002020597
0.004572630
0.002512455
0.002431393
0.002350092
0.002092123
0.004424095
0.002498627
0.002879858
0.002409220
0.002138376
0.004543304
0.002507448
0.002428770
0.002475262
0.002030134
0.004657745
0.002529621
0.002658606
0.002659082
0.002023697
0.004341364
0.002474308
0.002506971
0.002459764
0.001968622
0.004401445
0.002401829
0.002541780
0.002413273
0.001943350
0.004554033
0.002712965
0.002705097
0.002509356
0.002125502
0.004540205
0.002495766
0.002637625
0.002361059
0.001964092
0.004330397
0.002441883
0.002555132
0.002365351
0.001922607
0.004130125
0.002513409
0.002718925
0.002330780
0.001872301
0.004067421
0.002422094
0.002512455
0.002354860
0.001888752
0.004338264
0.002640486
0.002511978
0.002345324
0.002054691
0.004481792
0.002599239
0.002502918
0.002362013
0.001993179
0.004546881
0.002575636
0.002441645
0.002428770
0.002189636
0.004198313
0.002413988
0.002382517
0.002346039
0.001923084
0.004270792
0.002491236
0.002610922
0.002457142
0.002146244
0.004109383
0.002394438
0.002543449
0.002461672
0.001933813
0.004377842
0.002420664
0.002528667
0.002329111
0.001873255
0.004181385
0.002530098
0.002723217
0.002330065
0.001876354
0.004294395
0.002540350
0.002844095
0.002438784
0.001958370
0.004535675
0.002359152
0.002465487
0.002315283
0.001901150
0.003997326
0.002431631
0.002520323
0.002324343
0.002054214
0.004578590
0.002508163
0.002698898
0.002464771
0.001974821
0.004184961
0.002368450
0.002376318
0.002329111
0.002065420
0.004333258
0.002454519
0.002430201
0.002309322
0.002029657
0.004283905
0.002385378
0.002525091
0.002319813
0.001867294
0.004368544
0.002421379
0.002474785
0.002440214
0.002014399
0.004729033
0.002677679
0.002676725
0.002321959
0.002063513
0.004071712
0.002396345
0.002872467
0.002312660
0.001844883
0.004410744
0.002419710
0.002821445
0.002345324
0.001893759
0.004262447
0.002422571
0.002433538
0.002331018
0.001952887
0.004448652
0.002480984
0.002564669
0.002425194
0.001962185
0.004231453
0.002505779
0.002741098
0.002377510
0.001899719
0.004226685
0.002440453
0.002820492
0.002338409
0.001890182
0.005019188
0.002976656
0.002482414
0.002485991
0.001943588
0.004008532
0.002494812
0.002530098
0.002398491
0.002148628
0.004081488
0.002486229
0.002800226
0.002377033
0.001915455
0.004160643
0.002476692
0.002789497
0.002369165
0.001975298
0.004110336
0.002470732
0.002642393
0.002382755
0.001923561
