0.078984261
0.069540739
0.067125797
0.072612047
0.068831682
0.069000959
0.067119122
0.067811728
0.066325903
0.066584349
0.067221880
0.065693855
0.069277763
0.066844940
0.069692373
0.068096161
0.067194700
0.066300154
0.067104816
0.068714619
0.067063093
0.069651842
0.069921255
0.066092730
0.067806482
0.070157766
0.067301512
0.065883160
0.067785740
0.066445351
0.067182541
0.066730261
0.066872835
0.064549446
0.068104506
0.065767765
0.066959620
0.067739248
0.069743633
0.067914963
0.070431232
0.070106745
0.068648577
0.066752672
0.069577217
0.068921566
0.069834948
0.068893909
0.066385746
0.068181753
0.071457148
0.068771601
0.069489002
0.066246033
0.066684008
0.069513559
0.067562342
0.067101002
0.069973469
0.067207336
0.066277742
0.066634893
0.066229582
0.066735029
0.066866398
0.066958666
0.066518068
0.068015099
0.066262007
0.067285299
0.067746162
0.066045046
0.067757130
0.067284822
0.067747355
0.067752838
0.069399357
0.067324638
0.066810608
0.068425417
0.067564726
0.067933321
0.069003105
0.067063332
0.068574429
0.067299366
0.066730499
0.067582369
0.068292379
0.067453384
0.067404985
0.066985846
0.066265821
0.068427086
0.067267895
0.072095156
0.074159145
0.071142197
0.070611238
0.074727774
