0.001705885
0.000743866
0.000800371
0.000737667
0.000824690
0.000752687
0.000787258
0.000743389
0.000762463
0.000743628
0.000792980
0.000775814
0.000742674
0.000759840
0.000754595
0.000765324
0.000759840
0.000763178
0.000771523
0.000729561
0.000756264
0.000758171
0.000756025
0.000746012
0.001116276
0.000725985
0.000796795
0.000718594
0.000849485
0.000729084
0.000779629
0.000726938
0.000804424
0.000725508
0.000789881
0.000732422
0.000771523
0.000729322
0.000788212
0.000737906
0.000788689
0.000718594
0.000791550
0.000737190
0.000942469
0.000729561
0.000926971
0.000704527
0.000776291
0.000722170
0.000721931
0.000710011
0.000720501
0.000713825
0.000728130
0.000841379
0.000948429
0.000781298
0.000823498
0.000763178
0.000783920
0.000800610
0.000747681
0.000715971
0.000731468
0.000718594
0.000726700
0.000733852
0.000725985
0.000715256
0.000787735
0.000757217
0.000786304
0.000734091
0.000749588
0.000722647
0.000761747
0.000726938
0.000781298
0.000717402
0.000939131
0.000773191
0.000768661
0.000722170
0.000726700
0.000727177
0.000727177
0.000712633
0.000726700
0.000708818
0.000726223
0.000707388
0.000767708
0.000761509
0.000788689
0.000734329
0.000782013
0.001014709
0.000858307
0.000761032
0.000770330
0.000729561
0.000753880
0.000718117
0.000760794
0.000731707
0.000813961
0.000727177
0.000885248
0.000720978
0.000774384
0.000735283
0.000777960
0.000777960
0.000731468
0.000779629
0.000733614
0.000778437
0.000749350
0.000777006
0.000734329
0.000785351
0.000734568
0.000774384
0.000728846
0.000769138
0.000732422
0.000859022
0.000756502
0.000841379
0.000732660
0.000823975
0.000728846
0.000878572
0.000732422
0.000894785
0.000730991
0.000826836
0.000761032
0.000814199
0.000720978
0.000791311
0.000728130
0.000795126
0.000760078
0.000825167
0.000723124
0.000788927
0.000735998
0.000759840
0.000729322
0.000770330
0.000725985
0.000760794
0.000779390
0.000754118
0.000771999
0.000766754
0.000805140
0.000777721
0.000731230
0.000757933
0.000734091
0.000736952
0.000728846
0.000740528
0.000731707
0.000735998
0.000731230
0.000723600
0.000729799
0.000737667
0.000729084
0.000880957
0.000792027
0.000726938
0.000730276
0.000747919
0.000726223
0.000741243
0.000782967
0.000749111
0.000728607
0.000744343
0.000734329
0.000729799
0.000726461
0.000742912
0.000729799
0.000728369
0.000725508
0.000726938
0.000724316
0.000736237
0.000725269
0.000730038
0.000727892
0.000721931
0.000735283
0.000921488
0.000833750
0.000824928
0.000835419
0.000799656
0.000966311
0.000801325
0.000824690
0.000854015
0.000749111
0.000754356
0.000787497
0.000726223
0.000753641
0.000739098
0.000766516
0.000719070
0.000763655
0.000726461
0.000772715
0.000727654
0.000730276
0.000727892
0.000761747
0.000743151
0.000742197
0.000743628
0.000752687
0.000709534
0.000758410
0.000721216
0.000736713
0.000760317
0.000761509
0.000767469
0.000764132
0.000710249
0.000766277
0.000735998
0.000762939
0.000727654
0.000748158
0.000716925
0.000721216
0.000714540
0.000758410
0.000727415
0.000723362
0.000772238
0.000727415
0.000749588
0.000753164
0.000765085
0.000763655
0.000743151
0.000769138
0.000734329
0.000760555
0.000758886
0.000735283
0.000744820
0.000752926
0.000756979
0.000780344
0.000746727
0.000730038
0.000754356
0.000732899
0.000740528
0.000775576
0.000730991
0.000796556
0.000727892
0.000721455
0.000710487
0.000721931
0.000718594
0.000733614
0.000727654
0.000725985
0.000740051
0.000725985
0.000733137
0.000754833
0.000774145
0.000756025
0.000718117
0.000776291
0.000728846
0.000769377
0.000782013
0.000772476
0.000725746
0.000757694
0.000756264
0.000728846
0.000712156
0.000754833
0.000749826
0.000756264
0.000751972
0.000735044
0.000727177
0.000740767
0.000723362
0.000785112
0.000712872
0.000726223
0.000715971
0.000744343
0.000725031
0.000735044
0.000792742
0.000754356
0.000761747
0.000758886
0.000745773
0.000762224
0.000763178
0.000745535
0.000720978
0.000826120
0.000796318
0.000765085
0.000740051
0.000751972
0.000743151
0.000751019
0.000720978
0.000743389
0.000743866
0.000737429
0.000767708
0.000764847
0.000799894
0.000741959
0.000726700
0.000787258
0.000712633
0.000780582
0.000745773
0.000782728
0.000756264
0.000768661
0.000766993
0.000770092
0.000734091
0.000727892
0.000728369
0.000758886
0.000732183
0.000735521
0.000723124
0.000777006
0.000753164
0.000832558
0.000782728
0.000747204
0.000711679
0.000718832
0.000716686
0.000726700
0.000722885
0.000767469
0.000726700
0.000731468
0.000755072
0.000725031
0.000749826
0.000772238
0.000741005
0.000813484
0.000767946
0.000737190
0.000776529
0.000824451
0.000880003
0.000744343
0.000758648
0.000777721
0.000759602
0.000745058
0.000719309
0.000777245
0.000724316
0.000802994
0.000710487
0.000766277
0.000724792
0.000754356
0.000731707
0.000720978
0.000710487
0.000738144
0.000723124
0.000732183
0.000722408
0.000782728
0.000750065
0.000771999
0.000723362
0.000791311
0.000858784
0.000785589
0.000770569
0.000754595
0.000715733
0.000750780
0.000735044
0.000748158
0.000764608
0.000782490
0.000757217
0.000755548
0.000729561
0.000757933
0.000719786
0.000749111
0.000735521
0.000741720
0.000844717
0.000721931
0.000709772
0.000725508
0.000718117
0.000733137
0.000707626
0.000729799
0.000750065
0.000772953
0.000727654
0.000778437
0.000748396
0.000752926
0.000727892
0.000802755
0.000748158
0.000772476
0.000741482
0.000721931
0.000715256
0.000774384
0.000756979
0.000731707
0.000722408
0.000750303
0.000748634
0.000777245
0.000742674
0.000752926
0.000723600
0.000729799
0.000714540
0.000716686
0.000712633
0.000726223
0.000708818
0.000728369
0.000725746
0.000766516
0.000736713
0.000753164
0.000717402
0.000778675
0.000953197
0.000749350
0.000735044
0.000740528
0.000741005
0.000771999
0.000716925
0.000721216
0.000727654
0.000722885
0.000742197
0.000772715
0.000748396
0.000731468
0.000744820
0.000765800
0.000730991
0.000771523
0.000731230
0.000870228
0.000767231
0.000729799
0.000744343
0.000775576
0.000730991
0.000760317
0.000752687
0.000757933
0.000783682
0.000799417
0.000746727
0.000758171
0.000791073
0.000763178
0.000752449
0.000726938
0.000783682
0.000725269
0.000773430
0.000730753
0.000790596
0.000749588
0.000770807
0.000775337
0.000761271
0.000755787
0.000756264
0.000768661
0.000748873
0.000757694
0.000738859
0.000732660
0.000762939
0.000804901
0.000762224
0.000774145
0.000760794
0.000763893
0.000801563
0.000749588
0.000753641
0.000794888
0.000723600
0.000778198
0.000741243
0.000722170
0.000721455
0.000763893
0.000761271
0.000751019
0.000765562
0.000729322
0.000715017
0.000735760
0.000751734
0.000725269
0.000749826
0.000770092
0.000739574
0.000753641
0.000734329
0.000726461
0.000739336
0.000730515
0.000724316
0.000725508
0.000733614
0.000782967
0.000715017
0.000765800
0.000747919
0.000773907
0.000712156
0.000746489
0.000721455
0.000745296
0.000721216
0.000765085
0.000727892
0.000761986
0.000783205
0.000737667
0.000763416
0.000759363
0.000756025
0.000755787
0.000724316
0.000744581
0.000737190
0.000755548
0.000721216
0.000751495
0.000714779
0.000724316
0.000713587
0.000729561
0.000715256
0.000736713
0.000715256
0.000728607
0.000709772
0.000761986
0.000761032
0.000771999
0.000712156
0.000750542
0.000789404
0.000764370
0.000732899
0.000756979
0.000759125
0.000754833
0.000730038
0.000752449
0.000760078
0.000738144
0.000705242
