0.106125832
0.107123137
0.107127190
0.107138872
0.107078075
0.107064962
0.107220888
0.107071877
0.107110739
0.048133850
0.106052637
0.107366323
0.107104063
0.107123375
0.107084036
0.107072353
0.107182503
0.107093334
0.107039213
0.046559334
0.107959270
0.107127905
0.107202053
0.107048512
0.107290745
0.107113361
0.107020378
0.107031345
0.107037306
0.046571970
0.107084990
0.107372046
0.107028008
0.107131958
0.107116699
0.107079983
0.107187510
0.107092857
0.107063293
0.046633482
0.102139473
0.107872963
0.107049227
0.107058764
0.107077122
0.107055664
0.107091188
0.107043505
0.107079029
0.046667337
0.099509239
0.102355242
0.107740641
0.107466459
0.107348919
0.107098341
0.107185602
0.107138395
0.107154131
0.046667337
0.100045681
0.101860762
0.107823372
0.107623816
0.107436895
0.107081413
0.107118130
0.107119322
0.107109308
0.046583891
0.099196196
0.102210045
0.107607365
0.107784510
0.107986689
0.107316971
0.107089281
0.107090235
0.107101679
0.046580315
0.099073887
0.101989269
0.107761621
0.108060837
0.107382059
0.107052803
0.107101440
0.107096434
0.107313156
0.046776533
0.101304293
0.107858658
0.107050180
0.107059002
0.104355335
0.101327419
0.105595350
0.107326984
0.102771282
0.043900251
0.099318743
0.106799841
0.106729984
0.107959747
0.107504606
0.107064724
0.105256319
0.101970673
0.102541685
0.044912100
0.104436398
0.105773926
0.101556540
0.104011536
0.107418299
0.103671789
0.101764441
0.104973555
0.107356787
0.045131445
0.099340677
0.101611376
0.101790428
0.101841450
0.101594210
0.101467371
0.107040167
0.107353210
0.101743698
0.043842077
0.100082397
0.107954979
0.107167006
0.101913691
0.101700306
0.107626438
0.107582092
0.107303381
0.106233597
0.043798208
0.103877306
0.105980158
0.101406336
0.103450537
0.105794907
0.105503082
0.107752323
0.104369879
0.101743698
0.043858767
0.101935625
0.107493877
0.103987455
0.101515293
0.104065895
0.107362032
0.103934526
0.102085829
0.105328083
0.046848774
0.098863363
0.105090380
0.107427835
0.104010582
0.101455212
0.105786800
0.107311487
0.102192640
0.101691723
0.043972492
0.099406719
0.101795912
0.106235981
0.107241869
0.104065895
0.101489544
0.101377249
0.101781368
0.105639219
0.046854019
0.099043131
0.105260372
0.107586145
0.103067875
0.101766825
0.101336718
0.101372004
0.106358290
0.107267857
0.044299364
0.099853277
0.101867676
0.101849794
0.102180719
0.101579905
0.102063417
0.102056742
0.101756334
0.106292248
0.046901464
0.103189707
0.103245258
0.101613760
0.101708889
0.101714373
0.106603622
0.107282877
0.102091074
0.101518154
0.046006680
0.098959446
0.101864100
0.108126640
0.107343674
0.101772547
0.102007151
0.107600451
0.106537104
0.101433516
0.044092894
0.098532915
0.102086067
0.102705240
0.107186556
0.106819391
0.107600451
0.106253624
0.101420403
0.101965904
0.045060635
0.098842859
0.102711678
0.106394291
0.105340958
0.101885080
0.102350712
0.104722023
0.103186607
0.101638794
0.043958664
0.099849224
0.101719379
0.101921082
0.104376078
0.104959488
0.106993675
0.104768276
0.101850033
0.103796482
0.045561314
0.102974415
0.105090141
0.101985931
0.103758097
0.106344938
0.106544256
0.107576609
0.104826689
0.101781845
0.043758154
0.100214958
0.101560354
0.103641033
0.106307268
0.104068518
0.101725101
0.104737759
0.107721806
0.103757620
0.043907404
0.100124121
0.101643562
0.101948261
0.106012344
0.107484579
0.104323864
0.102054358
0.101913214
0.101340055
0.044012070
0.102142572
0.107762098
0.104095221
0.101904154
0.104711533
0.107359648
0.102781296
0.101863861
0.101698875
0.043874979
0.100078106
0.101942539
0.102028131
0.101686954
0.101686239
0.106175900
0.107213020
0.101888418
0.101922989
0.043832302
0.101705551
0.107912302
0.102816820
0.101852894
0.101715565
0.101735115
0.104507208
0.107482910
0.103791952
0.043898106
0.098633528
0.104993343
0.107404470
0.103986025
0.101565599
0.101765394
0.101663351
0.106375694
0.107270241
0.044417620
0.099783659
0.101747036
0.101897478
0.101813793
0.101512432
0.101558447
0.102115154
0.101711988
0.104862928
0.044545174
0.099029541
0.107044458
0.107185841
0.103513002
0.101748943
0.101460457
0.101700544
0.101505280
0.101647377
0.043942451
0.099504709
0.101647615
0.105047703
0.107290030
0.102784634
0.101590872
0.101564646
0.101854801
0.102169514
0.043819904
0.099028587
0.101655006
0.101364136
0.101900101
0.101842642
0.101874590
0.102117062
0.101555347
0.106053829
0.044764519
0.099233389
0.101656914
0.106899261
0.107994080
0.103037596
0.101675034
0.101650476
0.101706028
0.101887941
0.043877125
0.102871418
0.103241444
0.101413250
0.101567745
0.101880074
0.106566668
0.107203245
0.101988554
0.101889133
0.043765545
0.099236012
0.101940632
0.101817608
0.101891994
0.102343321
0.103142977
0.103184700
0.103176355
0.103581429
0.044074535
0.100107670
0.101793766
0.101525307
0.101717472
0.101939917
0.101353407
0.101375580
0.106261015
0.107185602
0.044416666
0.100004911
0.101937294
0.101686001
0.101904392
0.101573706
0.101397038
0.101513863
0.101389885
0.106079102
0.044879913
0.098814964
0.101729631
0.101479530
0.101307631
0.101331711
0.101575613
0.101754665
0.101531506
0.106823206
0.045193911
0.098836660
0.101871490
0.101645947
0.101433516
0.101636171
0.101487875
0.106571436
0.107168198
0.102611065
0.043845654
0.099390745
0.101916075
0.101454020
0.101454258
0.101953983
0.101813316
0.101645708
0.102082968
0.105509996
0.044574261
0.099937439
0.101861477
0.107865810
0.107567072
0.102016926
0.101463556
0.101556301
0.101626873
0.107299328
0.046751499
0.102974415
0.102275610
0.101719379
0.101496935
0.101861000
0.107627392
0.107502222
0.101866961
0.101877689
0.046533585
0.100322962
0.101616859
0.102075338
0.101919651
0.107445717
0.107718945
0.101507902
0.101720333
0.101464987
0.043961048
0.098424196
0.102027655
0.101615667
0.106001616
0.107542276
0.102279902
0.101678133
0.101762056
0.101675272
0.046908379
0.099283457
0.101879835
0.101732254
0.101724625
0.101521015
0.101799011
0.101582766
0.101958513
0.108111620
0.046507120
0.100257874
0.101644516
0.101989985
0.101693153
0.101544142
0.101712704
0.101736546
0.101572514
0.106013775
0.044717312
0.099578142
0.102158785
0.104958534
0.107506514
0.102767944
0.101949215
0.101613760
0.101634502
0.101992130
0.043801546
0.099282742
0.106465578
0.107576847
0.102089167
0.102111578
0.101470232
0.101586580
0.101973057
0.101993322
0.046490908
0.099292755
0.101788521
0.106840611
0.107378483
0.103260517
0.101992607
0.101633787
0.101646185
0.101862431
0.043882370
0.098538160
0.101619959
0.101737976
0.106850863
0.107424498
0.101869822
0.101794481
0.107890129
0.107165098
0.043677092
0.099371672
0.101725578
0.107542992
0.106853485
0.101667404
0.102166414
0.106525898
0.106334686
0.106363297
0.045720100
0.099490643
0.101723433
0.101526737
0.107729912
0.106927156
0.101431847
0.102125883
0.105981350
0.106392145
0.046604633
0.098623753
0.102502346
0.105860710
0.104796886
0.101816416
0.102315187
0.104881287
0.105129242
0.107185841
0.046370506
0.098977804
0.101918459
0.103537321
0.105987787
0.105795145
0.107808590
0.104427099
0.101616383
0.103513241
0.045408249
0.103939533
0.103350639
0.101683140
0.103997469
0.107846737
0.103521585
0.101886034
0.105249166
0.107349634
0.044773579
0.100148678
0.101582289
0.106706858
0.107311010
0.101722717
0.101659536
0.107703924
0.107090235
0.101473331
0.043833733
0.098992825
0.101960659
0.101753712
0.107582092
0.107653618
0.101727962
0.101692438
0.107918739
0.107659578
0.046793938
0.099627733
0.101688862
0.107593536
0.106642246
0.101699114
0.102045059
0.105739832
0.105743885
0.107518673
0.046022892
0.101338387
0.101954222
0.103664160
0.106077194
0.106135368
0.107484818
0.105106592
0.101450205
0.103786230
0.045537949
0.099298000
0.103648186
0.106248856
0.105920076
0.107532024
0.104424000
0.101358414
0.105362654
0.107310772
0.045006514
0.098638058
0.102003574
0.106720448
0.107201099
0.101782084
0.101956844
0.107674360
0.107089520
0.102180719
0.043962717
0.101153135
0.102370262
0.101752758
0.106935740
0.107890844
0.101826191
0.101995707
0.107914686
0.107697964
0.046836853
0.100086212
0.102042913
0.107434511
0.107592106
0.107489109
0.105662823
0.101838827
0.103709459
0.106466055
0.045397282
0.099413633
0.101659536
0.102108479
0.105007648
0.105504751
0.107494831
0.106076717
0.101469755
0.102328539
0.044904470
0.099792957
0.102758169
0.105764866
0.105818272
0.107796192
0.107560396
0.107527733
0.104046822
0.101800919
0.043854475
0.101594687
0.108113289
0.103914261
0.101558447
0.106133461
0.107273817
0.103974581
0.101677656
0.105881691
0.046922684
0.098756552
0.101861000
0.101698160
0.101796627
0.101960897
0.101607561
0.101730347
0.101722002
0.105734110
0.044969082
0.100247622
0.101533413
0.106861830
0.107354403
0.101680517
0.101549387
0.107547522
0.106792212
0.101807356
0.043908596
0.098877907
0.101831913
0.102482319
0.106500864
0.105456114
0.102025509
0.102231026
0.107608795
0.107600212
0.046346426
0.099298954
0.103024721
0.104860783
0.105291605
0.107463360
0.106240511
0.101539135
0.102542877
0.104077339
0.044488192
0.098776340
0.102894783
0.104197264
0.107021332
0.106990576
0.107509136
0.104723692
0.101362228
0.104961872
0.046931267
0.099964619
0.105547428
0.107356071
0.102779388
0.101900816
0.105221033
0.107326984
0.103285074
0.101392269
0.043882370
0.099310160
0.101655006
0.106905222
0.107782364
0.101732731
0.101745129
0.108000994
0.107277155
0.101886272
0.043888330
0.101214409
0.101945162
0.101931095
0.107760191
0.106998682
0.101664066
0.102232456
0.106398582
0.106379747
0.046946764
0.098976851
0.101958036
0.107761621
0.107182741
0.101750135
0.102362633
0.107561588
0.106380224
0.101701736
0.043989182
0.102762222
0.107554913
0.106166840
0.101553440
0.102419853
0.104362488
0.104902744
0.107572556
0.105178833
0.043720961
0.102674723
0.104099035
0.101747990
0.104964972
0.107336760
0.107128143
0.107064962
0.103896141
0.101745605
0.044891834
0.099377155
0.101674557
0.107069492
0.107441902
0.101645231
0.101723671
0.107792616
0.107185602
0.101550579
0.043906450
0.103488684
0.101734638
0.102539062
0.106142521
0.106124163
0.107501268
0.106203079
0.101708889
0.102189779
0.044760227
0.100457191
0.103937149
0.106952906
0.103650093
0.101406813
0.104736567
0.107353449
0.103830338
0.101690292
0.045259237
0.099556208
0.101766109
0.101665020
0.102296352
0.106005192
0.107478619
0.102550030
0.101699114
0.107021570
0.046753168
0.099157810
0.107919216
0.107118845
0.107079029
0.107188940
0.107033253
0.107069731
0.107069016
0.107159138
0.046621561
0.098281622
0.104935169
0.107422113
0.107439995
0.107198238
0.103992701
0.102138042
0.105412722
0.107332945
0.045098543
0.098270178
0.101789951
0.107761145
0.107640982
0.107316256
0.107201338
0.107055187
0.105525017
0.101548910
0.043979645
0.099582195
0.102187157
0.103694916
0.106208324
0.106359243
0.107702494
0.107522011
0.107367039
0.104401588
0.043781042
0.101701736
0.107543945
0.107337713
0.102886438
0.101874590
0.106618404
0.107553482
0.101579428
0.101721525
0.046758175
0.099895477
0.102452040
0.107511520
0.107243776
0.107272148
0.107135296
0.107026577
0.107033491
0.107728243
0.046872377
0.102051973
0.101878166
0.103783846
0.107192278
0.107104540
0.107153654
0.107259750
0.107325554
0.102026939
0.044061184
0.104385614
0.102081060
0.101624966
0.107728243
0.107514620
0.101684332
0.101409912
0.107686520
0.107693434
0.046862364
0.100359678
0.102079391
0.104482174
0.105054855
0.107113600
0.107277870
0.107237339
0.107033491
0.107026577
0.045709610
0.099720716
0.102174759
0.107026100
0.107289791
0.101849079
0.101927519
0.106917620
0.107346296
0.101847172
0.043805361
0.103267193
0.102068901
0.103686333
0.105669975
0.105536222
0.107714176
0.107672930
0.107521772
0.103120089
0.043700218
0.098703623
0.107935905
0.107021093
0.101976156
0.101726532
0.107701778
0.107942104
0.107418060
0.107048273
0.046663523
0.105464697
0.107265472
0.107117414
0.107052565
0.107033253
0.103820086
0.101292610
0.104247093
0.107431889
0.046002865
0.099681854
0.102092743
0.107043266
0.107551098
0.101657391
0.101697683
0.107765198
0.107582569
0.107379436
0.046632290
0.101426601
0.101684093
0.103385687
0.105618477
0.105704546
0.107589006
0.107235909
0.107009411
0.105332136
0.043877602
