1.073160172
1.066099882
1.068498135
1.065271139
1.063743353
1.059837103
1.062988043
1.060354710
1.052822351
1.043372869
1.053256750
1.041680813
1.029610872
1.049266338
1.046194077
1.043968916
1.030281782
1.034174681
1.034133911
1.025949955
1.033663988
1.039269924
1.037700176
1.029388428
1.040749311
1.048361540
1.040287971
1.030104876
1.034526587
1.027428627
1.038816690
1.033698559
1.021357775
1.027170897
1.025874138
1.033004045
1.028619528
1.032431602
1.024807453
1.027778625
1.018298388
1.022889614
1.022823811
1.028293133
1.039178371
1.032644033
1.027409792
1.029006958
1.026876211
1.018295288
1.022500277
1.025383472
1.027666092
1.043840170
1.047280073
1.040237427
1.037105799
1.036996126
1.046685219
1.038336277
1.044103146
1.041677475
1.040204525
1.044657946
1.037905216
1.046283484
1.053640366
1.033187866
1.045703173
1.046782732
1.022702217
1.048922300
1.035515308
1.037174225
1.043933392
1.036340952
1.038981915
1.041998148
1.033803225
1.043903828
1.058041334
1.034311533
1.042392492
1.040766239
1.035330296
1.058962345
1.050432205
1.050395489
1.050469398
1.047105312
1.056791544
1.058565140
1.049699306
1.058990479
1.040799856
1.056017637
1.061537504
1.054908276
1.046565771
1.055380821
