0.018523216
0.019114017
0.020259142
0.020500660
0.020154715
0.020075560
0.020058393
0.020138741
0.019999266
0.019991159
0.019967318
0.019928694
0.021049738
0.021908045
0.021922350
0.022036791
0.021961927
0.021773338
0.021598816
0.021550894
0.021566153
0.021744251
0.021992207
0.022017956
0.021938086
0.022038937
0.021777153
0.021745682
0.021863461
0.021779060
0.021044731
0.020188332
0.019982338
0.019975185
0.019976377
0.019953251
0.019911289
0.019834995
0.019834518
0.019911766
0.020092249
0.020666122
0.021642685
0.021790743
0.021756649
0.021766186
0.021649122
0.021730900
0.021807194
0.021769285
0.021755219
0.021957397
0.021968126
0.021947861
0.022020340
0.021895885
0.021741152
0.021819592
0.021784544
0.021782637
0.020309687
0.020166874
0.020119429
0.020138264
0.020051718
0.020005703
0.019979239
0.020101070
0.020072937
0.020057440
0.021591187
0.021754503
0.021741152
0.021762848
0.021726131
0.021531582
0.021532297
0.021615028
0.021564484
0.021906137
0.021995544
0.022096157
0.022072554
0.022017002
0.021811485
0.021836042
0.021864176
0.021785021
0.021737337
0.021789789
0.021759033
0.021745205
0.021791458
0.021760702
0.021780968
0.021815777
0.021738529
0.021762133
0.020603895
0.019954205
