0.026927710
0.009417772
0.009377241
0.014148951
0.010483503
0.009416580
0.009382486
0.009166002
0.010409832
0.009350300
0.009347677
0.008982182
0.010337591
0.009372950
0.009345531
0.008977413
0.010534286
0.009388685
0.009359360
0.009008169
0.010768175
0.009360790
0.009339571
0.008988142
0.010318995
0.009391785
0.009356022
0.009010315
0.010080338
0.009378195
0.009345293
0.008990526
0.010482073
0.009396315
0.009368658
0.009007215
0.010406733
0.009379864
0.009351492
0.009015083
0.010304213
0.009422779
0.009372473
0.009240150
0.010719061
0.009405613
0.009377003
0.009005308
0.010576487
0.009383678
0.009400129
0.009011507
0.010271072
0.009390831
0.009346962
0.009010553
0.010216951
0.009371042
0.009370565
0.009002209
0.010408401
0.009419680
0.009392738
0.009029150
0.010403395
0.009400368
0.009363890
0.009002209
0.010472775
0.009385586
0.009362221
0.008991241
0.010340214
0.009363890
0.009350061
0.009004831
0.010302782
0.009370565
0.009370565
0.008982897
0.010156870
0.009387970
0.009360790
0.009003878
0.010317802
0.009363890
0.009351254
0.009000301
0.010409117
0.009401321
0.009364843
0.009005547
0.010304213
0.009395599
0.009356260
0.008994579
0.010381460
0.009380102
0.009382010
0.008995771
0.010329723
0.009441376
0.009365797
0.008998156
0.010282755
0.009387970
0.009362698
0.009021759
0.010617256
0.009363413
0.009364367
0.008997440
0.010231495
0.009412289
0.009373903
0.009011269
0.010525942
0.009382248
0.009376526
0.009003401
0.010473728
0.009371042
0.009359360
0.009018660
0.010036945
0.009465694
0.009380579
0.009008169
0.010578394
0.009379148
0.009365082
0.009016752
0.010273933
0.009385586
0.009362459
0.008993864
0.010345459
0.009370565
0.009346247
0.009013653
0.010350227
0.009379387
0.009362698
0.008992434
0.010391712
0.009377480
0.009375572
0.009002686
0.010425806
0.009396553
0.009390593
0.009080410
0.010010958
0.009430647
0.009424448
0.009047508
0.010543346
0.009407520
0.009378910
0.009015799
0.010559082
0.009417534
0.009395123
0.009019613
0.010361433
0.009377003
0.009348392
0.009005785
0.010365248
0.009387732
0.009356737
0.009009600
0.010419607
0.009374380
0.009366274
0.008990526
0.010256767
0.009369850
0.009379625
0.009010553
0.010169268
0.009380341
0.009358168
0.009011269
0.010419607
0.009416580
0.009373426
0.008989573
0.010326624
0.009392023
0.009393454
0.009134769
0.010326385
0.009370327
0.009362221
0.009010315
0.010347843
0.009385347
0.009353399
0.009004116
0.010271072
0.009362459
0.009348631
0.008994102
0.010299683
0.009381056
0.009364605
0.009022713
0.010528803
0.009389877
0.009397030
0.009015799
0.010300875
0.009378195
0.009384871
0.009003878
0.010523558
0.009402037
0.009354115
0.008985996
0.010291100
0.009392500
0.009356260
0.009003162
0.010414600
0.009409904
0.009360552
0.008987427
0.010257959
0.009383678
0.009366035
0.009024620
0.010235548
0.009468555
0.009362459
0.009007931
0.010244846
0.009390831
0.009356737
0.008999109
0.010246992
0.009390593
0.009379148
0.009005785
0.010354757
0.009368658
0.009358883
0.009006023
0.010356903
0.009394646
0.009366751
0.009001732
0.010298491
0.009406090
0.009394169
0.009058475
0.010313511
0.009391308
0.009365559
0.009002686
0.010219574
0.009401083
0.009361506
0.009004593
0.010261059
0.009419918
0.009405613
0.009008169
0.010132074
0.009361029
0.009366512
0.008991003
0.010268211
0.009370565
0.009365797
0.009027004
0.010344982
0.009400129
0.009360790
0.009006023
0.010573387
0.009391069
0.009357214
0.009005785
0.010354042
0.009364605
0.009363651
0.009009361
0.010420322
0.009382010
0.009397507
0.009008408
0.010325432
0.009406567
0.009371996
0.009030819
0.010145664
0.009384871
0.009357214
0.009011984
0.010335684
0.009411335
0.009365559
0.008986712
0.010201931
0.009380102
0.009400129
0.009195805
0.010283947
0.009387016
0.009384632
0.009003401
0.010444880
0.009397745
0.009384871
0.009006977
0.010578156
0.009370565
0.009375572
0.009001255
0.010241032
0.009417295
0.009390593
0.009021044
0.010218143
0.009380102
0.009371042
0.009001970
0.010330915
0.009380579
0.009361267
0.009005308
0.010288000
0.009372473
0.009363413
0.009005070
0.010435104
0.009394169
0.009371519
0.009005308
0.010273457
0.009369373
0.009352922
0.009002447
0.010340691
0.009393692
0.009352446
0.009003162
0.010246754
0.009383202
0.009387970
0.009013653
0.010519981
0.009392262
0.009357214
0.009006977
0.010167599
0.009373426
0.009388685
0.008999825
0.010322332
0.009407043
0.009364605
0.009012222
0.010591030
0.009398937
0.009364128
0.009001970
0.010268927
0.009372234
0.009359598
0.009006739
0.010601282
0.009390593
0.009380341
0.009005070
0.010264635
0.009398699
0.009379148
0.009008408
0.010289907
0.009400368
0.009373903
0.008993864
0.010552883
0.009369373
0.009371996
0.009000301
0.010297775
0.009388447
0.009352207
0.009024143
0.010363102
0.009384632
0.009377480
0.009019852
0.010456562
0.009419441
0.009401083
0.009005308
