0.139665842
0.117465258
0.111643553
0.118002176
0.122524977
0.119772673
0.118937492
0.119420052
0.121867418
0.115035534
0.118338585
0.113095045
0.115465641
0.119386196
0.116283178
0.121494770
0.113258123
0.115315676
0.111543179
0.118707895
0.114454031
0.111291885
0.118417740
0.122019291
0.120733500
0.121310711
0.117579222
0.121272802
0.117593288
0.122250080
0.113502264
0.120074987
0.114452362
0.113173008
0.118638992
0.113350868
0.120076418
0.110950947
0.113570929
0.121627331
0.119059086
0.118638992
0.112634659
0.110996008
0.117330790
0.118407011
0.111943722
0.119265556
0.115257978
0.109707117
0.120384932
0.113969326
0.121565819
0.117239714
0.122651100
0.112379074
0.115280628
0.123361349
0.112769842
0.112617731
0.116294861
0.113793850
0.111676931
0.111730814
0.118737459
0.117384911
0.118868589
0.113482714
0.118151426
0.114490032
0.120173454
0.116480350
0.116380692
0.112450123
0.119714737
0.116225719
0.117988110
0.113329887
0.122451544
0.120088577
0.115365267
0.115422726
0.108820915
0.112430573
0.117922306
0.117326260
0.116652966
0.116089582
0.118293762
0.121767282
0.112921000
0.119769812
0.120811939
0.119160652
0.114306211
0.115910292
0.111132860
0.110721588
0.115550756
0.120985031
