0.002918720
0.002442360
0.002357244
0.002284288
0.002285719
0.002291441
0.002292395
0.002281666
0.002290487
0.002294779
0.002286673
0.002287149
0.002280474
0.002291918
0.002292871
0.002274752
0.002284527
0.002290487
0.002293110
0.002278328
0.002286673
0.002305269
0.002301693
0.002288818
0.002291918
0.002300024
0.002295732
0.002284288
0.002290010
0.002292633
0.002297401
0.002288580
0.002290249
0.002297878
0.002305746
0.002282381
0.002285957
0.002298832
0.002295256
0.002286196
0.002289534
0.002292633
0.002296925
0.002295494
0.002288580
0.002300262
0.002293825
0.002287626
0.002295494
0.002297401
0.002294540
0.002281904
0.002286911
0.002295494
0.002298594
0.002281666
0.002285957
0.002295256
0.002325058
0.002291679
0.002302647
0.002295017
0.002297401
0.002281666
0.002283812
0.002293825
0.002295971
0.002290964
0.002292633
0.002295256
0.002298355
0.002290726
0.002286196
0.002296209
0.002292156
0.002279043
0.002287388
0.002293587
0.002296925
0.002284288
0.002290010
0.002294540
0.002296209
0.002284527
0.002285957
0.002296925
0.002301693
0.002278805
0.002286911
0.002295971
0.002294779
0.002285004
0.002292871
0.002297401
0.002304792
0.002280474
0.002289295
0.002292871
0.002287149
0.002277136
