0.053766489
0.004667521
0.003835201
0.021216154
0.007669210
0.004036665
0.003826141
0.003846884
0.007528543
0.004351854
0.004389048
0.004282236
0.010495186
0.004405260
0.004107475
0.003998756
0.007914782
0.004607677
0.003839254
0.003831148
0.008503914
0.004176378
0.004066229
0.004158735
0.007416725
0.004276991
0.004053116
0.004045963
0.007612228
0.003997087
0.003799438
0.003859043
0.007776022
0.004040956
0.003858566
0.003900766
0.009152651
0.004574537
0.004105806
0.004307032
0.008773565
0.004314423
0.004118204
0.004092693
0.008698702
0.004196644
0.004190683
0.004148722
0.008776903
0.004142046
0.004127502
0.004200935
0.009518623
0.004742384
0.004673243
0.004827261
0.007574558
0.004334211
0.004276991
0.004204273
0.013560534
0.004160881
0.003947735
0.003996372
0.008914471
0.004168510
0.004147291
0.004117250
0.007724285
0.003980637
0.003803968
0.003856421
0.008121014
0.003985405
0.003865242
0.003965378
0.007459879
0.004212141
0.004038811
0.004023314
0.007753372
0.004048347
0.004027605
0.003999233
0.007719278
0.004103899
0.004188061
0.004168272
0.007169247
0.004136801
0.003841400
0.003892660
0.008653402
0.004287481
0.003996134
0.004049301
0.008855104
0.004317045
0.003994226
0.004027605
0.008451939
0.004078388
0.004060030
0.004076242
0.008589745
0.004223824
0.003846407
0.003931999
0.008712769
0.004287958
0.003854036
0.003896236
0.007858276
0.004131317
0.003957272
0.003912449
0.008713007
0.004241228
0.004074097
0.004109859
0.008530617
0.004026651
0.003903389
0.003965855
0.009175777
0.004204273
0.003944635
0.003938675
0.008446455
0.004179001
0.003961325
0.003993511
0.011924267
0.004209280
0.003904581
0.004011154
0.007727146
0.004064560
0.003815413
0.003891706
0.009911776
0.004271507
0.003827572
0.003883839
0.007524490
0.003970146
0.003842115
0.003877640
0.008634806
0.004260063
0.004094124
0.004055738
0.007920504
0.004556417
0.004275322
0.004546404
0.007542849
0.004299402
0.004133701
0.004231215
0.008668661
0.004535913
0.003895044
0.003961802
0.008817911
0.004026651
0.003817797
0.003876925
0.007607937
0.004015684
0.003829241
0.003861666
0.008738995
0.004171610
0.003879786
0.003898144
0.007447004
0.004106522
0.003839493
0.003876925
0.007625580
0.004490614
0.004185915
0.004136086
0.008394003
0.004129171
0.003896952
0.003962040
0.008186817
0.004099131
0.003880978
0.004103422
0.007587194
0.004064798
0.003830671
0.003872633
0.007845640
0.003920555
0.003791571
0.003835440
0.009000301
0.004281044
0.004202127
0.003871441
0.009042501
0.004895926
0.004649878
0.004666567
0.011085987
0.004945040
0.004721165
0.004804373
0.008760691
0.004141331
0.003831387
0.003865004
0.008787632
0.004041672
0.003834248
0.003886223
0.009320021
0.004472017
0.003862619
0.003897905
0.008555412
0.004372358
0.004299641
0.004376173
0.007476330
0.004252195
0.003861189
0.003892899
0.007851839
0.004101276
0.004132032
0.004084587
0.007885218
0.004456758
0.004016876
0.004020691
0.008672714
0.004065275
0.003868818
0.003879309
0.007514238
0.004653931
0.003958941
0.004112959
0.007997513
0.004138708
0.004159689
0.004247427
0.011108637
0.004847288
0.004559278
0.004767656
0.008102417
0.004664660
0.004694223
0.004663944
0.008412838
0.004705667
0.004678965
0.004802704
0.007939577
0.005084038
0.004343271
0.004794598
0.008446932
0.004746437
0.004762173
0.005044222
0.007915974
0.004337311
0.004161835
0.004153728
0.007865429
0.004465580
0.003944874
0.003979206
0.007940531
0.004477024
0.004203081
0.004165888
0.010260582
0.004166603
0.004034519
0.004049540
0.007667065
0.004433155
0.004076719
0.004113913
0.007949591
0.004300356
0.004142284
0.004265785
0.007666111
0.004284620
0.003887177
0.003993273
0.007696390
0.004274130
0.003955364
0.004154921
0.007810116
0.004079580
0.003969431
0.003875256
0.007607937
0.004393339
0.004341841
0.004439354
0.007849932
0.004793406
0.004189968
0.004095554
0.007799864
0.004257202
0.004028320
0.004173279
0.007969856
0.005318642
0.005109310
0.005253077
0.008296490
0.004833221
0.004510880
0.004831791
0.008321285
0.004815578
0.004612446
0.004744768
0.008502722
0.004752159
0.004524946
0.005134344
0.008126259
0.004715919
0.004768610
0.004741192
0.008460522
0.004794598
0.004680157
0.004806042
0.008350849
0.005108356
0.004807472
0.004741192
0.007949352
0.004142284
0.003988743
0.004570961
0.007906914
0.004221201
0.004070759
0.004064322
0.007489443
0.004394531
0.004258633
0.004175901
0.007780552
0.004201174
0.004557371
0.004259586
0.008823633
0.004243374
0.004197359
0.004113674
0.008521557
0.004000902
0.003831863
0.003873825
0.007311344
0.004233599
0.004029512
0.004599333
0.007754326
0.004198790
0.004082203
0.004042149
0.007996082
0.004034996
0.004181862
0.004114866
0.008290052
0.004103899
0.003950357
0.004098654
0.007959604
0.004503012
0.004351139
0.004262447
0.007845402
0.004149914
0.004058838
0.004227638
0.007256746
0.004379749
0.004153490
0.004260302
