0.161502123
0.104324818
0.098115683
0.096627712
0.098933935
0.103630543
0.100319624
0.100866795
0.096510410
0.100270033
0.101628065
0.099092007
0.103770733
0.102154732
0.098080397
0.104799509
0.102218151
0.103922129
0.101910114
0.096754789
0.103512764
0.105257511
0.097020388
0.098310232
0.098782063
0.101803541
0.099697828
0.100771904
0.104764462
0.101695776
0.102195978
0.104463577
0.100791216
0.108433485
0.096736431
0.101101875
0.104273319
0.102563143
0.099508524
0.097143173
0.096998215
0.107182026
0.100874424
0.098907232
0.098639965
0.103632689
0.098755121
0.100950718
0.106907129
0.106878281
0.106300831
0.104272604
0.107104778
0.101651669
0.100239038
0.097230673
0.098629475
0.102712870
0.097015381
0.095537186
0.102480173
0.101084948
0.103005886
0.103126049
0.097487450
0.102929592
0.107537031
0.111816168
0.098896027
0.102765799
0.103805780
0.103326082
0.103422165
0.097483158
0.102914333
0.103272438
0.100692987
0.096423149
0.104803801
0.103624821
0.104985714
0.111389399
0.099128485
0.101845980
0.101286888
0.098826647
0.105112076
0.096645832
0.103636026
0.109759331
0.098145723
0.103024721
0.107191324
0.098443031
0.099023581
0.097687483
0.102014780
0.104700089
0.099075079
0.097726345
