0.002833128
0.001981497
0.001548290
0.001610994
0.001605272
0.001750469
0.001449347
0.001731157
0.001446247
0.001684189
0.001462221
0.001535177
0.001498699
0.001584768
0.001554012
0.001510620
0.001515388
0.002113104
0.001440048
0.001674891
0.001568556
0.001541853
0.001617193
0.001514196
0.001609087
0.001736164
0.001446247
0.001513958
0.001564741
0.001560211
0.001538515
0.001631737
0.001633406
0.001646042
0.001469135
0.001622677
0.001598835
0.001483202
0.001503229
0.001680613
0.001455307
0.001644135
0.001387596
0.001619577
0.001388788
0.001780748
0.001416922
0.001733065
0.001413822
0.001658201
0.001451969
0.001498222
0.001415014
0.001689434
0.001403093
0.001681566
0.001400471
0.001631021
0.001559973
0.001570463
0.001666784
0.001468420
0.001638174
0.001562834
0.001552820
0.001559496
0.001660585
0.001628160
0.001537085
0.001651525
0.001394510
0.001758337
0.001440525
0.001555920
0.001484394
0.001640797
0.001560211
0.001600504
0.001490831
0.001582861
0.001497746
0.001556158
0.001524210
0.001551867
0.001489162
0.001579046
0.001483679
0.001570940
0.001504898
0.001571178
0.001552820
0.001472950
0.001567364
0.001525879
0.001594782
0.001561642
0.001492262
0.001606226
0.001398563
0.001379490
