0.030340910
0.004088163
0.003962040
0.017705202
0.007789850
0.004504204
0.004142761
0.004274607
0.007921219
0.005149841
0.004195213
0.004324436
0.007810593
0.005054951
0.003857851
0.004162788
0.008210897
0.004225492
0.003956556
0.004187107
0.008442163
0.004760265
0.004455328
0.004366159
0.008183479
0.004192591
0.004046440
0.004208088
0.008167267
0.004169703
0.004003048
0.004131794
0.008484364
0.004434824
0.004298925
0.004395962
0.008515835
0.004372597
0.004286528
0.004229546
0.008457422
0.004492283
0.004217386
0.004415751
0.008868217
0.004331112
0.004178286
0.004250526
0.008364677
0.004239559
0.004152060
0.004303455
0.008532524
0.004179955
0.004106998
0.004752874
0.008497238
0.004317999
0.004267216
0.004301071
0.009317875
0.004849434
0.004555941
0.004933119
0.008889198
0.004352331
0.004394293
0.004324198
0.008251429
0.004036188
0.004132986
0.004094601
0.008824825
0.004425287
0.003901720
0.004092455
0.008145094
0.004450083
0.004068375
0.004591227
0.008513212
0.004666328
0.004269600
0.004245043
0.008732319
0.004287243
0.004049063
0.004382133
0.008441687
0.004139423
0.003832102
0.004224777
0.008190870
0.004467487
0.004106283
0.004140615
0.011309862
0.004259825
0.004143000
0.004213333
0.008232117
0.004088402
0.003991365
0.004177809
0.012512207
0.004717588
0.004020691
0.004436970
0.008437395
0.004243612
0.004081249
0.004511595
0.008074760
0.004461050
0.004507303
0.005351067
0.008049011
0.004678965
0.004190445
0.005233765
0.008711815
0.004904747
0.004112959
0.004428148
0.007894993
0.004161358
0.004050493
0.004444838
0.008413076
0.004264832
0.004071236
0.004198790
0.008160114
0.004709959
0.004168034
0.004619837
0.008796930
0.004146814
0.003889561
0.004066229
0.008486271
0.004363298
0.004523277
0.004363298
0.008093119
0.004423380
0.004136086
0.004320383
0.008283377
0.004397869
0.003817320
0.004090309
0.008205414
0.004333258
0.004043818
0.004283428
0.009192705
0.004057407
0.004213572
0.004055262
0.009314060
0.004565954
0.004162073
0.004266262
0.008741379
0.004085064
0.003951788
0.004111290
0.008343458
0.004024982
0.003916264
0.004343510
0.008293152
0.004231453
0.003976583
0.004517794
0.008325815
0.004308939
0.004454374
0.004423380
0.008922815
0.004836082
0.004753590
0.004967928
0.008131504
0.004441261
0.003838539
0.004074097
0.008066654
0.004039049
0.003874302
0.004068851
0.008530378
0.004365683
0.004150629
0.004325867
0.007750034
0.004073381
0.004477262
0.004070282
0.007979393
0.004888296
0.004241228
0.004430056
0.008134842
0.004294157
0.004175663
0.004297256
0.008224010
0.004014015
0.003860950
0.004039526
0.008493185
0.004478931
0.004239798
0.004312277
0.007739305
0.004352331
0.003901243
0.004086494
0.007884741
0.004023790
0.003868341
0.004075289
0.007969141
0.004007816
0.003837347
0.004050255
0.008936167
0.004117727
0.003853321
0.004077435
0.008320570
0.004140139
0.004119396
0.004075527
0.007685661
0.004267693
0.003848076
0.004070044
0.008878708
0.004260063
0.003870010
0.004072189
0.009042263
0.004148006
0.003885746
0.004069805
0.008650303
0.004678249
0.004178762
0.004264593
0.009712934
0.004536867
0.004121065
0.004264593
0.008313417
0.004474878
0.004169464
0.004057407
0.008425713
0.004342794
0.004192352
0.004282236
0.008953333
0.004312277
0.004004955
0.004140854
0.010798454
0.004277468
0.004027605
0.004471779
0.009329081
0.004312277
0.004085064
0.004235744
0.010921717
0.004438400
0.003921270
0.004061699
0.008649111
0.004451990
0.004142523
0.004473925
0.009482622
0.004970789
0.004966974
0.004946947
0.009840012
0.004235506
0.004060745
0.004314661
0.011910677
0.004246712
0.004038572
0.004410267
0.008409023
0.004274845
0.004259825
0.004282713
0.009052277
0.004188061
0.004083157
0.004295826
0.008082151
0.004025221
0.003850460
0.004097939
0.008911371
0.004197121
0.004092455
0.004275799
0.007965565
0.004163504
0.003859758
0.004074097
0.007647991
0.004029751
0.003869295
0.004060984
0.008847475
0.004278898
0.004147053
0.004254341
0.009374619
0.004523039
0.004141808
0.004238844
0.007988453
0.004057169
0.003849745
0.004054546
0.008141994
0.004160404
0.003967047
0.004105330
0.008237600
0.004012823
0.003809690
0.004005194
0.008025169
0.004268646
0.003918171
0.004116058
0.008476019
0.004300594
0.004065037
0.004398584
0.009676218
0.004017830
0.003872156
0.004044771
0.008203268
0.004271269
0.003856659
0.004040480
0.008496523
0.004038572
0.004013300
0.004136801
0.008091927
0.004065752
0.003890753
0.004048824
0.009031773
0.004072189
0.003878355
0.004051924
0.007862568
0.004408836
0.003846884
0.004009485
0.010323048
0.004348755
0.003931761
0.004349470
0.007887840
0.004063368
0.003857851
0.004047155
0.007679939
0.004398108
0.003863096
0.004032612
0.007901907
0.004069328
0.004000902
0.004422665
0.009316444
0.004096746
0.003861427
0.004149914
0.007510424
0.004006624
0.003860712
0.004054785
0.008276939
0.004242420
0.004199028
0.004333258
