0.100883961
0.064595461
0.065180540
0.070291996
0.073661327
0.066702366
0.068430185
0.067180395
0.067596912
0.071705580
0.070010900
0.068718910
0.069119692
0.067651272
0.067686319
0.071898460
0.070726633
0.067312956
0.071156263
0.069377184
0.070588589
0.073672533
0.073004723
0.069956064
0.071382761
0.067782402
0.075986147
0.059811354
0.069261551
0.067574263
0.063236237
0.060714006
0.061952591
0.062001228
0.067208529
0.061469555
0.064239979
0.062238932
0.065385580
0.065953732
0.063703775
0.065610886
0.066859245
0.064126253
0.061529398
0.065461636
0.059865475
0.059854269
0.062469006
0.062572956
0.065104723
0.062981367
0.061018467
0.064616680
0.060454130
0.060242891
0.060590982
0.063291550
0.058844805
0.065944672
0.071876764
0.065338135
0.064765215
0.065633774
0.063658476
0.065174341
0.062008381
0.065317154
0.062777042
0.063474417
0.065404177
0.063761473
0.064484835
0.067795515
0.066470146
0.066505671
0.062850714
0.060209274
0.062468767
0.060142517
0.062809229
0.066148996
0.063539743
0.061292171
0.061616182
0.062835932
0.068614244
0.065589666
0.064135075
0.063165665
0.065322161
0.061300755
0.065562725
0.063750744
0.062451601
0.059557438
0.063543797
0.063661814
0.063341379
0.061568022
