0.002988577
0.002270460
0.001780272
0.001678944
0.001523256
0.001697302
0.001538038
0.001594305
0.001443148
0.001560688
0.001526117
0.001430273
0.002251387
0.001676559
0.001571178
0.001451492
0.001933336
0.001451254
0.002338886
0.001707792
0.001456022
0.001607180
0.001667261
0.001731634
0.001589298
0.001554966
0.001425982
0.001556873
0.001417398
0.001987457
0.002026796
0.001459122
0.001683712
0.001450539
0.001584530
0.001436710
0.001763344
0.001407623
0.001519918
0.001481533
0.001761198
0.001397133
0.001623631
0.001429558
0.001487970
0.001420736
0.001562834
0.001404762
0.001525640
0.001408100
0.001587868
0.001414537
0.001573563
0.001433849
0.001635790
0.001430035
0.001570225
0.001441240
0.001474380
0.001439095
0.001481533
0.001423120
0.001496792
0.001419544
0.001615047
0.001413345
0.001574993
0.001437902
0.001486540
0.001436234
0.001475573
0.001443624
0.001512766
0.001446486
0.001494408
0.001422405
0.001549244
0.001441479
0.001593828
0.001425028
0.001525402
0.001438618
0.001543760
0.001428604
0.001554966
0.001402855
0.001622438
0.001407146
0.001724958
0.001444340
0.001745224
0.001451015
0.001583815
0.001428127
0.001632929
0.001474142
0.001418352
0.001409531
0.001408100
0.001396894
