0.452266455
0.010453463
0.005194902
0.005170107
0.005297899
0.004944563
0.004875660
0.225016594
0.008519173
0.005298853
0.005141258
0.005188942
0.004860640
0.004868031
0.004898310
0.003841162
0.007754803
0.005186796
0.004886866
0.005144119
0.004863024
0.004844666
0.004844427
0.003860712
0.007241011
0.006707907
0.007493258
0.007104635
0.004908800
0.005722761
0.004848242
0.004326344
0.008135319
0.005432844
0.004924059
0.005057573
0.004873753
0.004885674
0.004863262
0.003842831
0.008995533
0.004960299
0.005544901
0.005373478
0.004866123
0.004861116
0.004861355
0.003852367
0.008033514
0.005696774
0.004892111
0.005199909
0.004857540
0.004855394
0.004888773
0.003829002
0.012485027
0.005440950
0.004925251
0.005011559
0.004879951
0.004871607
0.005014658
0.003853321
0.008252382
0.005236864
0.004898787
0.005136728
0.004870415
0.004862547
0.004856825
0.003832340
0.069875002
0.005607367
0.004868507
0.005027533
0.004865170
0.004884481
0.004853010
0.003837585
0.009046793
0.007555723
0.004911184
0.005939007
0.004946232
0.004915237
0.004857063
0.005069971
0.245440483
0.005384684
0.005756140
0.005237579
0.004872084
0.004862785
0.004853249
0.003821850
0.007222414
0.007038355
0.004885435
0.005234480
0.004872322
0.004866362
0.004872084
0.003841400
0.007961035
0.005482674
0.005025864
0.005462646
0.004992485
0.004884958
0.004874229
0.003848791
0.008666277
0.004978418
0.004878521
0.005131721
0.004850864
0.004849911
0.004858494
0.003804684
0.008106709
0.005016804
0.004919767
0.005189419
0.004853487
0.004842520
0.004838467
0.003821850
0.008085251
0.006289005
0.004892349
0.005108118
0.004877329
0.004914522
0.004855633
0.003858805
0.008626938
0.005043507
0.224678278
0.005877733
0.004871607
0.004858255
0.005872488
0.003919363
0.008585930
0.004949093
0.005603313
0.006484985
0.004883051
0.004886389
0.004892826
0.003834009
0.007701159
0.004956961
0.004891396
0.005286932
0.004873276
0.004860878
0.004879475
0.003834009
0.009448528
0.005258560
0.005328417
0.005153656
0.004879951
0.004850626
0.004853249
0.003834963
0.007700682
0.005796432
0.004901409
0.005269527
0.004870176
0.004864454
0.004867554
0.003840446
0.008754015
0.005306959
0.004903793
0.005010128
0.004858971
0.005135298
0.004859447
0.003828764
0.009705067
0.006716967
0.005203247
0.005914450
0.005836248
0.005087376
0.004949570
0.004373550
0.008192301
0.005200386
0.004890919
0.005221605
0.005091429
0.004868507
0.004859924
0.003824472
0.007946253
0.004937887
0.004886866
0.005134106
0.004877806
0.004855633
0.004866123
0.003845930
0.007975340
0.004997969
0.004898310
0.005042553
0.004882812
0.004937410
0.004861355
0.003930569
0.008517504
0.004978180
0.005631447
0.005063057
0.004889011
0.004871130
0.004863501
0.003868580
0.008075714
0.004937172
0.004910469
0.005102396
0.004865646
0.004846573
0.004852057
0.003817797
0.009100437
0.005779028
0.005583525
0.005298376
0.004866838
0.004878044
0.004881144
0.003836870
0.007807016
0.006933451
0.004865170
0.005354881
0.004858732
0.004861116
0.005577564
0.004577398
0.008116722
0.004977226
0.005580664
0.005164146
0.004870176
0.004866362
0.004867077
0.003848076
0.008260012
0.004964352
0.005564928
0.005049706
0.004867554
0.004934072
0.004873514
0.003816605
0.007174730
0.007089138
0.004876375
0.005259991
0.004866600
0.004875422
0.004858732
0.003839254
0.008435965
0.004997015
0.004894495
0.005264044
0.004848957
0.004849195
0.004853010
0.003810883
0.008582354
0.004944801
0.004884481
0.005040407
0.004865408
0.004950523
0.004897594
0.003826141
0.007548332
0.006560564
0.005090714
0.005633116
0.004872322
0.004884481
0.004862547
0.003818989
0.008335352
0.005884171
0.004883766
0.005065441
0.004855156
0.004835367
0.004850626
0.003820181
0.008530378
0.004943609
0.005768776
0.005171776
0.004851580
0.004845381
0.004839897
0.005475044
0.008634567
0.004999876
0.004952669
0.005133629
0.004889727
0.005088329
0.004897356
0.003880978
0.008346558
0.005221844
0.004958630
0.005115271
0.004895449
0.004894018
0.004902601
0.004469395
0.009586096
0.005138636
0.005825520
0.005145073
0.004908800
0.004860401
0.004872799
0.003814459
0.008082390
0.004970312
0.004897356
0.005011082
0.004855871
0.004849434
0.004846811
0.003817320
0.008360624
0.004944324
0.004865408
0.005120039
0.004844189
0.004848242
0.004867315
0.003826380
0.008646727
0.005011320
0.005038023
0.005032063
0.004846096
0.004842758
0.004872799
0.003822803
0.008402109
0.004917622
0.004888773
0.005084991
0.004837751
0.004854441
0.004863977
0.003799915
0.008308649
0.005223989
0.004892826
0.005113602
0.004858971
0.004836082
0.004861116
0.003815889
0.008663654
0.005060434
0.004876614
0.005060196
0.004861355
0.004842997
0.004885674
0.003840685
0.008313894
0.004964352
0.004918098
0.005132437
0.004865885
0.004870176
0.004875898
0.003834724
0.008410931
0.004974842
0.004886866
0.005106449
0.004855633
0.004845381
0.004850626
0.003795624
0.008557796
0.005378485
0.005080223
0.005159140
0.004972458
0.004937887
0.004952669
0.004122257
0.008342981
0.004944324
0.004904509
0.005127192
0.004860401
0.004869223
0.004890919
0.003843307
0.008184195
0.005541325
0.004888773
0.005118132
0.004860401
0.004840851
0.004861832
0.003854752
0.007680416
0.006721973
0.004875898
0.005136490
0.004858732
0.004862070
0.004867315
0.003834248
0.007516623
0.006328344
0.004912615
0.005186081
0.004872561
0.004866362
0.004880667
0.003828764
0.008100510
0.004971981
0.004914522
0.005108356
0.004867792
0.004864216
0.004878998
0.004192352
0.007560968
0.006737709
0.004883528
0.005324125
0.004841566
0.004849195
0.004861355
0.003835440
0.008302212
0.004917145
0.004898548
0.005094528
0.004877329
0.004865885
0.004870892
0.003834963
0.008251190
0.004982710
0.004882336
0.005308628
0.004899025
0.004890919
0.004868746
0.003844976
0.008814573
0.005369902
0.004885912
0.005133629
0.004863501
0.004847050
0.004835606
0.003876448
0.008689642
0.006054401
0.005002737
0.005334377
0.004878044
0.005043507
0.004859209
0.003819227
0.008867264
0.006322622
0.005384684
0.005264759
0.004860878
0.004863739
0.004859924
0.003834486
0.008585215
0.004948378
0.005809784
0.005228519
0.004868746
0.004861832
0.004858017
0.003834009
0.008572817
0.004958391
0.004879236
0.005169868
0.004863739
0.004885674
0.004883528
0.003848314
0.008430004
0.005771875
0.004982948
0.005098104
0.004871368
0.004868031
0.004868031
0.003826857
0.008540154
0.005411386
0.005088806
0.005232811
0.005258083
0.004915237
0.004907370
0.004076004
0.008931875
0.005997419
0.005770922
0.005866289
0.004906893
0.004914284
0.004913330
0.004242182
0.008856773
0.005154133
0.005025864
0.005085230
0.004909992
0.004914045
0.005214930
0.004208326
0.008776188
0.005221367
0.004947186
0.005217552
0.004875422
0.004865170
0.004869938
0.003811121
0.007391453
0.007007599
0.004928827
0.005243301
0.004859924
0.004877329
0.004865885
0.003831148
0.008265495
0.005015612
0.004934072
0.005198240
0.004864931
0.004863501
0.004865170
0.003837109
0.008370399
0.004999399
0.004894972
0.005250454
0.004859924
0.004859209
0.004899025
0.003833294
0.008469343
0.004971504
0.004905939
0.005101919
0.004860163
0.004863501
0.004852772
0.003828049
0.008503675
0.004920006
0.004914761
0.005136013
0.004872084
0.004857779
0.004850864
0.003829002
0.008788586
0.005013466
0.004891157
0.005169153
0.004859209
0.004861355
0.004847527
0.003823280
0.008622408
0.005037308
0.005079031
0.005217552
0.004880667
0.004897356
0.004869461
0.003836393
0.008554459
0.005111933
0.004916191
0.005197763
0.004874706
0.004865885
0.004858017
0.003805876
0.007978201
0.007205725
0.004930496
0.005059719
0.005086899
0.004876137
0.004861355
0.003844976
0.008283615
0.005026340
0.004931927
0.005123138
0.004886389
0.004864931
0.004896164
0.005105495
0.008319616
0.005138874
0.004956961
0.005044699
0.004862547
0.004875660
0.004881859
0.003822088
0.008843184
0.005064011
0.004966974
0.005153894
0.004877090
0.004890919
0.004867315
0.003852844
0.008354425
0.005055428
0.004921198
0.005074024
0.004894972
0.004869461
0.004881859
0.003858089
0.008257866
0.004948616
0.004899979
0.005170584
0.004851818
0.004865646
0.004870176
0.003821850
0.007784128
0.004974604
0.004919529
0.005013466
0.004848242
0.004858494
0.004914999
0.003839493
0.008439779
0.004960537
0.004950523
0.005038023
0.004895449
0.004879713
0.004874229
0.003837824
0.008215427
0.004978657
0.004906416
0.005086660
0.004899979
0.004904985
0.004872561
0.003837824
0.008488417
0.005109549
0.006056786
0.005225420
0.004877567
0.004860640
0.004854441
0.003814220
0.008295298
0.004963636
0.004884243
0.005244017
0.004857779
0.004854202
0.004850388
0.005684376
0.008527279
0.005043507
0.004894495
0.005235672
0.004889250
0.004866123
0.004884481
0.003879070
0.008082867
0.004956484
0.004955530
0.005260468
0.004876137
0.004863024
0.004853487
0.003819227
0.008436918
0.004961014
0.004902363
0.005019426
0.004870176
0.004862309
0.004862785
0.003822803
0.008078337
0.005050898
0.004898548
0.005200863
0.004913807
0.004880667
0.004879951
0.003845930
0.008244991
0.004939318
0.004885912
0.005205154
0.004862309
0.004856348
0.004863262
0.003823757
0.008981705
0.005776644
0.005624533
0.005028248
0.004855156
0.004869223
0.004865408
0.003809452
0.008441448
0.004935741
0.004890442
0.005056143
0.004859447
0.004865885
0.004849434
0.003821135
0.009023428
0.004975557
0.005627871
0.005108595
0.004891634
0.004877806
0.004872561
0.003851891
0.008423328
0.004961967
0.005868196
0.005222321
0.004894257
0.004950047
0.004886627
0.003853798
0.008464575
0.004976511
0.004880428
0.005155802
0.004882812
0.004885435
0.004877329
0.003838062
0.008597612
0.005684614
0.005671501
0.005104065
0.004894257
0.004894495
0.004886866
0.003836870
0.008144617
0.005099535
0.004909992
0.005270481
0.004899979
0.004891157
0.004886150
0.003855705
