1.693575621
0.752665520
0.737133741
0.790416956
0.757641792
0.758727789
0.768496752
0.703820229
0.739325285
0.796777487
0.754426718
0.986910105
0.788660049
0.771141529
0.744060516
0.736185312
0.736027241
0.988175154
0.766517639
0.714806795
0.728511333
0.756769896
0.737891197
0.671019554
0.772695780
0.774146795
0.719796181
0.735520840
0.761520624
0.745466471
0.786919117
0.778698206
0.733938217
0.784992933
0.762428522
0.766338825
0.756548643
0.771023989
0.755753279
0.727652788
0.749425173
0.776817560
0.720282078
0.721510649
0.743704081
0.770759344
0.749656677
0.732486725
0.743214369
0.753407478
0.765556335
0.772030592
0.736071110
0.744143248
0.802301884
0.731507301
0.781824827
0.717209101
0.732584953
0.742265463
0.736026049
0.752700090
0.729587078
0.777007103
0.727013588
0.760697126
0.729976892
0.757037401
0.780573368
0.768992186
0.734158278
0.761662006
0.722918034
0.758593559
0.771283865
0.731535435
0.771646738
0.783427238
0.761045218
0.772104740
0.746990919
0.756546021
0.745533705
0.744138241
0.733491659
0.767092466
0.773643255
0.778404236
0.725771904
0.756350756
0.777089119
0.759123564
0.770886183
0.741519213
0.721177816
0.771318436
0.785138130
0.805040359
0.702613115
0.740289927
