0.003200531
0.002949476
0.002120495
0.002325058
0.002009869
0.001983643
0.001965761
0.001985312
0.001970053
0.001956940
0.001957178
0.001969814
0.001963377
0.001963377
0.001955032
0.001956701
0.001964092
0.001961946
0.001966476
0.001955986
0.001957655
0.001978397
0.001965284
0.001963615
0.001945496
0.001955986
0.001955032
0.001961470
0.001965046
0.001955986
0.001955271
0.001962423
0.001955986
0.001964808
0.001960039
0.001956701
0.001961708
0.001965284
0.001958132
0.001951933
0.001957893
0.001966238
0.001958370
0.001959562
0.001950741
0.001953125
0.001962662
0.001960754
0.001963854
0.001960039
0.001956701
0.001956940
0.001962662
0.001963854
0.001958132
0.001950264
0.001959085
0.001974106
0.001983166
0.001971006
0.001961946
0.001962900
0.001962900
0.001961470
0.001949549
0.001953125
0.001960754
0.001959324
0.001959801
0.001987696
0.001955271
0.001959801
0.001962185
0.001961946
0.001953602
0.001955271
0.001960516
0.001960039
0.001962900
0.001954317
0.001952410
0.001971722
0.001958847
0.001959085
0.001952648
0.001951456
0.001958609
0.001962662
0.001958847
0.002007961
0.001960278
0.001960993
0.001965523
0.001957178
0.001971483
0.001951694
0.001980066
0.001957417
0.001974106
0.001951694
0.001967669
0.001963377
0.001976728
0.001963615
0.001946926
0.001953363
0.001961231
0.001957655
0.001953363
0.001950026
0.001947880
0.001960993
0.001972914
0.001962185
0.001948118
0.001948833
0.001958847
0.001957417
0.001956463
0.001951218
0.001956701
0.001962423
0.001953363
0.001950264
0.001942158
0.001942158
0.001507282
