0.167753696
0.171491623
0.174175501
0.174294710
0.173468828
0.174296379
0.173363447
0.173467875
0.173393011
0.173367262
0.174381733
0.173325062
0.174134493
0.150859833
0.173403263
0.175298929
0.173588991
0.173351049
0.173505306
0.173377752
0.173453808
0.173390627
0.173462629
0.173428774
0.173348188
0.173291922
0.173379660
0.150805235
0.176518440
0.180320978
0.181427956
0.181296349
0.180042028
0.180343866
0.181699514
0.180867672
0.179735184
0.180404902
0.181565046
0.181187391
0.181225777
0.156550169
0.181030512
0.183745384
0.181113720
0.183243036
0.184777260
0.184355497
0.182998180
0.182691097
0.183273554
0.184797525
0.183407784
0.182745934
0.182781696
0.160678148
0.183149576
0.182149172
0.183216810
0.182801723
0.182903767
0.182909727
0.182672262
0.183575392
0.184511185
0.184364080
0.182826757
0.182809591
0.182976484
0.159034014
0.180852413
0.181345940
0.181309223
0.180594444
0.181820631
0.181375980
0.181360006
0.180891752
0.182682991
0.182849646
0.182856560
0.181313515
0.181775570
0.159411192
0.179588556
0.181632519
0.182844877
0.181345940
0.180361271
0.181821346
0.181233883
0.181481361
0.181128502
0.182014942
0.181323290
0.181518078
0.181348801
0.157930136
0.178088903
0.181602716
0.181946278
0.180245876
0.180552721
0.181708336
0.180660963
0.179864168
0.179943562
0.182292223
0.181222916
0.181321144
0.180114508
0.156515598
0.179080963
0.181048632
0.182977438
0.182787418
0.181598186
0.181453466
0.181360960
0.181416988
0.181461096
0.181141615
0.183272123
0.182769299
0.182733536
0.157623053
0.181720018
0.180959225
0.182078600
0.183200359
0.183087826
0.180807114
0.182371855
0.181286335
0.183209181
0.182904720
0.181115150
0.181719065
0.183400869
0.158294916
0.181765318
0.183028221
0.181241512
0.181926012
0.183053732
0.182027578
0.181281090
0.181359768
0.183452129
0.183110952
0.182718039
0.182798624
0.182008743
0.159248352
0.179733753
0.182165623
0.182596684
0.182852745
0.182006598
0.183112860
0.182870388
0.182078838
0.183854103
0.181121826
0.182613373
0.182641983
0.182978153
0.158091068
0.181818008
0.182654619
0.182897091
0.181446791
0.181836843
0.183445215
0.182393074
0.181051016
0.182093143
0.183362722
0.182715654
0.182703257
0.181934834
0.159230709
0.180591106
0.183240891
0.182837725
0.182707548
0.182107687
0.183154106
0.182926655
0.182335138
0.181393862
0.181342363
0.183275461
0.182806253
0.182117939
0.159056902
0.179163456
0.178637266
0.178530216
0.178541899
0.178995609
0.181118488
0.181255579
0.179940462
0.178834677
0.178953171
0.180623293
0.179506779
0.178572655
0.156336784
0.176749468
0.176651239
0.178010941
0.177592278
0.177118540
0.178701401
0.178700209
0.177515268
0.176893711
0.179048061
0.178229570
0.177123785
0.178102255
0.155426741
0.178454638
0.180724144
0.178544998
0.178746939
0.180526495
0.179395199
0.178700209
0.180631876
0.180036068
0.179954052
0.179276705
0.180275679
0.179898262
0.156637430
0.181605816
0.181392670
0.181310892
0.181108713
0.181975842
0.181292295
0.181302309
0.181519508
0.181392193
0.181506395
0.183592081
0.182240248
0.181004524
0.158386230
0.179459810
0.180393934
0.180761576
0.179307461
0.181994438
0.180705309
0.180046558
0.179898262
0.180608988
0.181828499
0.181417465
0.179966688
0.179500580
0.158301115
0.178375721
0.176111460
0.176637888
0.178032637
0.176686049
0.176259041
0.177839518
0.177413702
0.177416086
0.177241087
0.177318573
0.177228212
0.177097797
0.153090715
0.173872948
0.175108433
0.176718473
0.175964832
0.174911499
0.176965475
0.177395344
0.176241159
0.176341772
0.176166534
0.175613403
0.174572706
0.175843239
0.153154612
0.175036430
0.176612854
0.177932501
0.177009821
0.176127672
0.178442955
0.177937508
0.175987005
0.176422834
0.177868605
0.176846743
0.176221132
0.177808762
0.154169083
0.174910069
0.179070950
0.181483984
0.180007696
0.179256201
0.180483103
0.179093122
0.178571939
0.178486347
0.179231882
0.179985523
0.180077076
0.179273129
0.156963587
0.177937269
0.179988146
0.180376291
0.178907156
0.178969383
0.180704117
0.179581165
0.178547859
0.179616451
0.180090904
0.180030346
0.178670883
0.178757668
0.155565739
0.174702644
0.176219702
0.175596237
0.176590443
0.176077843
0.175961733
0.176734686
0.176525593
0.176064491
0.175441742
0.176507711
0.175994635
0.175765514
0.152120590
0.173005342
0.173560858
0.173662663
0.173794985
0.173679352
0.173652172
0.173688889
0.173707962
0.173592567
0.173759699
0.173623323
0.173549175
0.173740387
0.151001692
0.173220158
0.173803329
0.173675776
0.173696280
0.173614264
0.173726320
0.173681736
0.173615456
0.173948288
0.173739910
0.173689842
0.173676014
0.173724890
0.150972366
0.173911095
0.173868895
0.173781395
0.173760891
0.173855305
0.173750401
0.173676014
0.173603058
0.173851013
0.173593044
0.173897743
0.173516035
0.173623323
0.150982141
0.174493551
0.173632145
0.173722506
0.173648119
0.173703432
0.173670292
0.173487663
0.173780680
0.173747301
0.173783541
0.173771381
0.173704863
0.173461437
0.151074171
0.175104856
0.174077749
0.175749302
0.174484968
0.175232172
0.175052404
0.175071001
0.175381422
0.176677465
0.175467968
0.174625158
0.175411701
0.176182032
0.153311014
0.174644232
0.174213648
0.176561117
0.174455643
0.173374653
0.175220013
0.174916744
0.174898386
0.174207449
0.176692963
0.174433231
0.173792601
0.176087379
0.153278589
0.173186541
0.173636913
0.173777819
0.173762321
0.173708677
0.173555136
0.175133228
0.174955130
0.173575640
0.173673153
0.173654318
0.173553705
0.173759699
0.151039839
0.174262762
0.173576355
0.173696995
0.173487186
0.173783779
0.173802614
0.173652172
0.173683167
0.173649073
0.173634768
0.173474789
0.173691511
0.173437119
0.151045322
0.173106670
0.173802137
0.173862219
0.173654318
0.173727512
0.173686504
0.173724174
0.173546076
0.173653841
0.173603058
0.173655033
0.173424006
0.173546076
0.151089668
0.176091194
0.176129818
0.176173687
0.176186323
0.176345825
0.175854206
0.177087307
0.176274061
0.176217318
0.176324129
0.176267862
0.176149845
0.176160097
0.153208494
0.173483849
0.175425291
0.174822569
0.174971819
0.174324512
0.176791430
0.175802708
0.174628496
0.175603628
0.174981833
0.174840689
0.174323797
0.176785469
0.152788401
0.173600674
0.174943686
0.173769474
0.173809528
0.173746347
0.173698425
0.173750877
0.175045252
0.174978495
0.173736334
0.173802137
0.175481558
0.174440384
0.151352167
0.174188375
0.173891783
0.173707485
0.173740864
0.173733950
0.173664808
0.173664331
0.173672676
0.173667431
0.173648119
0.173713684
0.173810959
0.173708439
0.151019573
0.173162460
0.173599958
0.174057484
0.173616171
0.173736095
0.173674345
0.173652172
0.173841238
0.173745871
0.173550844
0.173502445
0.173607111
0.173574924
0.150846481
0.176086426
0.176131487
0.176739216
0.177813053
0.177439928
0.176046133
0.176809072
0.177716017
0.177450180
0.176402807
0.176558733
0.177986622
0.177009344
0.153211355
0.175681829
0.176734447
0.177864313
0.177613497
0.177199602
0.176147461
0.178678989
0.178835869
0.177541971
0.176627636
0.178020716
0.176867008
0.176194668
0.153328896
0.175378323
0.173646450
0.175946474
0.175707340
0.174570322
0.176477671
0.175457954
0.174814939
0.174582243
0.175871372
0.176226139
0.175096035
0.175150156
0.153774261
0.173944235
0.173662186
0.173634052
0.173899651
0.173764944
0.173602104
0.173658133
0.173702002
0.173795700
0.173718691
0.173884630
0.173593760
0.173610687
0.151010513
0.172698975
0.173856258
0.173714876
0.173603058
0.173771858
0.173579216
0.173668385
0.173714876
0.173770666
0.173675776
0.173571348
0.173612118
0.173660994
0.151014566
0.173534393
0.173676014
0.173849344
0.173669338
0.173735619
0.173935413
0.173600197
0.173583031
0.173776627
0.173665762
0.173713446
0.173665285
0.173597336
0.150889158
0.175035954
0.173713684
0.173685074
0.173757553
0.173681974
0.173905849
0.173640013
0.173564196
0.173785210
0.173722029
0.173635960
0.173581600
0.173680782
0.151290655
0.174609661
0.173796415
0.173796177
0.173643589
0.173649073
0.173847198
0.173564434
0.173637867
0.173694372
0.173724413
0.173711061
0.173626423
0.173657179
0.150994062
0.173359632
0.173829556
0.173601627
0.173727274
0.173609495
0.173744440
0.173765182
0.173759937
0.173651934
0.173650742
0.173625231
0.173623800
0.173720360
0.151046276
0.174286127
0.173586369
0.173639536
0.174184799
0.175456762
0.174493790
0.173819065
0.173728943
0.173684359
0.173589706
0.173613310
0.173689365
0.173751354
0.151084661
0.174062490
0.175047636
0.174300909
0.175351620
0.174458265
0.173754215
0.175692558
0.175914764
0.176047325
0.174446344
0.176577806
0.175614595
0.174536943
0.152271509
0.174872875
0.174845695
0.175205469
0.174603462
0.175680876
0.177404642
0.176357746
0.174219370
0.176492691
0.175674438
0.174532652
0.175688267
0.176467657
0.153007984
0.174521208
0.175455093
0.176140070
0.175537109
0.176848412
0.175571918
0.174953222
0.176742077
0.176069498
0.176301718
0.175531387
0.176590681
0.176194429
0.152951241
0.174340010
0.173910856
0.175407410
0.175926447
0.175560236
0.176875830
0.175491810
0.174457788
0.175357580
0.176054716
0.176154137
0.176017046
0.176003695
0.152558088
0.176457882
0.178137064
0.179632902
0.177421093
0.177616358
0.179297686
0.178169012
0.177489996
0.179112434
0.180250168
0.179490089
0.178132534
0.178896427
0.155369043
0.183199406
0.182021379
0.183629751
0.182356119
0.181370974
0.183806896
0.182692051
0.182881594
0.182811499
0.182106256
0.183138132
0.182857275
0.182805777
0.158786297
0.183647394
0.182595968
0.183027506
0.182849646
0.182844877
0.182965755
0.182965040
0.182591438
0.183688641
0.183421850
0.184639692
0.183633327
0.182392836
0.159209490
0.179126740
0.179941416
0.180092335
0.179602146
0.178718090
0.180730820
0.179880619
0.180127382
0.179605484
0.180410147
0.179871798
0.179460526
0.178849697
0.157228947
0.174167871
0.177016735
0.175965071
0.177608967
0.177372694
0.177448034
0.176598310
0.178060770
0.176930666
0.175902605
0.177985191
0.177454948
0.176992416
0.152510881
0.173963308
0.173525572
0.173605919
0.173876286
0.175877333
0.175592422
0.174139500
0.176513672
0.174406528
0.173765898
0.173655033
0.175065994
0.174874783
0.151218891
0.174176216
0.173606396
0.173649073
0.173624516
0.173712730
0.173736095
0.173661470
0.173830032
0.175034285
0.175015450
0.173630714
0.173643351
0.173787355
0.150981188
0.172856808
0.173731327
0.173602343
0.175159454
0.174915552
0.174067020
0.175242424
0.174366236
0.173935652
0.175516367
0.176141977
0.175550222
0.174157381
0.152642488
0.174718142
0.175659895
0.174891233
0.177290201
0.177409649
0.176226377
0.175445795
0.177965879
0.175451517
0.175015688
0.176508665
0.177186251
0.177392244
0.153396845
0.174473047
0.176803827
0.176056623
0.176165819
0.175597429
0.176564217
0.176197052
0.175871134
0.174879551
0.177006245
0.177737951
0.177339554
0.176487446
0.153317690
0.174667597
0.173722029
0.173748732
0.175540686
0.175752640
0.174390793
0.176515579
0.175580263
0.174487114
0.173594952
0.175466061
0.175783396
0.174179316
0.152488470
0.174708128
0.175893068
0.174582720
0.176142693
0.176135302
0.176028967
0.176058769
0.176191330
0.175634623
0.174750090
0.176136732
0.176138639
0.176167488
0.152344704
0.175526857
0.175671101
0.177912474
0.176768541
0.176268101
0.176177502
0.177626133
0.177466154
0.177043676
0.177875757
0.177484035
0.177022696
0.175906181
0.154249907
0.175217152
0.176242828
0.175812960
0.176903725
0.177388191
0.177490234
0.176708937
0.177786350
0.176783562
0.176016569
0.176035881
0.178366661
0.178745270
0.154418230
0.175691605
0.174831390
0.174710751
0.173931360
0.175596714
0.174474001
0.173568010
0.175333500
0.174829006
0.175040007
0.174867630
0.174783230
0.174489260
0.150888205
0.174175501
0.175091267
0.174897671
0.174928427
0.175347805
0.176751375
0.174363136
0.173755407
0.176040888
0.176227093
0.174867392
0.175264597
0.176532984
0.151932716
0.177009821
0.176265001
0.177540779
0.177451611
0.177419662
0.177575350
0.177198648
0.178662300
0.178677320
0.177505970
0.177781820
0.179127455
0.178194284
0.154098988
0.174377203
0.176873922
0.178141117
0.178287029
0.176805735
0.177792788
0.176687479
0.176157713
0.176233292
0.177662134
0.177458286
0.177314997
0.176655769
0.154775620
0.175646067
0.176811695
0.174896479
0.175051689
0.176637650
0.175724030
0.174714327
0.175718069
0.176554680
0.175782204
0.174224854
0.176659107
0.175517559
0.151993752
0.174819469
0.173662663
0.175296545
0.174760342
0.175022840
0.174946308
0.174891472
0.174715042
0.173607111
0.175195932
0.174874067
0.174073219
0.175689459
0.152174950
0.175013304
0.174992800
0.175268412
0.176645994
0.175486803
0.174818754
0.174944878
0.176246405
0.176138163
0.175585270
0.176476002
0.175549269
0.174829245
0.151968002
0.174794912
0.175700665
0.174256563
0.175489187
0.176856995
0.174616337
0.175754786
0.176783323
0.176317215
0.175178051
0.176636457
0.175624132
0.174889803
0.152090549
0.176430941
0.174183846
0.176508904
0.174628258
0.173595428
0.176125288
0.176236391
0.176263809
0.175265789
0.174906969
0.175269604
0.174642086
0.175992250
0.153243780
0.174530983
0.175750494
0.174797058
0.176301003
0.176138401
0.175662518
0.176468611
0.175665855
0.174945593
0.174965858
0.176261902
0.176125765
0.174957991
0.152088165
0.175894499
0.174392223
0.176738262
0.175921440
0.174810886
0.176130533
0.176177025
0.176068544
0.175492287
0.177004099
0.175820351
0.174706697
0.176278591
0.153168678
0.174751520
0.173730135
0.175413609
0.176465034
0.176238060
0.175547600
0.176591158
0.175512314
0.175192356
0.174584389
0.176026106
0.176255703
0.175072670
0.152037144
0.176856279
0.177368164
0.176912308
0.177669048
0.177417755
0.176962614
0.176042080
0.178086758
0.179002285
0.178580761
0.177251816
0.177345991
0.177473307
0.154059172
0.179410696
0.178195477
0.180459023
0.179653883
0.178751707
0.178787470
0.180573702
0.180219650
0.178761244
0.179102421
0.180406332
0.180175543
0.179685831
0.155509710
0.175082445
0.176380396
0.178034544
0.176922321
0.176374435
0.178160906
0.177531242
0.176210165
0.176695585
0.177762032
0.177454233
0.177034616
0.176155806
0.154168606
0.173781157
0.174991608
0.175048590
0.174238205
0.175417423
0.174994230
0.174602747
0.173767328
0.175591230
0.175747871
0.174075842
0.175526619
0.174926996
0.151985168
0.173977852
0.173739195
0.173748255
0.173755169
0.173640013
0.173741817
0.173598289
0.173666477
0.173761845
0.173579454
0.173667669
0.175197601
0.174825907
0.151219606
0.174607038
0.176381588
0.176175594
0.175140858
0.174791336
0.174917221
0.174894094
0.175050020
0.176541805
0.176392317
0.175946951
0.174179792
0.176640987
0.153086424
0.175288439
0.176121712
0.177359581
0.177089453
0.175442934
0.176458597
0.176234245
0.174836874
0.176405668
0.177582741
0.177403927
0.176996946
0.177723646
0.153887272
0.176528215
0.174407244
0.175722599
0.174593449
0.176011801
0.176254511
0.176332235
0.176228285
0.175543070
0.174947739
0.174658775
0.176919460
0.177478075
0.153294086
0.173587084
0.174442291
0.176588774
0.175578356
0.174864769
0.174875021
0.176280260
0.176034689
0.175297499
0.176368952
0.176016331
0.174457312
0.175512791
0.153418064
0.174497604
0.173838615
0.173766613
0.175809622
0.175768852
0.173953295
0.173802137
0.175588608
0.174773216
0.173699379
0.175002813
0.174956083
0.174156904
0.152508974
0.172793627
0.173553467
0.173644066
0.173579931
0.173692465
0.173663855
0.173616409
0.173628807
0.173469067
0.173587084
0.173658371
0.173625708
0.173611641
0.150964737
0.174977779
0.174953222
0.175518036
0.176580906
0.175693750
0.174683332
0.176363468
0.176207542
0.176126242
0.175578117
0.176484823
0.176121712
0.176071405
0.152149200
0.176032066
0.176106215
0.176224709
0.177997589
0.177036285
0.176050186
0.176749706
0.177774906
0.176889896
0.175294161
0.177831650
0.176815987
0.176146030
0.153125763
0.174853325
0.173650980
0.173820734
0.175445318
0.174638033
0.173690081
0.174893618
0.174945116
0.174143076
0.175297260
0.174267530
0.173586369
0.175174236
0.152211189
0.174098730
0.173609257
0.173606157
0.174674988
0.174923658
0.174242258
0.175431490
0.174547672
0.173531055
0.175152302
0.174812555
0.173706055
0.173531532
0.150941610
0.173541546
0.173843384
0.173628330
0.173738003
0.173785210
0.173691034
0.173672438
0.173584461
0.173669815
0.173784018
0.173704863
0.173627615
0.173544407
0.150976658
0.173065424
0.173799515
0.173770905
0.173793316
0.173635721
0.173644543
0.173738241
0.173681021
0.173703671
0.173807383
0.173553228
0.173578024
0.173706770
0.151015282
0.174735546
0.173542976
0.173814774
0.173441648
0.173621655
0.173765898
0.173583269
0.173562288
0.173522234
0.173693419
0.173575401
0.173599482
0.173583746
0.150965929
0.172955990
0.173664808
0.173635006
0.173621178
0.173507929
0.173760176
0.173524380
0.173526049
0.173691988
0.173617840
0.173637152
0.173516512
0.173645496
0.151108980
0.173229694
0.175836086
0.174706936
0.176038742
0.176173687
0.176239252
0.175472736
0.176470995
0.175633669
0.174623966
0.175922155
0.176088810
0.174983501
0.152131319
0.173968315
0.174828768
0.174760342
0.174599171
0.175469637
0.174957275
0.174751997
0.175378799
0.176582575
0.175621510
0.174514294
0.175538063
0.176442385
0.153174400
