2.452437639
2.474395275
2.556832075
2.593192577
2.591237545
2.572879791
2.564499378
2.558591604
2.582884312
2.585834026
2.582792521
2.578787327
2.594976187
2.595474243
2.541425705
2.516713619
2.565250397
2.571143866
2.556516409
2.508061886
2.489930153
2.517041922
2.548662186
2.543357134
2.493839502
2.464057207
2.464833260
2.463599682
2.466849566
2.491307020
2.482485294
2.468721390
2.466077328
2.461525202
2.501310587
2.483031750
2.479658604
2.467833757
2.461153984
2.509086847
2.513139248
2.495469570
2.467273235
2.473743439
2.460894346
2.474603176
2.465590000
2.472711086
2.468037844
2.484251738
2.495283365
2.496321917
2.493691206
2.525422573
2.583895445
2.593369961
2.547611952
2.501222134
2.473231077
2.465906858
2.483455896
2.503667831
2.504885912
2.482228518
2.491673470
2.508489132
2.513824224
2.479407072
2.479862928
2.528085709
2.519804001
2.494712353
2.484098673
2.492093086
2.488975763
2.487364531
2.494895697
2.489598751
2.493914127
2.514210939
2.545721054
2.511594296
2.475903511
2.465404272
2.490183592
2.500972986
2.501209736
2.486956358
2.478840351
2.458535194
2.490388155
2.499411821
2.471281290
2.478680849
2.465258360
2.460552454
2.475915432
2.466556787
2.488390207
2.489313364
