0.050448895
0.051890373
0.051463127
0.051486969
0.051179171
0.051532030
0.051833868
0.051730871
0.051469803
0.051410913
0.051455498
0.051448345
0.051468134
0.051520109
0.051509857
0.051478863
0.051459789
0.051462173
0.051506042
0.051190376
0.051155329
0.051591158
0.051779985
0.051507711
0.051469326
0.051487446
0.051387072
0.051395178
0.051375866
0.051373005
0.051419497
0.051362276
0.051413298
0.051399708
0.051433802
0.051589489
0.051490307
0.051566601
0.051506281
0.051224470
0.051077843
0.051757097
0.051798582
0.051509619
0.051464081
0.051444530
0.051396847
0.051207304
0.051207304
0.051684856
0.051888704
0.051686287
0.051472187
0.051440001
0.051455259
0.051396370
0.051419497
0.051995277
0.052127361
0.051865101
0.052006006
0.051859617
0.051895142
0.051422596
0.051424742
0.052117348
0.052228451
0.051779985
0.051760197
0.051796436
0.051928043
0.051820993
0.051831961
0.051758051
0.052002430
0.051849365
0.051863194
0.051832676
0.051822901
0.051429272
0.051459074
0.051422834
0.051445007
0.051409483
0.051429510
0.051432371
0.051673412
0.051406622
0.051412582
0.051426411
0.051440477
0.051390409
0.051448822
0.051458359
0.051442146
0.051438808
0.051401854
0.052307844
0.052206993
0.051817179
0.051927328
0.051805496
0.051764011
0.051477909
0.051451206
0.051420927
0.051403999
0.051424265
0.051424742
0.051536560
0.051515579
0.051459789
0.051481724
0.051459551
0.051474094
0.051460981
0.051508427
0.051620722
0.051597595
0.051536083
0.051493406
0.051481247
0.051475048
0.051469326
0.051506281
0.051527500
0.051501036
0.051483870
0.051505089
0.051459312
0.051452160
0.051459551
0.051470280
0.051481724
0.051216602
0.051115990
0.051455259
0.051896095
0.051728487
0.051514626
0.051456928
0.051469088
0.051437378
0.051434994
0.051416397
0.051435709
0.051395416
0.051424026
0.051388979
0.051452398
0.051388502
0.051415205
0.051418304
0.051420212
0.051403284
0.051408291
0.051398993
0.051433563
0.051450491
0.051420689
0.051454306
0.051482201
0.051493168
0.051430464
0.051982403
0.052140474
0.051880598
0.051772118
0.051740646
0.051769018
0.051704407
0.051763773
0.051759005
0.051793098
0.051817656
0.051815510
0.051849842
0.051804543
0.051473379
0.051440001
0.052037716
0.052139997
0.051838875
0.051748514
0.051823139
0.051793575
0.051477909
0.051430702
0.051416397
0.051408291
0.051440716
0.051485538
0.052181005
0.052191973
0.051930428
0.051929951
0.051808834
0.051672935
0.051543713
0.051412582
0.051443100
0.051430464
0.051462650
0.051426888
0.051451206
0.051447630
0.051443100
0.051427364
0.051472425
0.051463842
0.051480532
0.051451445
0.051492214
0.051486015
0.051399708
0.051392317
0.051468611
0.051414490
0.051412582
0.051391363
0.051403284
0.051424742
0.051514149
0.051421165
0.051482439
0.051602602
0.051013708
0.051226139
0.051735878
0.051686525
0.051446915
0.051420450
0.051418781
0.051423550
0.051367760
0.051402807
0.051426888
0.051270008
0.051088572
0.051507950
0.051771641
0.051633120
0.051456690
0.051451683
0.051473379
0.051153421
0.051067352
0.051362514
0.051764965
0.051656485
0.051456213
0.051456213
0.051427126
0.051254749
0.051068068
0.051488400
0.051801443
0.051568270
0.051479578
0.051478148
0.051442862
0.051466465
0.051452160
0.051401854
0.051384211
0.051162243
0.051012516
0.051738024
0.051792860
0.051488876
0.051457644
0.051497698
0.051445723
0.051444292
0.051402330
0.051454067
0.051424026
0.051435709
0.051430225
0.052019119
0.052156210
0.051953316
0.051865816
0.051802397
0.051758051
0.051505566
0.051436424
0.051422358
0.051440954
0.051608801
0.051483393
0.051458597
0.051448107
0.051437378
0.051430464
0.051513672
0.051426411
0.051414013
0.051433325
0.051482916
0.051434278
0.051452875
0.051462412
0.051525831
0.051453829
0.051407576
0.051460028
0.051417112
0.051431179
0.051392078
0.051369190
0.051358938
0.051394939
0.051455259
0.051423788
0.051385641
0.051379919
0.051349401
0.051373005
0.051401615
0.051350355
0.051406384
0.051462173
0.051422834
0.051438808
0.051518679
0.051475286
0.051476479
0.051447392
0.051482439
0.051384449
0.051581621
0.051424503
0.051486254
0.051535368
0.051512003
0.051479340
0.051548004
0.051459789
0.051443338
0.051390409
0.051497459
0.051519156
0.051451206
0.051428556
0.051440954
0.051474810
0.051498413
0.051471472
0.051491737
0.051484108
0.051484585
0.051493883
0.051549673
0.051499605
0.051481724
0.051493168
0.051442385
0.051532507
0.051442146
0.051447868
0.051475525
0.051431656
0.051424742
0.051664829
0.051467657
0.051487207
0.051506519
0.051498890
0.051451683
0.051446438
0.051503420
0.051310301
0.051153183
0.051282644
0.051874161
0.051753283
0.051675081
0.051556110
0.051482916
0.051452875
0.051525831
0.051500082
0.051557541
0.051478386
0.051395416
0.051393509
0.051435709
0.051425457
0.051389456
0.051449299
0.051473856
0.051490545
0.051523209
0.051481724
0.051467657
0.051477194
0.051474094
0.051433563
0.051465750
0.051467896
0.051486015
0.051483154
0.051526308
0.051525354
0.051457405
0.052126408
0.052289248
0.051934719
0.051866770
0.051890373
0.051890135
0.051651955
0.051573038
0.051514149
0.051557302
0.051589012
0.051466703
0.052025318
0.052219391
0.051882029
0.051801682
0.051827192
0.051823854
0.051430702
0.051372051
0.051388502
0.051414013
0.051409483
0.051389933
0.051439762
0.051491261
0.051599264
0.051603794
0.051393509
0.051561117
0.051457644
0.051434278
0.051419735
0.051507473
0.051531315
0.051435471
0.051462650
0.051431179
0.051420689
0.051421165
0.051378250
0.051412821
0.051419258
0.051456690
0.051466703
0.051487923
0.051512241
0.051485538
0.051409245
0.051415443
0.051411867
0.051409960
0.051413059
0.051444292
0.051433086
0.051496983
0.051470041
0.051440477
0.051246643
0.051331043
0.051846981
0.051782131
0.051526308
0.051648617
0.051526785
0.051542282
0.051548481
0.051581144
0.051590681
0.051283121
0.051133394
0.051563263
0.051902294
0.051639795
0.051453829
0.051474333
0.051471710
0.051244497
0.051131725
0.051385403
0.051781654
0.051691294
0.051480055
0.051470995
0.051438808
0.051254988
0.051095963
0.051089525
0.051060677
0.051029205
0.051035881
0.051564455
0.051791430
0.051538467
0.051449537
0.051426649
0.051461935
0.051270485
0.051052570
0.051016569
0.051085472
0.051113605
0.051127911
0.051516056
0.051823616
0.051649332
0.051484823
0.051369905
0.051371098
0.051139355
0.051035881
0.051048279
0.051101923
0.051069498
0.051076174
0.051655531
0.051770210
0.051424026
0.051403522
0.051456690
0.051442385
0.051098585
0.051109076
0.051554680
0.051803350
0.051536322
0.051398277
0.051374912
0.051476002
0.051406622
0.051440716
0.051406145
0.051380634
0.051397800
0.051438570
0.051463842
0.051494122
0.051396847
0.051398754
0.051373005
0.051407576
0.051401377
0.051401615
0.051410198
0.051408052
0.051134109
0.051060915
0.051700115
0.051803827
0.051504612
0.051514149
0.051470041
0.051500320
0.051162243
0.051142931
0.051830530
0.051799774
0.051445246
0.051416397
0.051378965
0.051400661
0.051425457
0.051438570
0.051379919
0.051437616
0.051428795
0.051398754
0.051388264
0.051401615
0.051412106
0.051367760
0.051477909
0.051427603
0.051110029
0.051052332
0.051099539
0.051160097
0.051233768
0.051242828
0.051878452
0.051729918
0.051434755
0.051426649
0.051449299
0.051255703
0.050998449
0.051034212
0.051033020
0.051035643
0.051026106
0.051010132
0.051775694
0.051763773
0.051425695
