0.188514709
0.193141460
0.192930460
0.192873478
0.192814350
0.192975998
0.192934752
0.192721128
0.183325052
0.193280935
0.192725182
0.192867994
0.193097591
0.192779064
0.192844868
0.192974806
0.193133354
0.183288097
0.193164825
0.192780256
0.192831039
0.193183184
0.192778349
0.193034887
0.192674398
0.193131685
0.183197260
0.193587542
0.192988873
0.192777157
0.192893505
0.192992210
0.192882061
0.192761898
0.192797184
0.183295488
0.193486929
0.193057537
0.192969322
0.192721605
0.192975760
0.192769289
0.192778111
0.192980528
0.184459448
0.194574356
0.194396973
0.194329023
0.196171761
0.193449974
0.192636728
0.194884300
0.193608761
0.183205605
0.195674181
0.195583105
0.195496798
0.195537090
0.195682287
0.195538998
0.196171522
0.197010040
0.187154770
0.198109388
0.196481466
0.198667526
0.197376490
0.198938847
0.198199511
0.197757483
0.198899031
0.187877893
0.200117826
0.197563887
0.199942112
0.199102640
0.198243618
0.198197126
0.198197603
0.198315144
0.188380957
0.200423241
0.199318409
0.201350689
0.200823545
0.201408625
0.201043367
0.199965954
0.199984312
0.191529274
0.200159311
0.203100681
0.201216936
0.201856613
0.201071739
0.201029539
0.201025248
0.203105450
0.192516804
0.201746225
0.201804638
0.202909470
0.202445984
0.202679396
0.203357935
0.204385281
0.202946186
0.192438841
0.202564001
0.203280449
0.202688694
0.204610825
0.203995943
0.203512430
0.202680349
0.202620506
0.192818642
0.199727058
0.203409910
0.202757359
0.202637434
0.202588320
0.205041409
0.203384399
0.202884674
0.194975853
0.198256493
0.203477859
0.202589273
0.202791214
0.202633142
0.202850819
0.202679157
0.202742815
0.195206642
0.198311806
0.204898834
0.203740120
0.202693939
0.202587128
0.202539921
0.202525377
0.202498198
0.195062160
0.199835539
0.203669310
0.205053568
0.203708410
0.205005646
0.203515768
0.205235958
0.204282999
0.193354368
0.200999975
0.205146074
0.204405308
0.204295397
0.204115391
0.204184532
0.203714371
0.205134392
0.193485737
0.201232433
0.205004692
0.203310251
0.202612162
0.205086708
0.204270840
0.204283476
0.203630447
0.195132017
0.199446201
0.205114365
0.203507662
0.205085993
0.203528404
0.202672243
0.205204725
0.203862667
0.195106030
0.198371887
0.203534126
0.202313662
0.201068163
0.203549385
0.201971292
0.203654289
0.203002214
0.192629099
0.200756788
0.202944994
0.202743530
0.202322006
0.203667879
0.202754974
0.202652693
0.202489853
0.192598820
0.202460527
0.202783108
0.202537537
0.204334736
0.204491854
0.204507113
0.203958988
0.202609301
0.192593813
0.202470303
0.201727629
0.202885866
0.202496290
0.202630758
0.201676369
0.203083515
0.202005148
0.193430901
0.196844101
0.201869965
0.200706005
0.202265024
0.203362465
0.202123642
0.201275349
0.201074600
0.193375349
0.201812983
0.202696323
0.203031540
0.202408314
0.202701569
0.202513456
0.202849388
0.200981379
0.191190958
0.199871302
0.201748610
0.201370239
0.201399803
0.201076984
0.201209307
0.201051712
0.203449965
0.192097664
0.201295853
0.201497078
0.203101635
0.202505112
0.203052282
0.202739716
0.202621698
0.202579021
0.192555904
0.202385902
0.201313496
0.201501846
0.203192711
0.202549219
0.201682329
0.201654434
0.203162909
0.191481829
0.198256016
0.200621128
0.201975107
0.201198578
0.200922012
0.200960636
0.201105356
0.200926542
0.193319559
0.203847885
0.201144218
0.201343298
0.201144695
0.201170683
0.201169491
0.201128721
0.201036930
0.191765785
0.201897383
0.201266289
0.203420639
0.201876402
0.201392174
0.203438044
0.201901674
0.203486919
0.192740679
0.198889732
0.201784372
0.203279495
0.202703714
0.202565193
0.203526735
0.202491522
0.203291655
0.192652702
0.203359604
0.202728033
0.202712297
0.202830315
0.202980757
0.202744246
0.202725172
0.202883482
0.192580223
0.203862429
0.202238560
0.202834368
0.202764034
0.202656984
0.202588558
0.203444958
0.204440117
0.193447590
0.204754114
0.202014685
0.203001499
0.202726364
0.201718330
0.203104973
0.202845335
0.202602148
0.192715168
0.198185205
0.203659058
0.201882124
0.201321363
0.201161623
0.201181889
0.203772783
0.202158213
0.191264629
0.202024937
0.202791691
0.202665806
0.202548027
0.203169823
0.202825785
0.202611685
0.204691172
0.194158316
0.203399181
0.201935053
0.202849865
0.202234745
0.202816248
0.202267170
0.202899456
0.201272011
0.191807747
0.202887297
0.201967955
0.203352451
0.201895952
0.203225374
0.201695204
0.203331232
0.202886581
0.192027569
0.196595192
0.203454494
0.202343702
0.201192856
0.201158047
0.201106071
0.203440666
0.202286243
0.193516254
0.201821327
0.201258421
0.202858448
0.203007221
0.201159954
0.203108311
0.202512026
0.202628374
0.192514181
0.202102423
0.201693535
0.203051805
0.201490402
0.201461077
0.202998161
0.201836586
0.202975988
0.191571236
0.199124813
0.201122522
0.201376438
0.201228380
0.201350689
0.201220989
0.201306820
0.203055859
0.192642450
0.202538013
0.201010704
0.201371193
0.201155186
0.201677084
0.203139305
0.202123404
0.203181982
0.192682505
0.196845531
0.202020645
0.201299429
0.201163054
0.201051950
0.200708628
0.201892614
0.201265574
0.191115856
0.202489376
0.200688362
0.201156616
0.201253653
0.201224089
0.201831579
0.202929258
0.202578545
0.191943645
0.197009563
0.201968431
0.201409578
0.200616360
0.199659109
0.202159882
0.200773716
0.199539185
0.191841125
0.201843262
0.201745510
0.202924967
0.201161861
0.201083422
0.201104164
0.201043129
0.201225042
0.191102982
0.204192400
0.201706171
0.201195240
0.203346968
0.202486038
0.201934099
0.203348637
0.201874733
0.191147327
0.200333118
0.202055693
0.200985670
0.201944351
0.201052427
0.201170206
0.203321695
0.202491283
0.193214178
0.202012777
0.201046944
0.201091290
0.201252222
0.201252699
0.201217651
0.202295780
0.202802420
0.192216873
0.200212955
0.201629162
0.201393127
0.201357603
0.203347445
0.201973438
0.201208115
0.201294422
0.191323757
0.201139212
0.203036070
0.202518940
0.201103687
0.202901602
0.202972174
0.202822208
0.202883244
0.192813635
0.202548265
0.200478315
0.201173544
0.201026440
0.201216936
0.201643229
0.203041553
0.201705217
0.191278458
0.195825577
0.203258991
0.200891018
0.202257156
0.201128483
0.200687647
0.202241659
0.203172922
0.192418098
0.203147650
0.202681541
0.202780485
0.201285124
0.201233149
0.202426910
0.202739239
0.201251507
0.191222429
0.203289032
0.200491905
0.203172207
0.201822281
0.201122522
0.201167107
0.201352835
0.203450203
0.192618608
0.197690964
0.203065395
0.200917244
0.202957630
0.202466249
0.201200724
0.201261997
0.201349258
0.193326235
0.202970266
0.200598955
0.201246262
0.201102018
0.201434135
0.202611923
0.201159716
0.200963497
0.191389084
0.199547291
0.202009201
0.201355219
0.201133728
0.201054811
0.201076269
0.201129436
0.201275826
0.191296816
0.202129126
0.203158855
0.202645302
0.202693462
0.203174591
0.202943563
0.202469826
0.202600956
0.192864180
0.203105927
0.201981544
0.203017950
0.202661276
0.201498032
0.201642752
0.203157902
0.202830315
0.191474676
0.194962740
0.201719761
0.200956583
0.201098919
0.201207876
0.201189280
0.203362226
0.202823877
0.192559719
0.201423407
0.202878237
0.202618599
0.202759743
0.202388525
0.202642202
0.202716351
0.202693224
0.192819595
0.203313828
0.201717615
0.201515675
0.203114510
0.201930285
0.203136683
0.202806473
0.202541590
0.192677498
0.198652029
0.201733828
0.201069832
0.201153278
0.201307297
0.201354980
0.201128721
0.201138496
0.193513393
0.203324795
0.200449228
0.201180935
0.202060938
0.202877522
0.202729464
0.202577591
0.202685595
0.192612648
0.196711540
0.203286171
0.201955318
0.201104879
0.201238155
0.201112986
0.203645706
0.202176332
0.191312313
0.201505423
0.202709675
0.202522516
0.203057766
0.202750206
0.202905416
0.202660084
0.202942371
0.192700624
0.202742577
0.200963259
0.201277971
0.202110291
0.202811480
0.201367140
0.201069355
0.201952457
0.192755222
0.197386026
0.202210188
0.201262474
0.201307297
0.203866005
0.201970339
0.201246738
0.201100588
0.191474438
0.201696634
0.202717066
0.202554941
0.202903509
0.202549934
0.202736855
0.202748775
0.202859163
0.192775726
0.203314066
0.201859474
0.202981710
0.201367617
0.201717377
0.202786684
0.202381372
0.202277422
0.193075895
0.196709394
0.202041626
0.201041222
0.202017784
0.200515747
0.201896906
0.201397419
0.201150417
0.191228628
0.201498508
0.201252699
0.201685905
0.203114510
0.202625513
0.203014135
0.201360941
0.201347351
0.191235065
0.200426817
0.201889515
0.203188181
0.201874733
0.201374292
0.201261520
0.200957060
0.200812101
0.192059278
0.202133656
0.202487707
0.202808857
0.202687263
0.204724312
0.204178572
0.202749491
0.202556849
0.192558289
0.201739311
0.201139450
0.201634407
0.202870369
0.203123331
0.201828003
0.203003168
0.202164412
0.193003654
0.198069096
0.201931238
0.200775623
0.202040672
0.201273441
0.201031208
0.201059818
0.201333284
0.193058491
0.201503754
0.201193810
0.201135397
0.201528311
0.201288700
0.201134443
0.201209307
0.201268435
0.191529512
0.198015213
0.201927662
0.201313734
0.201207399
0.201237917
0.201210499
0.201103926
0.203352451
0.192608833
0.202057362
0.200823307
0.201573849
0.201310396
0.200587749
0.201049805
0.201262236
0.201064348
0.191674232
0.195594072
0.202356577
0.201099873
0.201090336
0.200633526
0.199995041
0.202003479
0.200826168
0.190035105
0.202027082
0.201703072
0.202772617
0.202471733
0.202662468
0.201101780
0.201317787
0.201117277
0.191304445
0.201472998
0.201965094
0.203155041
0.201861382
0.203577995
0.201715946
0.201314926
0.201323986
0.191328526
0.200490713
0.201372862
0.201045513
0.201070309
0.201255798
0.203240633
0.202579021
0.201192617
0.192918301
0.201841116
0.201332092
0.201763630
0.202957869
0.202265263
0.203359604
0.202833652
0.202751637
0.191653967
0.198100805
0.201514244
0.201071978
0.202035666
0.200936317
0.199718475
0.201874733
0.201259851
0.191333055
0.201041937
0.201312780
0.202975988
0.201311827
0.200605869
0.203071594
0.201333046
0.201167345
0.191938400
0.195703983
0.201996803
0.200892687
0.202050924
0.201179028
0.201074123
0.200507641
0.201879501
0.191098452
0.201676369
0.201203108
0.201351166
0.200865746
0.201232672
0.201259851
0.201132059
0.201024532
0.191871405
0.198709726
0.201776028
0.201049805
0.201387405
0.201140165
0.201137781
0.201122046
0.201174021
0.191290855
0.201992273
0.202975273
0.202618122
0.201198101
0.202764034
0.202630043
0.201077223
0.201096773
0.191229582
0.201669693
0.201665640
0.201202869
0.201300383
0.201389313
0.201185465
0.201261759
0.201013565
0.191441536
0.200595856
0.202544689
0.202601194
0.201162100
0.201147556
0.202823639
0.202430964
0.201053619
0.191081047
0.202626467
0.201230288
0.201306105
0.201227903
0.201230764
0.201146126
0.201174021
0.201125145
0.191253901
0.201411486
0.201448917
0.201151848
0.201179266
0.203202724
0.202486753
0.203023911
0.202621222
0.192564249
0.202136040
0.201177359
0.200889826
0.201758623
0.200460196
0.201809883
0.201432467
0.203353882
0.191842794
0.198605299
0.201089382
0.200959921
0.201719761
0.201026440
0.201281786
0.203144312
0.202853441
0.193103552
