1.777683258
1.774026394
1.774483919
1.788317204
1.779067516
1.795026541
1.804820776
1.819253922
1.835775614
1.843119144
1.853478193
1.865016460
1.876021862
1.870988131
1.865210295
1.874920130
1.878797770
1.874635935
1.871774435
1.885182619
1.857816696
1.864475250
1.881206274
1.863042831
1.848816156
1.860979319
1.854222059
1.868962049
1.858370543
1.854255438
1.866180420
1.858339548
1.862037659
1.862721443
1.879131794
1.874032497
1.852434635
1.869741678
1.863875389
1.870965958
1.864066124
1.865232468
1.862150669
1.852505207
1.860725641
1.851197481
1.855390310
1.847548962
1.874654531
1.860863686
1.860168695
1.877710581
1.861717463
1.863414526
1.854193211
1.853004456
1.860086679
1.859117031
1.861909628
1.855602503
1.851508141
1.866445780
1.863511562
1.874402761
1.863329411
1.862373114
1.857080221
1.862638712
1.873372555
1.876188755
1.853646994
1.853947401
1.861353636
1.869499207
1.854991198
1.856955290
1.854409695
1.866065264
1.872442245
1.848261595
1.853347778
1.860905170
1.859174728
1.854571819
1.852118731
1.866702318
1.856133938
1.857092619
1.849450588
1.858254194
1.856112719
1.850883722
1.857741356
1.856610060
1.853814602
1.861259460
1.850230694
1.868041992
1.853339672
1.864405394
