0.052717209
0.053576469
0.053364992
0.053123236
0.053210497
0.053179502
0.053137541
0.053132296
0.054281712
0.054363251
0.053953409
0.053965569
0.053950787
0.053865433
0.053557158
0.053500891
0.053534269
0.053506851
0.053509235
0.053504229
0.053547144
0.053514242
0.053518295
0.053535461
0.053524733
0.053255796
0.053097963
0.053843975
0.054008484
0.053567886
0.053523064
0.053502321
0.053540468
0.053630829
0.053528070
0.053561926
0.053533792
0.053580523
0.053529978
0.053552389
0.053519249
0.053509951
0.053526402
0.053525448
0.053292036
0.053112745
0.053673267
0.053983212
0.053639174
0.053550482
0.054312468
0.054376602
0.053950071
0.053945065
0.053941250
0.053950548
0.053952456
0.053953886
0.053509951
0.053482533
0.053132296
0.053549767
0.054382086
0.054161310
0.053972960
0.053970098
0.053935528
0.053652525
0.053535461
0.053526163
0.053733349
0.053553343
0.053532839
0.053566933
0.053531408
0.053510904
0.053521395
0.053519487
0.053529501
0.053563833
0.053497553
0.053506374
0.053512573
0.053541660
0.053515434
0.053506613
0.053517580
0.053526402
0.054151058
0.054377317
0.054030657
0.053944111
0.053936958
0.053960800
0.053525925
0.053539991
0.053518057
0.053516626
0.053509712
0.053507328
