2.223323345
1.946016073
1.873935938
1.871193647
1.951942444
1.797752857
1.913314819
1.880963802
1.882481098
1.287431002
2.183894396
1.860516310
1.961728811
1.849706411
1.908055544
2.089330196
1.784441471
1.866062403
1.999658108
1.190648794
2.201345205
1.933360100
1.891633749
1.891859293
1.920175076
1.805239916
1.760394573
1.761193991
1.905883551
1.201935768
2.155845404
1.889464378
1.906178951
1.848364592
1.831916094
1.820039749
1.828063250
1.967175722
1.819300652
1.334609032
2.189606428
2.260415077
1.827469110
1.879318476
1.799823523
1.851959467
1.880295515
2.023903131
1.821290493
1.264088154
2.184591055
1.916793585
1.824954510
1.829370975
1.872748852
1.879356623
1.839443684
1.898641109
1.828367710
1.226189137
2.199136734
1.931457520
1.900199175
1.866399527
1.829563379
1.889196634
1.870357037
1.759896517
1.781151056
1.261545658
2.205802679
1.883505583
2.003216743
1.840164185
1.836408377
1.787298441
1.812284470
1.796432734
1.798395395
1.249044895
2.212836266
2.007559538
1.924532413
1.860066175
1.916413784
1.942165375
1.810930014
1.876089334
1.773745775
1.231116056
2.287057638
1.910924673
1.855865479
1.863157511
1.877403259
1.818464279
1.841799498
1.791844130
1.790526867
1.270628452
2.256802320
1.908644199
1.887951136
2.027496576
1.849064589
1.959858418
1.753846884
1.924262524
1.825273275
1.199036598
2.200232029
1.903390408
1.923911572
1.789249420
1.917229176
1.907664061
1.752608061
1.747006178
1.908988953
1.263563395
2.213832617
1.902539968
1.900766373
1.887085915
2.040130138
1.773887157
1.814355373
1.752427101
1.783587694
1.289473534
2.223155737
1.899649143
1.905964851
2.077939749
1.918116093
1.914542198
1.830945253
1.792042017
1.844096184
1.211908340
2.180732489
1.829187155
1.862947941
1.980921268
1.844304085
1.864689589
1.841950417
1.789880991
1.817359686
1.334200144
2.240051746
1.868196249
1.970701933
1.843336582
1.824449301
1.840289354
1.791080236
1.975998640
1.811492920
1.235406399
2.148374557
1.957509995
1.945151567
1.950242996
1.867074490
1.837942839
1.797112465
1.798997641
1.813930988
1.230191469
2.174771070
1.853566885
1.870669603
1.936540842
1.933908701
1.868537903
1.802418232
1.899194479
1.816687107
1.219484329
2.228006601
1.849560976
2.090749025
1.868523836
1.798523903
1.795766592
1.756064892
1.915467024
1.751010895
1.238563061
2.134825468
1.919623375
1.933269978
1.952383995
1.816134691
1.775565386
1.770786524
1.987420321
1.780452490
1.234546185
2.219152927
1.932074785
1.876366615
1.988754272
1.798035860
1.799867630
1.790410280
1.703794241
1.812173128
1.217886925
2.176970959
1.877118349
1.849466562
1.936947107
1.956063271
1.804904461
1.788330317
1.794313908
1.728240252
1.225503922
2.199388504
1.855749130
1.917075634
1.965609074
1.895196199
1.835583210
1.796160936
1.906578064
1.814843416
1.226225615
2.350270748
2.035752773
1.878919363
1.846600771
1.788444757
1.792831898
1.778087139
1.894669294
1.862747669
1.266477346
2.224145651
1.839616776
1.858245373
1.892770290
1.814079762
2.018379211
1.889226675
1.842926741
1.848707676
1.209970236
2.191656351
2.001821518
1.925987005
1.880859137
1.876488447
1.835119724
1.806613445
1.809689522
1.754745245
1.286237955
2.285862684
1.932500124
1.865767479
1.883380651
1.847997189
1.877022743
1.884250879
1.800837994
1.806307316
1.270840406
2.221217394
1.836470127
1.919013977
1.933762074
1.862673283
1.852010727
1.760940552
1.753950357
1.855762959
1.197742939
2.379700899
1.932355642
1.860630989
1.851797104
1.838335276
1.843659878
1.791941166
1.895648479
1.916300774
1.202419758
2.547450781
1.980727673
1.849720240
1.858335257
1.801717281
1.830328226
1.823069096
1.767330170
1.767407656
1.304265499
2.203346491
1.846562862
1.884415388
1.839318275
1.899787188
1.958620071
1.914559841
1.789233208
1.773531199
1.191255808
2.229674101
1.926179647
1.800504208
1.854410648
1.967111826
1.935713053
1.913470984
1.844457150
1.850916386
1.238392115
2.177093744
1.883579254
1.826749563
2.025329828
1.857543230
1.816391230
1.798536062
1.815012932
1.816890240
1.236571312
2.251140356
1.861006975
1.829354286
1.931085825
1.844112158
1.818728685
1.830480337
1.902010918
1.856544971
1.270933867
2.171350479
1.969843864
1.836076975
2.014055967
1.859736204
1.855263472
1.808760405
1.922005415
1.853490829
1.173255682
2.143655777
1.842199087
1.824401617
1.884354353
1.865465164
1.861181974
1.839890242
1.945910454
1.925870419
1.209867954
2.278194904
1.911699057
1.847322941
1.865025520
1.891599655
1.935608625
1.771943569
1.793235540
1.835505724
1.227300167
2.182553053
1.878994465
1.956169128
1.911349773
1.852115393
1.837962151
1.757409573
1.922754288
1.900308371
1.197767019
2.280838728
1.909159184
1.845310450
1.957654476
1.804540873
1.879404306
2.029814720
1.774420023
1.876042366
1.190032721
2.248404264
1.888846636
1.902196646
1.876476526
1.869196892
1.859761715
1.768894911
1.872472286
1.897083998
1.233821869
2.157928228
1.923225164
1.818106890
1.929795504
1.867300034
1.848340750
1.834100246
1.820931435
1.782380342
1.216346741
2.425477028
1.811745167
1.880341530
1.873723984
1.854464293
1.830163479
1.865440130
1.793620348
1.769477129
1.243624687
2.246023417
1.855689526
1.873445749
1.812953472
1.889532804
1.838565350
1.778571367
1.788200617
1.772051573
1.203656673
2.297995329
1.871974707
1.913904667
1.869575024
1.862138271
1.877949476
1.813725233
1.772693157
1.788750410
1.190655708
2.187524557
1.892816782
1.819286108
1.883603334
1.878666162
1.890180349
1.786960363
1.876377344
1.820034027
1.197941303
2.174566269
1.841242790
1.896581888
1.829077721
1.913190126
1.824149847
1.787769556
1.772333860
1.737163782
1.211385965
2.239991426
1.986376762
1.852013588
1.997699976
1.870980740
1.969302177
1.810749769
1.795884371
1.862202883
1.220074177
2.134341002
1.881724834
1.867756128
1.848845720
1.932657003
1.813611269
1.767200232
1.752421856
1.796622992
1.212633610
2.540326118
1.862663269
1.831805229
1.843665838
1.880276918
1.801436901
1.726256847
1.739328623
1.753500223
1.228449583
2.146787167
1.878293037
2.018411636
1.791457415
1.913351297
1.830733061
1.771049023
1.790197849
1.838644505
1.323310137
2.223526239
1.967013597
1.938642740
1.838193893
1.841037273
1.845911503
1.922511816
1.786695242
1.824105024
1.254701614
2.162522554
2.019441843
1.891215324
1.834887505
1.881120682
1.836559534
1.886866093
1.837253809
1.917513609
1.280174255
2.273493052
1.908618927
1.927820444
1.890794992
2.042419195
1.858077049
1.867462873
2.013623476
1.893106222
1.204520226
2.248980761
1.924228907
1.919417381
1.863008976
1.827418327
1.825049162
1.795399666
1.811965704
1.914737463
1.221470833
2.276031017
1.849322557
1.930510759
1.878666639
2.046010971
1.874476671
1.858403444
1.767662764
1.763917446
1.213264465
2.231490850
2.013724566
1.876123190
1.902690887
1.824596167
1.993609905
1.875638723
1.816902161
1.807708502
1.202394724
2.187064886
1.815172434
1.928105116
1.864911079
1.963232279
2.155565739
1.805716991
1.845921755
1.993644714
1.253741741
2.188923359
1.854256392
1.882344007
1.900003195
1.831378460
1.911559343
1.860713482
2.058008671
1.921934366
1.219057798
2.164518356
1.970061779
1.918902874
1.841637850
1.923655272
1.870417356
1.814314604
1.790466309
1.820246220
1.212278128
2.196424961
1.849585295
1.799220562
1.814988375
1.811941624
1.859014034
1.872590065
1.781470537
1.777158976
1.207187653
2.188225269
1.881278515
1.860350847
1.916867256
1.857257843
1.999038935
1.810037851
1.799260616
1.805541515
1.286530256
2.189222813
1.868090630
1.885220289
1.838288069
1.884672642
1.789402008
1.769794226
1.924109936
1.977145910
1.251405001
2.220335007
1.842745543
1.879508495
1.874376535
1.851044893
1.887090445
1.931801319
1.959125519
1.942315102
1.181952000
2.212284327
1.851670265
1.826628685
1.838360310
1.872739077
1.904897451
1.817928076
1.789922237
1.825386047
1.211112261
2.180065632
1.999323845
2.021652222
1.908099651
1.903547525
1.870900869
1.774876118
1.833313465
1.823384047
1.278286219
2.169775009
1.865110159
1.882719517
1.954950809
1.892988682
1.872828245
1.887048483
1.799282312
1.826465845
1.210448980
2.174795389
1.840556860
1.890001774
1.947665691
1.869493246
1.890635252
1.975764751
1.911703825
1.793789864
1.365148067
2.168414354
1.947718143
1.872972965
1.840972185
1.883708000
1.846499681
1.776102781
1.816519976
1.804491997
1.245941401
2.194816351
1.934140444
1.860069513
1.836730003
1.815968513
1.813354254
1.804954767
1.803589344
1.908755064
1.233182907
2.284352779
1.876132011
1.946447611
2.004244328
1.931686640
1.974835634
1.911696196
1.794823647
1.775381804
1.195630550
2.185935736
1.856800795
1.855029345
1.821340084
1.983870268
1.822700262
1.840372324
1.798214197
1.781149387
1.311122179
2.158347368
1.831011534
1.894824505
1.936052084
1.788118601
1.938717365
1.909325123
1.742748022
1.974151373
1.178616285
2.218587637
2.077126026
2.004079819
1.845368862
1.810137749
1.839934587
1.972065210
1.866171122
1.906343222
1.227182865
2.306628227
1.899854660
1.849155188
1.947085142
1.818783522
1.820148468
1.823584080
1.817324877
1.793100834
1.230658054
2.172110081
1.826128721
1.984823704
1.981852055
1.949795246
1.840198278
1.877646923
1.953951836
1.807296038
1.206477165
2.236119509
1.834875822
1.856071234
1.867657185
1.897231579
1.800571918
1.834012508
1.915095568
1.842091084
1.203060627
2.171505451
1.881315470
1.872004032
1.848399878
1.882019520
1.866253138
1.865854025
1.866173029
1.870041609
1.315183401
2.142885208
1.878526926
1.852710009
1.921655655
1.853888273
2.030244112
1.793503046
1.907386780
1.961087227
1.220150709
2.142034531
1.959250450
1.891635418
1.955379963
1.917077065
2.022520065
1.789115429
1.803595543
1.797560930
1.187024117
2.224498749
1.943306684
1.935337782
1.910317898
1.879040241
1.850132465
1.855097294
1.863977194
1.790613413
1.207132339
2.105422497
1.897386551
1.905672312
1.886926174
1.828353167
1.822981834
1.964129448
1.851897717
1.837743044
1.236509800
2.164042234
1.833994150
1.821990013
1.897747993
1.919715405
1.861142874
1.791483402
1.927549124
1.800105810
1.224234343
2.123593569
1.828833818
1.835268021
1.916855812
1.832838058
2.047240257
1.859178543
1.777202368
1.776888371
1.206850052
2.165843487
1.842657328
1.951275349
1.848162889
1.859196663
1.926714897
1.848501205
1.900326014
1.812451601
1.226528168
2.207039356
1.869735479
1.951634645
1.824410439
1.865660667
2.027647257
1.791939974
1.815770626
1.831948996
1.211976051
2.184377432
1.846006155
1.842656851
1.863028288
1.927237511
1.843164921
2.007009029
1.903003454
1.860099792
1.227340460
2.284188032
2.017038107
1.860195875
1.924212694
1.871737003
1.889787197
1.972918034
1.830063820
1.821090221
1.205450296
2.219257593
1.900451899
1.857529163
1.786118984
1.977123737
1.969420433
1.880840302
1.799916744
1.853318214
1.306786776
2.180642366
1.922075510
1.833975315
1.856960297
1.815173864
1.922313929
1.886424541
1.739719152
1.743770123
1.251254559
2.183290958
1.833915472
1.983461618
1.853488684
1.937888622
1.807623148
1.777418137
1.780472994
1.859185934
1.290113211
2.236469030
1.893951654
1.858952284
1.975177288
1.880067110
1.788021564
1.799774408
1.792102814
1.795286655
1.197432280
2.136331558
1.843537569
1.857069016
1.813965797
1.867536783
1.869530201
1.784978151
1.864872217
1.958330154
1.200573921
2.325335264
1.965179443
1.863323927
2.030904055
1.977455616
1.904896259
1.858826876
1.913590670
1.817012548
1.197436571
2.155200005
1.826779366
1.971889973
1.839820385
1.938973665
1.881060362
1.844872236
1.778806925
1.940469980
1.178533316
2.167581558
1.878833532
1.878041267
1.918122053
1.872307539
1.969809294
1.782892227
1.785481453
1.773097992
1.218303204
2.241756678
1.965220928
1.912268639
1.945128202
1.869377375
1.841577291
1.811693668
1.779671907
1.763708591
1.303783178
2.351008892
1.850964069
1.874749899
1.857502937
1.823575974
1.853169441
1.885905266
1.794236422
1.803398609
1.211800575
2.189520597
1.876527548
1.862453461
1.815783739
1.850175619
1.936623096
1.785445213
1.905657291
1.811675549
1.232424498
2.177787304
1.845383167
1.898208618
2.012304306
1.840063095
1.877468348
1.901865959
1.844822168
1.754185915
1.220465899
2.187622070
1.947826624
1.933490276
1.969534636
1.990172863
1.868379593
1.766573668
1.766803026
1.801666260
1.214947939
