19.029750109
19.091347694
18.676661730
18.810624361
19.197345018
18.708930731
18.699015141
18.623404264
18.973417759
18.713673115
19.007222891
18.719783783
18.765177727
19.029047489
18.749629974
18.801108360
18.750984430
18.777920246
18.700410604
18.709499359
18.555207491
18.551594973
18.823081017
18.902392387
18.843051672
18.791906595
18.868636370
18.613163710
18.926812172
18.939033031
18.709278107
18.961742163
18.663952351
18.804788589
18.869661808
18.754191160
18.770619631
18.808579445
18.972061157
18.825870275
18.622579098
18.760365963
18.469312906
18.674341917
18.644066095
18.398181915
19.016854763
18.420727968
18.612907410
18.709417105
18.849904299
18.963969469
19.297114849
18.763082743
18.879405975
18.955577850
19.234681606
19.046761751
18.739675522
18.381569147
18.813946247
18.784582853
18.977122068
18.559040546
19.017676830
18.762519836
19.071036339
18.611463070
18.627320528
19.109337807
18.673369884
18.762745619
19.170124769
18.726768732
19.016441345
18.690289497
18.858877182
18.968972683
18.868296146
18.868386984
18.757784367
18.648372889
18.611698389
18.786023617
18.805200338
18.916552305
19.085507870
18.968509674
18.569453716
18.712190390
18.630810261
18.605928421
19.263531923
18.767357826
18.660730839
18.848805666
18.716107607
18.673294783
18.785461187
18.857939482
