0.669417381
0.459630251
0.493162155
0.457034111
0.455492496
0.440439224
0.484089136
0.466569901
0.457306147
0.452730656
0.440921545
0.470338106
0.456735134
0.449172497
0.462966204
0.445439339
0.513470411
0.436531305
0.443744898
0.441293240
0.440388680
0.430996656
0.479077339
0.460919619
0.471453667
0.442769289
0.437078714
0.440970898
0.443515301
0.437577009
0.440488577
0.467991114
0.443057299
0.436422110
0.472096682
0.436976671
0.462018490
0.458668709
0.452083588
0.469595671
0.438212156
0.445528746
0.448664904
0.446235418
0.461610556
0.473416328
0.445743799
0.436938763
0.435819149
0.439864397
0.448700905
0.459221363
0.452097416
0.438669443
0.436165333
0.437370777
0.455829382
0.433634996
0.441590309
0.461973429
0.443862677
0.453614712
0.454286337
0.440565825
0.439796686
0.458189487
0.434102774
0.445774078
0.447941303
0.481131077
0.444104195
0.438299417
0.468385458
0.441471577
0.477264166
0.442786217
0.439797640
0.443907261
0.457470655
0.475796461
0.443448067
0.444918156
0.451734066
0.475881338
0.453245640
0.483291626
0.532237768
0.439887047
0.441008329
0.435580969
0.450262070
0.477021694
0.476676702
0.433444262
0.439101219
0.445796013
0.412491322
0.426703215
0.410037994
0.428217411
