3.924480200
3.147198439
3.120587826
3.053498507
3.130012035
3.111035109
3.000683784
2.963200092
3.047601223
3.016615391
1.097916126
3.587668419
3.097829342
3.086930513
3.149512529
3.179449320
3.108137608
3.126173496
3.049820185
3.039876461
3.008480549
1.101262569
3.633398771
3.153256655
3.160302877
3.163733721
3.167199373
3.155066490
3.119002819
3.083072424
3.114963770
3.100081682
1.131503582
3.749628782
3.120903492
3.095740795
3.047717571
3.164164543
3.109629631
3.095700264
3.037800550
3.005132675
2.924228430
1.033349037
3.586846828
3.173578739
3.152718306
3.182713032
3.103701830
3.192892551
3.039870024
2.979637623
2.999317884
2.967267513
1.165124655
3.758018255
3.154476166
3.149975777
3.111003160
3.141812325
3.065588474
3.026741505
2.961315870
3.045877934
3.047855139
1.063412666
3.565206766
3.072468519
3.122479916
3.055946350
3.115836859
3.151906967
3.071185350
3.084820986
3.022110939
2.999219656
1.071161032
3.626488686
3.080267668
3.127297878
3.155179977
3.146116972
3.169367313
3.082224131
2.974987507
3.040523767
3.031167746
1.068970203
3.598991871
3.109901667
3.091430426
3.169330835
3.197844744
3.166547775
3.104720354
3.092136145
3.102623940
3.095060110
1.123207092
3.668491840
3.104633570
3.062950134
3.152041912
3.032068968
3.171130180
3.079900742
3.026084900
3.007423162
3.022492886
1.035143614
3.636088848
3.102090836
3.152829647
3.142174959
3.034720659
3.138234138
3.046752691
3.021604538
3.006214857
3.020704031
1.027113438
3.619933367
3.122183561
3.153306246
3.144002199
3.150321722
3.155907154
3.043038130
2.898125887
2.963891268
3.047684431
1.171841383
3.745745420
3.182177067
3.133040428
3.188424349
3.152804852
3.150451422
2.986926794
3.003278255
3.029840469
3.058071375
1.175704718
3.694840193
3.129139423
3.156279802
3.131241322
3.115342379
3.098625898
3.002726316
3.060324430
2.967201948
2.969697952
1.132846832
3.680407763
3.097021580
3.177787066
3.152301788
3.096338749
3.064264059
3.073680639
3.049845934
2.968814135
3.008659840
1.100726366
3.651927233
3.179771900
3.187568665
3.164624929
3.179454088
3.134140968
3.078181267
2.981776714
3.030364990
3.024074554
1.046050310
3.622488260
3.216734648
3.213021517
3.192622662
3.183797598
3.200278521
3.076251030
3.005607367
2.952166796
2.986048698
1.044858456
3.715570688
3.167982340
3.181968212
3.126552105
3.169101000
3.246721745
3.098264933
3.076391935
3.090773582
3.052644491
1.092921019
3.638533115
3.040295601
3.066282749
3.092903614
3.145867109
3.182288408
2.932618141
2.994453907
2.995229959
2.961629868
1.029352903
3.640305281
3.136083841
3.107376814
3.045501471
3.136544228
3.125674248
3.027510643
3.045838118
2.986862659
3.073404789
1.141088247
3.641091585
3.162682533
3.162825823
3.176736832
3.168450594
3.179072857
3.100440025
3.105172634
2.987494230
3.047356606
1.134019375
3.694650412
3.098781824
3.141397238
3.164282799
3.095711708
3.133895397
3.138540268
3.068033457
3.066856384
3.083474874
1.136550188
3.605560064
3.094171047
3.076647997
3.141280174
3.127633572
3.153307199
3.072774887
3.067983150
3.026018381
2.933628082
1.050455332
3.654231071
3.190291882
3.054966688
3.118574142
3.159569979
3.102760553
3.102954149
3.064618826
3.030833721
3.016293287
1.079462767
3.655205011
3.189955950
3.175206423
3.196242571
3.151708364
3.186661482
3.052700043
3.083293438
3.030912638
3.030980825
1.153747797
3.700824261
3.094805479
3.095808744
3.114834070
3.186736107
3.091176033
3.093766212
3.063803196
2.994507551
3.060554743
1.130295277
3.669287920
3.125187159
3.133018732
3.128158331
3.129285812
3.153252840
3.031504154
3.068023682
3.062523842
3.046819210
1.143893242
3.613839388
3.143445492
3.157887459
3.146406412
3.165475130
3.135728598
3.062544823
3.057748795
3.064453840
2.987846136
1.064815521
3.520710707
3.095498085
3.136996984
3.139530182
3.079035044
3.133984089
3.086897612
3.060590982
3.055634260
3.040903568
1.068609953
3.577934742
3.085988045
3.094797134
3.058253527
3.152400255
3.191461802
3.077082396
2.963656664
3.012751341
3.012362242
1.042671204
3.643541574
3.147749424
3.146561384
3.085428476
3.157388210
3.198369026
3.038012028
3.020421028
3.020977736
3.047855377
1.137916088
3.577018261
3.087110519
3.144253731
3.144034386
3.119063377
3.153660059
3.069484472
3.062890291
2.998056650
2.927612543
1.027814627
3.531729221
3.270756006
3.194358826
3.192208052
3.147635460
3.194299936
3.162676334
3.082236767
3.092517614
3.109014273
1.134175062
3.654232502
3.149055004
3.160393238
3.236577034
3.109140873
3.211017609
3.090443611
3.122828484
3.090059519
3.078882456
1.140593529
3.621854782
3.157361269
3.175966024
3.163683176
3.171569109
3.185949087
3.102425814
3.063095808
3.045479059
3.044539213
1.140764236
3.675885201
3.058529854
3.134840488
3.244582653
3.142640352
3.148264408
3.025396109
3.041880369
2.996610403
2.978533983
1.028991222
3.574646711
3.126595736
3.075791597
3.138729095
3.152928114
3.122471094
3.018211365
3.059179068
2.980282784
3.010544538
1.029122353
3.662349939
3.090593576
3.096578360
3.132437468
3.104298830
3.139159441
3.051192999
3.029623270
2.955284357
3.012065411
1.093090773
3.653327703
3.175273418
3.204689026
3.186216831
3.117589712
3.209472418
3.105668545
3.017109871
2.950959921
3.012046099
1.043729305
3.623945236
3.182753325
3.138982296
3.206270695
3.147119999
3.145230532
2.936350822
3.026997328
3.008568525
3.035991907
1.037675858
3.662476540
3.227078438
3.201677799
3.223110437
3.228694439
3.200593233
3.034965277
2.997311354
3.002910376
2.973102093
1.075289488
3.685552835
3.172438622
3.120358467
3.182052135
3.162597179
3.176905155
3.060127020
3.019173622
2.996257782
2.977788925
1.071376324
3.524921417
3.155607700
3.125424385
3.089506626
3.132646322
3.149518013
3.079847574
2.954658747
3.027016878
2.989474297
1.074819088
3.698944330
3.194957018
3.182464600
3.221448898
3.206736565
3.194768667
3.088874102
3.050763845
3.090743303
3.045709610
1.160080433
3.630114794
3.114424467
3.114584684
3.136254787
3.046095133
3.173381329
3.123369932
3.091693401
3.037947655
3.042860031
1.146731138
3.586538553
3.099852324
3.129924059
3.182085037
3.149247408
3.156599283
3.083251715
2.994493008
2.992779970
3.034706593
1.094896555
3.572369814
3.105609417
3.111550331
3.083821774
3.144642591
3.080941200
3.094307899
3.065445662
3.022148371
2.938772202
1.034241676
3.604668617
3.177675009
3.206165314
3.069828033
3.163199902
3.134727001
3.094842672
3.032268524
3.089489698
3.053326607
1.145700455
3.615086555
3.092668533
3.148391485
3.150572062
3.075733662
3.148072958
3.102494001
3.081838846
3.113641500
3.057822466
1.147329330
3.579750538
3.098708868
3.146143436
3.162076473
3.118276834
3.147705555
3.136126995
3.072865009
3.050265074
3.037245750
1.146491289
3.661090136
3.137584925
3.125076056
3.140263796
3.193237066
3.148860455
3.125743866
3.073458672
3.068364859
3.070787191
1.145865440
3.625749588
3.137492180
3.168413401
3.148784161
3.151111603
3.174037695
3.082729340
3.057277918
3.105479479
3.016506433
1.145193338
3.718492270
3.179969311
3.179165125
3.157432318
3.182154655
3.156423807
2.970946789
3.066571712
3.067968607
3.088495493
1.148554087
3.755625248
3.179511547
3.101412535
3.195694208
3.148376942
3.196144104
3.076649666
2.993499517
3.046582699
3.051137924
1.143134356
3.770699024
3.145485878
3.058489799
3.104743242
3.121935129
3.049290657
3.075739861
3.060299397
3.065172672
3.068125010
1.121100664
3.551379204
3.162387371
3.143245459
3.110888958
3.156629086
3.134941339
3.069194078
3.054240227
3.039617538
3.020420790
1.075285435
3.657897234
3.171882391
3.133091688
3.156048298
3.187649012
3.186760664
3.115216017
3.030987501
3.022262812
3.005653858
1.054924488
3.599412441
3.111703157
3.098673820
3.110791922
3.152966022
3.167572737
3.076505899
3.049573660
3.035851717
3.020532131
1.089147329
3.668204546
3.151190758
3.158253431
3.173191071
3.170519590
3.149531603
3.063350916
3.007242441
2.910135746
3.016613483
1.126483440
3.692498684
3.173031330
3.183080435
3.110953093
3.102737427
3.190716028
3.080905437
3.034137011
3.064011097
3.067356110
1.127039194
3.631812811
3.117463589
3.139502525
3.110441446
3.134247065
3.099160671
2.940557241
2.973875523
3.032346249
3.044904232
1.135066748
3.733380795
3.164671183
3.140357733
3.091388464
3.137324095
3.123276711
2.987663031
2.959033489
3.029874802
3.033057928
1.065204382
3.746401072
3.207924128
3.095317841
3.158363104
3.192413568
3.275528431
3.005662441
2.991054296
3.075711489
3.089847326
1.138948679
3.598288774
3.084998131
3.143971443
3.170719624
3.150580883
3.162017584
3.061542749
3.096110821
3.068139076
3.037880182
1.153757095
3.649188995
3.118871450
3.062669277
3.099017620
3.052608967
3.165288448
3.071034431
3.044953823
2.988404274
2.944346666
1.030655861
3.653039932
3.212159872
3.157577991
3.190703869
3.156951427
3.156264782
3.080239773
3.053113461
2.992915392
3.040411711
1.043776035
3.354344606
2.862342834
2.932822466
2.855936527
2.892464399
2.820398331
2.827700138
2.791108131
2.772862911
2.671869040
1.036046505
3.382725716
2.865108490
2.884353399
2.834499836
2.856526613
2.926040411
2.804661989
2.697603464
2.727885485
2.797437906
1.114080667
3.392800570
2.858166456
2.864025116
2.902314425
2.945080757
2.887396336
2.763165474
2.695309877
2.803258419
2.796891928
0.957653046
3.279397488
2.831015110
2.914232731
2.883416891
2.818149567
2.883048534
2.832336664
2.772708178
2.740153074
2.726388216
1.058944702
3.333341599
2.963337660
2.917235613
2.924543381
2.864966631
2.924711466
2.872155666
2.831528902
2.777413130
2.745382071
1.077498198
3.397213936
2.929535389
2.880443811
2.857717991
2.822366476
2.882934093
2.737553596
2.731316328
2.709888458
2.771960258
1.021916151
3.361016035
2.943680525
2.911860943
2.905255556
2.918035984
2.992201328
2.810028076
2.816833258
2.748132944
2.867023706
1.024841309
3.359179258
2.952028275
2.899564743
2.932355881
2.934025764
2.986056805
2.854877710
2.800426722
2.768621683
2.798525810
1.001186848
3.412541628
2.908831835
2.849083185
2.869045496
2.873218536
2.943944454
2.773214817
2.685724020
2.790642738
2.812239408
1.023725033
3.326445341
2.851684570
2.911063910
2.852090597
2.966413021
2.924589157
2.803202152
2.724011898
2.793080330
2.794635296
0.953884363
3.327970743
2.820901632
2.898719549
2.879405499
2.824296713
2.876868725
2.806714058
2.832475185
2.749399662
2.678355932
1.057325602
3.306644201
2.902289391
2.889297247
2.837754965
2.840143919
2.857483625
2.750702143
2.701467037
2.766424656
2.764677763
1.031091690
3.533514500
2.813265324
2.813600063
2.818454981
2.925724268
2.872305155
2.767332554
2.690178871
2.798323393
2.762988567
0.956281185
3.329499722
2.863476515
2.905247688
2.941674471
2.910435200
2.922977686
2.760549784
2.823059797
2.763934135
2.754106045
0.972980738
3.362522364
2.937109947
2.867902040
2.911743164
2.835559368
2.875164270
2.850241899
2.735171080
2.682072401
2.805218935
0.994622231
3.320677280
2.886148930
2.871021271
2.915433168
2.849551439
2.888222694
2.718439341
2.811802387
2.804702282
2.751961231
0.971382856
3.299136162
2.878142595
2.888834000
2.855961561
2.823376179
2.841941595
2.860987663
2.756500959
2.731295109
2.781662464
0.994737387
3.329735518
2.839271784
2.824586153
2.900601625
2.832989454
2.831424713
2.742440462
2.771835089
2.713324070
2.711543083
1.057237864
3.298427820
2.865917206
2.895872355
2.826189756
2.879710913
2.923472166
2.794595718
2.743845701
2.731206656
2.801979780
1.031233072
3.344338179
2.898298740
2.836962700
2.848630667
2.922224045
2.920803070
2.783098221
2.712029457
2.751809359
2.701641321
0.952524185
3.302745104
2.871783733
2.912185431
2.871583462
2.792215824
2.854648829
2.762338400
2.736388683
2.727046728
2.778612137
1.031918764
3.346969843
2.923676729
2.852171898
2.893920898
2.910205364
2.975908995
2.820104122
2.699229956
2.753576756
2.874648809
1.053911448
3.367503405
2.884587049
2.892129421
2.953731060
2.920675516
2.912858725
2.759231329
2.743665934
2.812601566
2.759686232
0.960266352
3.284078836
2.894119501
2.914326429
2.871836185
2.869446993
2.856325150
2.742813826
2.764467955
2.716969490
2.785178423
1.018655539
3.349190950
2.872257471
2.800779343
2.813969135
2.907392740
2.911706924
2.806508303
2.719611645
2.764871359
2.719890356
0.959735394
3.314824581
2.873765469
2.854871511
2.863623857
2.897195578
2.904164791
2.789069653
2.816347599
2.737132311
2.698106289
1.022201777
3.377174854
2.901287556
2.881944180
2.812746763
2.876775026
2.886311293
2.815780640
2.755736351
2.739667892
2.844652891
1.037089825
3.325228214
2.859253407
2.880414963
2.890209675
2.874740839
2.857680798
2.719996214
2.744901180
2.773843288
2.712480545
1.051538229
3.288640976
2.948327780
2.889711142
2.935718536
2.806144238
2.877715111
2.833095312
2.787045956
2.701568365
2.782673836
1.033141851
3.350841284
2.881144047
2.830330610
2.842369318
2.869534731
2.870820284
2.770918369
2.663952827
2.740114450
2.731326580
0.970686436
3.273910761
2.842125893
2.884023428
2.893693209
2.871097565
2.847238779
2.772625208
2.796513557
2.754597902
2.690542698
1.025308609
3.364749432
2.906897545
2.886219978
2.855334520
2.802803755
2.811175346
2.795132637
2.737305641
2.684143782
2.772601366
0.998184919
3.397534847
2.830368996
2.868737936
2.847750187
2.895910740
2.865499735
2.703881025
2.722135067
2.750419140
2.681941748
1.068889856
3.277195454
2.915652275
2.906733036
2.905951023
2.825626373
2.832866430
2.850018501
2.782580614
2.735531092
2.746085167
1.024156570
