33.124676704
33.105856180
33.509549856
32.909836292
33.102756262
33.080858707
32.860866547
33.091759205
33.386435032
32.914288759
32.852276564
33.002632618
33.367339373
32.988102198
33.022857666
33.219668865
33.270441532
33.553038597
32.606533051
32.991963387
33.404221296
33.349219799
32.883358240
33.132324696
33.428257227
33.171942949
33.213868856
33.121826172
32.997871876
32.801676035
33.176209927
32.836083412
33.635748863
33.566492319
33.399507284
33.002838135
32.815077305
32.907100201
33.249813795
33.037340641
33.380688906
33.183573961
32.878329515
33.678185225
33.187695265
33.084162474
32.789908886
33.295265913
33.280265331
33.217774153
33.417031050
33.364387989
33.445988178
33.414136410
33.166935682
33.060082197
33.250412941
33.068261385
33.177634954
33.351833582
32.942534208
32.990895987
33.512124062
33.264331102
32.753584623
33.318705320
30.294001818
30.364642382
30.353799105
30.213325739
30.702224493
30.214295864
30.801966429
30.777451754
30.447334290
30.428882122
30.225568056
30.124838114
30.242650270
30.420519829
30.334753752
30.267302990
30.184729815
30.026069641
30.268038750
30.177880049
30.118844271
30.608385801
30.442976236
30.193024874
30.104062557
30.245738745
30.401831388
30.162971735
30.358386755
30.022250891
30.128793955
30.090020418
30.119254112
30.276480675
