0.609093189
0.472434044
0.425951481
0.429660797
0.528040886
0.439390182
0.429453850
0.436711788
0.465487957
0.435177803
0.425556660
0.505015373
0.430614710
0.434529066
0.432976484
0.467760086
0.437337399
0.428048372
0.507618904
0.427091122
0.434008360
0.426432371
0.464764357
0.433957338
0.425359964
0.518872499
0.428436041
0.437727928
0.432589531
0.445573568
0.424121857
0.442142725
0.516406536
0.425283909
0.448667526
0.425749302
0.475009203
0.425393820
0.429657459
0.521422148
0.430837631
0.424075127
0.425602436
0.485125542
0.429533720
0.432526827
0.457287550
0.465304136
0.425182819
0.429698467
0.486897707
0.426843882
0.427602530
0.452156782
0.462649107
0.435520411
0.429945230
0.500957251
0.435260296
0.424505711
0.444981813
0.466578007
0.437083960
0.428331852
0.500718355
0.427366018
0.423599720
0.429810762
0.462584019
0.429595709
0.429909468
0.509256840
0.432792425
0.428932667
0.428415060
0.466174603
0.430118799
0.427836418
0.511970520
0.424729347
0.430274963
0.427742004
0.468687057
0.427392483
0.433360815
0.477762222
0.433418989
0.435489893
0.423805237
0.479723215
0.424090385
0.427032471
0.463469267
0.461946249
0.431147575
0.430349827
0.444004536
0.365868807
0.366745949
0.369483948
