2.334993362
2.181226254
2.177561998
2.124968529
2.113471508
2.066716433
2.037007570
2.070494890
1.165071249
2.271884203
2.160989523
2.139614344
2.458333969
2.126325130
2.071203232
2.151857138
2.150182724
1.188586473
2.191822529
2.085215569
2.073910952
2.071575880
2.016032219
2.008144379
2.002641916
2.548807859
1.125355721
2.165043354
2.054753542
2.021920681
2.045747280
2.025603294
2.010582685
1.999825239
1.934725046
1.077400208
2.179006338
2.051585913
2.001483440
2.012109041
2.099686146
2.061429501
1.985882282
1.964889050
1.101213217
2.175891399
2.017119408
2.031260014
2.003092527
1.998315573
1.952512264
1.921439171
1.954876423
1.083902836
2.226210356
2.115798235
1.970482826
2.483608246
2.028728008
1.949181080
1.991833687
1.932173967
1.078806639
2.128560543
2.013506889
2.254748106
2.087998867
1.966555119
1.974348545
2.391784906
2.119161606
1.108928919
2.181410313
2.048903227
2.146158934
2.078546524
2.053925037
2.086772442
1.935331821
1.925586224
1.105525255
2.186087132
2.050233364
2.295870304
2.067236900
2.004799843
1.956099749
1.951539040
2.049935818
1.094082832
2.168324232
2.003100872
2.423600435
2.053517818
1.997959852
1.978948355
2.005260468
1.972564220
1.100979090
2.256567240
1.990804672
1.981331825
2.059288263
1.966580868
1.946141243
1.953691244
1.944711924
1.103393078
2.159035206
2.077637434
2.134649515
2.034065008
1.986017227
1.943566561
2.023539066
1.978665113
1.097262859
2.150846720
1.984460831
1.978733301
2.020533800
1.983838320
1.957014322
1.968345642
1.935339928
1.096695900
2.182546616
1.996443272
1.982085228
2.113460064
2.011545897
1.953258753
1.944056988
1.981151104
1.105606079
2.292119503
2.014045954
2.027653456
1.966084719
2.001292229
1.967197895
2.061991692
1.936881781
1.128245354
2.254556894
2.039131880
1.990549326
2.466899157
2.173622608
1.985143900
2.049414873
2.006998301
1.094162464
2.124445915
1.983981371
2.021616936
1.965430737
1.956818104
1.918264866
2.080180407
1.926655054
1.100111723
2.216475487
1.987971783
1.986563444
2.048602343
1.995385408
1.978898764
2.403753042
2.019802332
1.071937323
2.200148582
2.024238110
2.079616547
2.000503302
1.980516434
2.042191505
1.960605145
1.998301744
1.099502325
2.152627468
2.014775753
2.158956528
2.052733421
2.068061113
1.977722168
1.967781544
1.929450035
1.096638203
2.115830660
2.001717329
2.039688587
1.996798038
1.994632244
1.938638449
1.926530361
1.986182928
1.087347746
2.335797310
2.022063255
1.968486547
1.989259005
2.015103817
1.938110590
1.951560020
1.935818672
1.102667809
2.209059000
1.987295151
2.479732037
2.013706207
1.939799547
1.917713165
1.905848980
2.020090342
1.256258249
2.144234180
2.019390583
2.030108213
2.008038759
2.022801876
1.953332424
1.947082520
1.954886198
1.087384701
2.175771475
2.087841988
2.016103268
2.018056393
1.962603807
1.942533255
1.937362432
1.939665794
1.084491730
2.208851337
2.035725832
2.133824587
2.112005472
1.975402832
2.010649920
1.982111454
2.001968384
1.151030302
2.187669754
2.043169737
2.026219845
1.979509592
1.973355532
1.965655804
1.971290827
1.960624695
1.086683989
2.196590185
1.987043381
2.015621185
2.078736544
1.989493370
2.056440592
2.602249384
1.984627247
1.365201235
2.223441839
2.009693861
2.067372799
2.016844988
2.030435085
2.006723404
1.943527699
1.974294186
1.110438347
2.167432547
1.999444485
2.004257202
2.020858765
2.012686968
2.134389639
1.983726978
1.990795374
1.083585024
2.173117638
2.013282776
2.097589493
2.056654215
2.006593943
2.043228865
1.946093798
1.953290462
1.186036348
2.195278645
2.216814756
2.004434109
2.038108587
2.205293894
2.404441357
2.123538256
1.971148729
1.122184515
2.179865599
2.025743723
1.983264685
2.005532026
1.971410513
2.183015108
1.987922668
1.936468601
1.550072908
2.213563681
2.030252457
2.226214886
2.147564650
1.965904713
2.407244444
2.384024382
2.105195522
1.102351665
2.200492859
1.994083881
2.055176973
1.979351521
1.980781317
1.926805019
1.933822870
1.911644459
1.059366465
2.246958256
2.400822401
2.059663534
1.991696119
1.995395899
1.966419935
1.920710087
1.972754478
1.257559776
2.129012585
2.093681335
2.261336088
1.985926390
1.985185146
2.054913044
1.926631212
1.943212986
1.086521387
2.143420458
2.062411308
2.038496256
2.051071644
2.015447378
2.191411495
2.086396694
2.065469265
1.106632948
2.354426622
2.003994226
2.013338804
2.022060871
1.973657370
2.002249956
1.913545132
1.917338133
1.085946083
2.159902334
2.008509398
1.968389988
1.976226568
2.019704819
1.944889545
2.018877983
1.929630995
1.208701849
2.560832739
2.012275934
2.011260033
2.097262621
1.958650351
2.061114073
1.928176641
1.923806667
1.077533007
2.180685759
2.037609100
2.291007519
2.480297327
1.942965269
1.938511610
1.937330723
1.975396872
1.098397017
2.162812710
2.051841021
2.357961416
2.041433096
1.991225719
2.022750378
1.912828207
1.967607737
1.222048283
2.142717123
2.007702351
2.012845039
2.066756964
2.010857821
1.960189581
1.971963882
2.166171789
1.101297855
2.136381626
2.010190725
2.041888952
1.982254744
1.985489845
1.937741041
1.921071053
1.926341534
1.083705902
2.137674332
2.107388735
2.116823196
2.388437986
2.009110689
2.045254230
1.950852156
1.974764347
1.123337746
2.140573263
2.008887529
2.041043520
2.015652418
1.945478201
2.095648289
1.952794552
1.988331795
1.073463917
2.169373274
2.019620895
2.060133457
2.044617891
2.020757675
1.914728403
1.955195189
2.488750219
1.110785723
2.351432800
2.035128832
2.008841991
2.046244621
2.015153885
1.932029963
2.327946901
1.934336901
1.118807793
2.241821527
2.024820089
2.034012556
2.026104689
2.023952246
2.055839062
2.017332792
1.963210106
1.198034763
2.205425501
2.126749516
2.115280390
1.981814384
2.008667469
1.949580193
1.927913189
2.115649462
1.149152756
2.203351974
2.090062380
2.084753275
2.063520670
1.956780195
2.018382072
2.019789219
1.955908060
1.113747597
2.219517946
1.999557257
2.025710583
1.968448877
1.996956348
1.910359859
2.115477324
1.956253290
1.098742723
2.195548534
2.506688595
2.058121204
2.098902225
2.019376278
1.991102934
2.077246428
1.932281017
1.098391771
2.117869616
2.027547598
1.968661785
2.457969904
1.977158785
2.041146755
1.926867962
1.948079109
1.143552780
2.124576330
2.216987848
1.984133720
1.987123489
1.967671871
1.971782207
1.985207558
1.952530622
1.122053385
2.160449743
1.982437849
2.206794500
1.983199120
1.979630709
1.942637682
1.932590485
2.028275251
1.188382387
2.162541151
2.008904219
1.989240646
1.962069273
1.973238945
1.951237440
1.950381279
1.931292772
1.084463835
2.125843763
2.025087833
2.494705439
2.018977642
1.946362495
1.946880579
1.940408230
1.918723822
1.109688997
2.154709339
1.997052670
1.977867365
2.008212805
1.969383955
1.954368114
1.918385506
2.023976326
1.183898211
2.184162140
2.031112909
2.008693457
2.045547724
2.029321194
2.050975323
1.975563526
2.001581192
1.090237856
2.229941130
2.026075125
2.065919161
1.990306139
2.061132193
1.962381124
2.003476620
1.956891537
1.097017527
2.177385569
2.145127296
2.015512943
2.044636488
1.983127594
1.944362164
1.926332712
2.046485662
1.120161057
2.557018518
2.036126614
2.138088465
1.965000868
2.129667044
2.041041613
1.942312479
1.930794239
1.095196962
2.159180164
2.006024837
2.018831015
1.957579613
2.019595623
2.024108887
2.011433363
1.938621759
1.107526064
2.165071964
2.028199673
2.002493382
2.005563259
1.986662626
1.976055622
1.937989950
1.961873055
1.070328236
2.166729450
2.033021927
1.980931997
2.016099930
2.003926039
1.961341858
1.987420797
1.918161154
1.092451572
2.156869411
2.160284281
2.078473568
2.003349066
2.094931602
2.079623938
1.953709841
1.977222681
1.093596935
2.207821608
2.051380873
2.506580591
2.029694319
2.000361443
1.945493698
1.936779737
1.920955181
1.100300074
2.172378778
2.469823837
2.036164522
1.986550808
1.997125387
1.919462919
1.938939571
1.951030731
1.090536594
2.140487671
2.031683445
2.024322748
2.017432690
1.983791351
1.954658031
1.975039482
1.949513674
1.109164476
2.141365767
2.026988029
1.998258352
2.030247450
2.002809286
2.023591042
1.957638979
1.998987675
1.147020102
2.165123463
2.079311848
2.068301916
1.978351831
2.007991552
1.976631880
2.113241911
2.002877235
1.207916260
2.167518139
2.024043322
2.134240389
2.070542097
2.032237768
1.950587749
1.935270786
1.979337215
1.076907873
2.132120609
2.042016029
2.003769636
1.984021187
2.015495062
1.957719564
1.960737467
1.918793440
1.083750248
2.138367653
1.989552975
2.070220947
2.043523073
2.048948288
1.955038071
1.937650681
1.966269493
1.092312098
2.150291443
2.026151419
2.002573729
2.035151243
1.989325523
1.930986643
1.989319801
1.951442242
1.355142593
2.121639967
2.046127081
1.986909628
2.031079292
1.995723963
1.992972374
1.975666523
1.929913282
1.353281260
2.176864862
1.992029667
2.223692894
2.006576061
1.978133678
1.962820053
1.937613487
1.953279495
1.103539705
2.655357361
1.990498781
2.091312170
1.979609728
1.984668970
1.968331099
1.963205099
1.912788153
1.197641134
2.113561630
2.434784889
2.059731245
2.020604372
1.978658676
2.005062819
1.961401463
1.960478306
1.093158484
2.126747608
1.974271774
2.046882629
2.016431332
1.954371214
1.963551760
1.976892471
2.085601091
1.106503487
2.215793133
1.996936083
1.977867842
2.004286766
2.012976885
1.924040794
1.927061081
1.965607882
1.074882507
2.261520147
2.076614141
2.045447826
1.968543768
2.046643257
1.929918289
2.050199509
1.983481884
1.108473778
2.270449877
2.307538033
2.133464575
2.035650969
1.995316744
2.097672701
1.942521572
1.992750406
1.108213902
2.133446217
1.998395205
1.997212887
2.044393063
1.988842726
1.955990553
1.923115015
1.934354067
1.141356707
2.196471691
2.050528526
2.059398651
2.192264557
1.934514046
1.928508043
1.963535786
1.927320004
1.120757341
2.148931503
2.047846317
2.027508497
2.053235769
1.996645451
1.968762875
1.966365337
2.330331326
1.129359007
2.107981443
2.004106760
2.038803816
2.022649765
2.000584126
1.935569286
1.919412136
1.948668718
1.131601095
2.286517859
2.081216812
1.996212244
2.148988247
1.979109526
2.213223696
2.039453745
1.932028294
1.115099669
2.182645798
2.024741650
1.980434179
2.055896282
1.964833021
1.954774141
1.903990507
1.972985268
1.096558809
2.124815941
1.989039421
2.061085463
1.957154989
2.065293312
1.935099602
2.024261236
2.040041685
1.243499517
2.161662102
2.047064304
1.991128206
1.996344328
2.021250010
1.932651997
1.936051369
1.935773849
1.091812849
2.138894081
2.055539846
2.003932953
2.007867813
2.349016666
1.988134623
1.947815180
2.210325003
1.105140686
2.148776293
2.021975040
2.020671368
2.012678385
1.941093683
1.896891117
1.963401079
1.913194656
1.092814207
2.152013302
2.026346445
2.004940271
2.010907412
1.962752342
2.004677057
1.971745014
1.970918894
1.107344389
2.166682720
2.008959770
2.053041935
1.991196871
1.969797611
1.904489040
1.913401127
1.975057364
1.131637335
2.145988703
2.025565386
2.074312449
1.989492416
2.171895742
1.942028046
1.938744307
1.926240683
1.103757381
2.113400936
2.147993326
2.040174961
1.986357927
1.978087187
1.969015837
2.135486364
2.007283926
1.089234829
