18.510282755
18.985598803
18.395912647
17.605333805
17.727784395
17.416801214
18.065652609
18.318479538
17.847987890
17.929249048
17.976244450
17.479453087
17.701761723
17.371232510
17.545006990
17.685752153
18.343991995
17.355160713
17.978077650
17.662304401
17.704865217
17.368507862
17.540896177
18.008066654
17.449718952
17.452051163
17.891466379
17.478335142
18.561013937
17.661166906
17.670859814
17.748658657
18.559669256
18.114505529
18.857318401
17.334793329
18.091641426
17.738831758
18.046529531
17.570777893
17.528421164
17.903974771
18.155975342
18.011014223
17.718573809
17.312209845
18.142474651
17.545173407
18.062991381
18.042601109
17.860426426
17.848749876
17.780062437
17.565617323
18.260480642
17.884909868
17.596488714
17.688665152
17.291801929
17.801311493
17.466172218
17.703512192
17.669266462
17.692073584
18.108442783
17.531945467
17.408640146
17.444340467
17.874915123
17.987871885
17.847467899
17.465806723
17.607828140
17.881970882
17.642559052
17.388421059
17.533243418
17.718943834
17.724380970
17.632901907
18.018205643
17.901427507
17.539703131
17.382344961
17.753854513
18.163161039
17.391909838
17.663965464
17.948688269
17.407046318
18.072085381
17.427648306
17.721105099
17.389331818
18.090691805
17.295320272
17.493120193
17.383891106
17.599700451
17.754861355
