0.338210583
0.273733139
0.241486311
0.250189543
0.268389225
0.242557049
0.236986637
0.259141207
0.267744541
0.240250349
0.240794182
0.243233919
0.244790077
0.240378141
0.297700405
0.340285301
0.264722586
0.249081612
0.265706301
0.250563860
0.239804029
0.236715794
0.275190115
0.253266335
0.251344204
0.244265556
0.258016586
0.257804394
0.259508371
0.259202242
0.248638153
0.242247820
0.247545481
0.236314297
0.270868063
0.264938354
0.260113955
0.266180277
0.270512342
0.244553566
0.241255283
0.261300087
0.239097357
0.253288031
0.233926773
0.302232981
0.260183573
0.256731510
0.257062197
0.237701178
0.251356602
0.297383785
0.289560080
0.242471933
0.235788107
0.256680965
0.251099348
0.255916595
0.291878700
0.245032549
0.236705780
0.232231855
0.235526085
0.256967306
0.253723621
0.236460447
0.258973837
0.253995657
0.239786148
0.270217419
0.249401569
0.256675720
0.249537468
0.236514568
0.273034096
0.248184919
0.284013748
0.236752272
0.246141434
0.272000551
0.235926867
0.235760450
0.253953934
0.265972853
0.244710445
0.268708944
0.256545305
0.277329922
0.256307364
0.238173485
0.240012407
0.256255865
0.273192883
0.272429705
0.279268742
0.285732985
0.236106157
0.247927189
0.233125925
0.258955002
