0.016692400
0.016896009
0.017132282
0.017083645
0.017034769
0.017039776
0.017040014
0.016850710
0.015956163
0.016946554
0.017508268
0.017908096
0.017885208
0.017575979
0.017081499
0.017043829
0.017020464
0.016093254
0.017020941
0.017385244
0.017599344
0.017894030
0.017884016
0.017882824
0.017696857
0.017683983
0.016831875
0.016856909
0.016506910
0.016758919
0.016872644
0.017073870
0.017333508
0.017018080
0.017009258
0.016093254
0.017014027
0.017463684
0.017827034
0.017945528
0.017886162
0.017701864
0.017881870
0.017880917
0.016841650
0.016963005
0.017342567
0.017950058
0.017905951
0.017906189
0.017878056
0.017692327
0.017812252
0.016664743
0.017026186
0.016376257
0.016831875
0.016870499
0.017154217
0.017034531
0.017017603
0.017015219
0.016105890
0.017040730
0.016677141
0.017902374
0.017894506
0.017910480
0.017902613
0.017900705
0.017851591
0.016840458
0.017064571
0.016916752
0.017960072
0.017932177
0.017917395
0.017895699
0.017906427
0.017898798
0.016846180
0.016735077
0.016401529
0.016834736
0.017001867
0.017241716
0.016881943
0.017019033
0.017026186
0.016109943
0.016927481
0.017225504
0.017873287
0.017747641
0.017620087
0.017556906
0.017661333
0.017394066
0.016423941
0.016949892
0.017429113
0.017926455
0.017907858
0.017901897
0.017889023
0.017685652
0.017781496
0.016674995
0.016788244
0.016536236
0.017763376
0.017937183
0.017904520
0.017714739
0.017887115
0.017672539
0.016833782
0.016982317
0.016537666
0.016943693
0.016934872
0.017038107
0.017053604
0.017026901
0.017017841
0.016105652
0.016972542
0.017210484
0.017941475
0.017885208
0.017765999
0.017717838
0.017883062
0.017819881
0.016854048
0.016820431
0.017542362
0.017914772
0.017886639
0.017899513
0.017887592
0.017871857
0.017713308
0.016158104
0.016685963
0.016539097
0.016754150
0.016991138
0.017063856
0.016881704
0.017028093
0.016850471
0.016093731
0.016930819
0.016355276
0.017835617
0.017976761
0.017897129
0.017894268
0.017887831
0.017686129
0.016835928
0.016933203
0.017534733
0.017742395
0.017898798
0.017696381
0.017892361
0.017916203
0.017875195
0.016674042
0.016986370
0.017392397
0.017723799
0.017898083
0.017893314
0.017889500
0.017884493
0.017783165
0.016676188
0.016726732
0.016557217
0.016709328
0.017133713
0.016917944
0.017039776
0.016864061
0.017014265
0.016099691
0.016865492
0.017223358
0.017967224
0.017714024
0.017708540
0.017888784
0.017912865
0.017815351
0.016842365
0.016945362
0.016792059
0.017761946
0.017907381
0.018049240
0.017906189
0.017899513
0.017853022
0.016677618
0.016862869
0.016302586
0.017474890
0.017904758
0.017715931
0.017888784
0.017863989
0.017860174
0.016841412
0.017037392
0.016439199
0.016765833
0.016752005
0.017000198
0.017019987
0.017022610
0.017014265
0.016102314
0.017711163
0.017911434
0.017918110
0.017720461
0.017883778
0.017864704
0.017681122
0.017794132
0.016838074
0.016901970
0.016698122
0.017911911
0.017889023
0.017877340
0.017885447
0.017870188
0.017871618
0.016830444
0.016919613
0.016602516
0.017878532
0.017899513
0.017700911
0.017775536
0.017712831
0.017682076
0.016849518
0.016978025
0.016841412
0.017666340
0.017890930
0.017870665
0.017703533
0.017880678
0.017872572
0.016838074
0.017174482
0.017165899
0.017759323
0.017908335
0.017901659
0.017702103
0.017894268
0.017675400
0.016678333
0.016872883
0.016734600
0.017847538
0.017873526
0.017691374
0.017889500
0.017710209
0.017911673
0.016877890
0.017004013
0.017433405
0.017854452
0.017712116
0.017701149
0.017878056
0.017890692
0.017699957
0.016857147
0.016955137
0.017207861
0.017744780
0.017710447
0.017892361
0.017725229
0.017897367
0.017676353
0.016828537
0.016731977
0.017491102
0.017967701
0.017958641
0.017878771
0.017692566
0.017887831
0.017612696
0.016838789
0.016931772
0.017252684
0.017906189
0.017877817
0.017918825
0.017886162
0.017895937
0.017810345
0.016705275
0.016811132
0.016578197
0.016949654
0.017088890
0.017045021
0.017097235
0.017022371
0.017024040
0.016100407
0.016915083
0.017193794
0.017751217
0.017701149
0.017254353
0.017163277
0.017226696
0.017081499
0.016132832
0.016972303
0.016856194
0.017828465
0.017923355
0.017965317
0.017892838
0.017869234
0.017882109
0.016828775
0.016829014
0.017664433
0.017917633
0.017903090
0.017899990
0.017890215
0.017893553
0.017635584
0.016852617
0.016672134
0.016444921
0.016915798
0.017177105
0.017090321
0.017039061
0.017037392
0.016861677
0.016094685
0.016813517
0.017122507
0.017781258
0.017890930
0.017754078
0.017882586
0.017896891
0.017680168
0.016830444
0.016953707
0.016604185
0.018030405
0.017990351
0.017979383
0.017789125
0.017951965
0.017930746
0.016906500
0.016820669
0.016916513
0.017907143
0.017910242
0.017898798
0.017717123
0.017887115
0.017829895
0.016848564
0.016839266
0.016804218
0.017613649
0.017734766
0.017937183
0.017698288
0.017888308
0.017698050
0.016843557
0.017801523
0.017930508
0.017908335
0.017888784
0.017910004
0.017902136
0.017822266
0.017619610
0.016821146
0.016705751
0.016611576
0.017969847
0.017899275
0.017905712
0.017906189
0.017892838
0.017844677
0.016685009
0.016560555
0.016466618
0.017008781
0.017071724
0.016997814
0.016956806
0.016892672
0.017021894
0.016097307
0.017097950
0.017361403
0.017664433
0.017710924
0.018014193
0.017912865
0.017703056
0.017704725
0.016690254
0.016886473
0.017014027
0.017916203
0.017885208
0.017901421
0.017699957
0.017883062
0.017821074
0.016681194
0.017023087
0.017234325
0.017822504
0.017887831
0.018019915
0.017906904
0.017684221
0.017910719
0.016833544
0.016925335
0.016665936
0.016841412
0.017099380
0.017030478
0.017087698
0.017021894
0.017015219
0.016092777
0.016831160
0.016603708
0.017766237
0.017745256
0.017887831
0.017898321
0.017884493
0.017837048
0.016665220
0.018076897
0.017810345
0.017746210
0.017884731
0.017882109
0.017703533
0.017893314
0.017642260
0.016848564
0.016796589
0.017318726
0.017566204
0.017760277
0.017883062
0.017705441
0.017889023
0.017703056
0.016841888
0.016746759
0.016251326
0.016623020
0.017046690
0.016891956
0.017037630
0.017031670
0.017018318
0.016092777
0.016917467
0.016495228
0.017850637
0.017897606
0.017901897
0.017887354
0.017885685
0.017839432
0.016658068
0.017033577
0.017567396
0.017662287
0.017719984
0.017786980
0.017747402
0.017717361
0.017912149
0.016860723
0.016973734
0.016919374
0.017877340
0.017760992
0.017901897
0.017894030
0.017898321
0.017828941
0.016836405
0.016738892
0.016534090
0.017864943
0.017918348
0.017892122
0.017883539
0.017889738
0.017867804
0.016846657
0.017014980
0.016628265
0.017898798
0.017908096
0.017700911
0.017886639
0.017887831
0.017693043
0.016699553
0.016889095
0.016945839
0.017716646
0.017896414
0.017713308
0.017878056
0.017696619
0.017703295
0.016855955
0.016785145
0.016384840
0.016831636
0.017017126
0.017091751
0.017029047
0.017024517
0.017013550
0.016094923
0.017994881
0.017992020
0.017889738
0.017891884
0.017713308
0.017694235
0.017873287
0.017611504
0.016849756
0.017160654
0.017060041
0.017934799
0.017760277
0.017717600
0.017701864
0.017887354
0.017854214
0.016826868
0.017105103
0.017552376
0.017940998
0.018023968
0.018023252
0.017893076
0.017915726
0.017889023
0.016679049
0.016788483
0.017142296
0.017918587
0.017925024
0.017893314
0.017898798
0.017877340
0.017636776
0.016855001
0.016856909
0.016853571
0.017771959
0.017901182
0.017764807
0.017890930
0.017697811
0.017839909
0.016828060
0.017155886
0.017019987
0.017733574
0.017901659
0.017888308
0.017892599
0.017888546
0.017646074
0.016666651
0.016882896
0.016588688
0.016778708
0.017191172
0.017081022
0.017122984
0.017035723
0.017032623
0.015983582
0.017957926
0.018049240
0.017923594
0.017714500
0.017693758
0.017895937
0.017868519
0.017797232
0.016853571
0.017212152
0.017193556
0.017797232
0.017901182
0.017899275
0.017897129
0.017711639
0.017895699
0.016836643
0.016792536
0.017462015
0.017744064
0.017893791
0.017950535
0.017879725
0.017885923
0.017792702
0.016837120
0.016983509
0.017445326
0.017880201
0.017931938
0.017817497
0.017575026
0.017693043
0.017627239
0.016669273
0.016816378
0.016984463
0.017914295
0.017724991
0.017890215
0.017870903
0.017706633
0.017833471
0.016849518
0.016973019
0.016663551
0.017710686
0.018044949
0.017884493
0.017905235
0.017725468
0.017836094
0.016833544
0.016855001
0.016260386
0.016833782
0.017084599
0.016855478
0.017040730
0.016859055
0.017012358
0.016100407
0.016894341
0.016777992
0.018165827
0.017792463
0.018041849
0.017896652
0.017882109
0.017833471
0.016664743
0.017184734
0.016788483
0.017849922
0.017939091
0.017890692
0.017886162
0.017704010
0.017874479
0.016835451
0.016919851
0.017380476
0.017794847
0.017908573
0.017952681
0.017701626
0.017884016
0.017688513
0.016826630
0.017007113
0.017045498
0.017729521
0.017896891
0.017699957
0.017892361
0.017873764
0.017872572
0.016664028
0.016996861
0.017528296
0.017883778
0.017899990
0.017701864
0.017875910
0.017870903
0.017855644
0.016673088
0.016849279
0.017190933
0.017759085
0.017894506
0.017894506
0.017875433
0.017868519
0.017882586
0.016821623
0.016731024
0.016596794
0.016871452
0.017082691
0.017041683
0.017036676
0.016853809
0.016851425
0.016111612
0.016838312
0.017311096
0.017689466
0.017908573
0.017896175
0.017882109
0.017884254
0.017702818
0.016843319
0.017103434
0.017106295
0.017753124
0.017706156
0.018034935
0.017866135
0.017875195
0.017815590
0.016679049
0.016874075
0.016847372
0.017892122
0.017894745
0.017879486
0.017695189
0.017877579
0.017826319
0.016675949
0.017004490
0.016533136
0.016927958
0.017161369
0.017165422
0.017086983
0.017036200
0.017023325
0.016111374
0.016986609
0.017097950
0.017770529
0.017893553
0.017694712
0.017879009
0.017877102
0.017849445
0.016844273
0.016910076
0.016769886
0.017971754
0.017914534
0.017881870
0.017901659
0.017693520
0.017832756
0.016839981
0.016749144
0.016456127
0.016941309
0.017224312
0.017153740
0.017039776
0.017040253
0.017012596
0.016123772
0.017005205
0.017241001
0.017810345
0.017886639
0.017713547
0.017695427
0.017898321
0.017883778
0.016848803
0.017173529
0.017676830
0.017729521
0.017881393
0.017930984
0.017700672
0.017720461
0.017603397
0.016855001
0.016898155
0.017600536
0.017859221
0.017880440
0.017884970
0.017880440
0.017688751
0.017867804
0.016840935
0.016895056
0.016648769
0.016854286
0.017020226
0.017095327
0.017019510
0.017023802
0.017072201
0.016104698
0.016955137
0.017297745
0.017777681
0.017937183
0.017708540
0.017712355
0.017872334
0.017881393
0.016851187
0.017067671
0.017457962
0.017598867
0.017887354
0.017882824
0.017883778
0.017879963
0.017863989
0.016849995
0.016935110
0.016462803
0.016886473
0.016866922
0.017042637
0.017032862
0.016872644
0.016859293
0.016103029
0.016815186
0.017344952
0.017822742
0.017622948
0.017487049
0.017306089
0.017234325
0.017241240
0.016562223
0.018286228
0.017886639
0.017820120
0.017874241
0.017813206
0.017810345
0.017624378
0.017802715
0.016877174
0.016862154
0.017509222
0.017913580
0.017897844
0.017895937
0.017883062
0.017884493
0.017800808
0.016840219
