0.212624550
0.208945036
0.210601568
0.206964493
0.212420464
0.209399462
0.205583096
0.214750290
0.205547333
0.206061602
0.210236788
0.209602356
0.208892345
0.204339266
0.208383799
0.222115993
0.206874132
0.210184336
0.210943699
0.210868597
0.217025518
0.211225033
0.210490465
0.216485739
0.202034235
0.220316648
0.209174156
0.214323282
0.208617926
0.217431784
0.207837343
0.215465546
0.205393314
0.209234953
0.214161634
0.205591679
0.213742256
0.213127375
0.209196329
0.202380657
0.211849689
0.214124203
0.210786581
0.211392879
0.216312885
0.212888479
0.202100039
0.208901644
0.204347849
0.207275391
0.207351208
0.215833902
0.216907263
0.209855795
0.206497908
0.207199097
0.206632614
0.207118034
0.207813025
0.207882404
0.209311247
0.203415394
0.222876549
0.203532457
0.211640120
0.208980322
0.208703041
0.211404562
0.205412865
0.210885763
0.212134600
0.209409475
0.206442356
0.212111473
0.209944487
0.201290607
0.218275785
0.208636522
0.210298061
0.213648558
0.211581707
0.208153248
0.204268456
0.207624435
0.211621523
0.209988117
0.203194857
0.206552744
0.208623409
0.206543684
0.207216978
0.207986116
0.210201263
0.205586195
0.206114531
0.212022781
0.199939251
0.211703539
0.218964338
0.209854603
