0.004962206
0.004733086
0.004691362
0.004834175
0.004924059
0.004891157
0.004888296
0.004933119
0.005000830
0.005065918
0.005052090
0.005032301
0.005034685
0.005031347
0.005044460
0.005042315
0.005033016
0.005079269
0.005129099
0.005069733
0.005037546
0.005070210
0.005035400
0.005073309
0.005038738
0.005031109
0.005074978
0.005057812
0.005006790
0.005012035
0.005010366
0.005039930
0.005009890
0.005008221
0.005019188
0.005019188
0.005012512
0.005015135
0.005003214
0.005006313
0.005009651
0.005035400
0.005008221
0.005002975
0.005004406
0.005036116
0.005013704
0.005002737
0.005006790
0.005003452
0.005055666
0.005013466
0.005007505
0.005038500
0.005012512
0.005007744
0.005004883
0.005007982
0.005007505
0.005028248
0.005018234
0.005011559
0.005042553
0.005022526
0.005020142
0.005048037
0.005007029
0.005012989
0.005026102
0.005010128
0.005009174
0.005004644
0.004997253
0.005034208
0.005041361
0.005011797
0.005000591
0.005074263
0.005014181
0.005011320
0.005003214
0.005008698
0.005009174
0.005015373
0.005005121
0.005006790
0.005008459
0.005003452
0.005006075
0.005019903
0.005008221
0.005016327
0.005015373
0.005017996
0.005011559
0.005032539
0.005003929
0.005010366
0.005013943
0.004997015
