0.018817425
0.004973412
0.004880428
0.012596607
0.008835554
0.005164385
0.004890680
0.006347418
0.009710789
0.005016327
0.004874229
0.006170273
0.008584261
0.005076170
0.004942417
0.006211758
0.007964849
0.005026340
0.004911423
0.006244898
0.008211613
0.005448103
0.004961252
0.006236076
0.007766247
0.005105019
0.004974604
0.006210327
0.007848263
0.005099535
0.004960775
0.006236792
0.007585049
0.005328417
0.004940748
0.006255865
0.009487152
0.005062819
0.004924059
0.006234169
0.008001804
0.005154610
0.004931211
0.006221771
0.008751154
0.005021334
0.005085468
0.006216049
0.007765055
0.004958868
0.004913807
0.006255627
0.007640839
0.005131721
0.004931450
0.006221771
0.007930040
0.005243301
0.004943132
0.006228447
0.007612228
0.005305767
0.004947186
0.006262541
0.008240700
0.005162716
0.004959583
0.006208658
0.007972717
0.005325794
0.004984617
0.006213903
0.007793903
0.005042791
0.004920483
0.006237507
0.007859230
0.005252838
0.004934788
0.006416559
0.007617712
0.005138636
0.004924297
0.006219625
0.007833719
0.005070686
0.004933119
0.006234169
0.007953644
0.005048513
0.004907608
0.006221056
0.007887363
0.005102873
0.004931927
0.006215334
0.007627249
0.005472422
0.004932880
0.006231785
0.008043289
0.005051136
0.004943609
0.006211758
0.007714033
0.004991770
0.004886627
0.006189108
0.007629633
0.004946232
0.005022526
0.006206036
0.007284641
0.004957438
0.004875422
0.006188393
0.007882118
0.005071402
0.004954338
0.006268024
0.007663488
0.005038023
0.004889011
0.006185532
0.008213282
0.005012274
0.004902124
0.006357908
0.007422209
0.005203962
0.004912138
0.006181479
0.009850025
0.005397081
0.005012035
0.006285191
0.007496357
0.005031109
0.005131721
0.006214380
0.007431746
0.005113840
0.004879713
0.006181717
0.007553577
0.005333900
0.004892826
0.006171703
0.007543802
0.004974842
0.004873276
0.006209612
0.007492065
0.004979134
0.004884243
0.006195068
0.009395123
0.005174398
0.004909515
0.006184340
0.007786751
0.005007744
0.004901409
0.006185055
0.007542610
0.004981041
0.004878998
0.006186008
0.007851124
0.004952669
0.004866600
0.006161451
0.007647991
0.005082846
0.004889965
0.006170273
0.007569551
0.005176783
0.004904032
0.006190777
0.009635925
0.005400896
0.004909277
0.006205082
0.007570267
0.005127668
0.005034208
0.006233692
0.007806778
0.005068541
0.005099535
0.006194830
0.007533550
0.004974127
0.004891396
0.006201267
0.007603168
0.004980564
0.004933596
0.006192923
0.007600069
0.005011082
0.004928350
0.006194115
0.007888556
0.004981041
0.004878283
0.006183386
0.008895636
0.004978418
0.004907131
0.006206512
0.007625818
0.005160093
0.004907608
0.006255865
0.007712603
0.005062342
0.004893541
0.006181002
0.008607626
0.005255938
0.004902363
0.006229401
0.008595705
0.005199671
0.004902363
0.006187439
0.008419275
0.004994869
0.004991770
0.006209373
0.007631540
0.004964828
0.004884005
0.006210327
0.007452011
0.005470276
0.004955292
0.006195784
0.009615898
0.005128384
0.004882574
0.006175756
0.007778883
0.005007029
0.004900217
0.006296396
0.009959936
0.005012274
0.004891396
0.006185293
0.007604361
0.004989624
0.004897594
0.006186247
0.007713318
0.005097389
0.004883528
0.006181479
0.007544518
0.005059242
0.004915953
0.006302357
0.008744001
0.005200624
0.004903078
0.006209373
0.007635355
0.005431414
0.004925489
0.006231546
0.007593155
0.005339146
0.004892349
0.006185293
0.007827282
0.004971027
0.004881144
0.006172419
0.008022308
0.005048037
0.004899263
0.006195784
0.008283138
0.004969597
0.004869699
0.006173134
0.007834435
0.005122185
0.004919291
0.006201982
0.007662535
0.004975796
0.004906654
0.006196737
0.008858681
0.005141497
0.004896879
0.006202459
0.008279800
0.005048752
0.004884005
0.006394148
0.007797718
0.005383015
0.004914999
0.006232977
0.007581472
0.005071640
0.004947662
0.006218910
0.007802248
0.005123854
0.004922152
0.006229639
0.011450052
0.005280018
0.004964113
0.006247997
0.007862568
0.005122423
0.004926205
0.006301165
0.007894039
0.005107403
0.004893780
0.006176233
0.007606745
0.005019665
0.004951715
0.006200314
0.007709503
0.004967928
0.004889250
0.006175041
0.010191202
0.004969597
0.004985571
0.006194592
0.007791996
0.005260468
0.004896402
0.006176233
0.008434772
0.005009174
0.004887581
0.006203175
0.007512331
0.005000591
0.004905224
0.006201267
0.007855654
0.004949808
0.004873514
0.006177902
0.007628441
0.004956722
0.004931688
0.006167173
0.009667873
0.004959822
0.004933357
0.006180763
0.007700682
0.004997969
0.004887581
0.006366253
0.007479906
0.004953623
0.004895926
0.006219149
0.007807255
0.005094767
0.005046129
0.006270170
0.007676601
0.004996061
0.005055428
0.006208658
0.007784605
0.005002975
0.004906178
0.006191969
0.007551193
0.005141973
0.004897594
0.006164551
0.007488489
0.005134821
0.004899979
0.006212234
0.007478476
0.005283356
0.004904985
0.006190062
0.007648945
0.004963398
0.004884481
0.006170750
