0.083645105
0.067959785
0.067830563
0.064613581
0.070702076
0.063679457
0.067450047
0.066970587
0.067001343
0.066632032
0.068728209
0.069158792
0.073289871
0.065845966
0.065250635
0.068908930
0.066831589
0.067301273
0.067760229
0.066077948
0.066151619
0.065065861
0.065123796
0.065035582
0.067381144
0.063176155
0.063158035
0.066724062
0.068301678
0.068124294
0.063378096
0.065209150
0.071622849
0.075323105
0.079358339
0.074959517
0.073950529
0.070903063
0.072827816
0.076584101
0.070113182
0.073765278
0.078772783
0.077416658
0.071239233
0.072255135
0.076239586
0.072634459
0.072624922
0.072615623
0.076243877
0.073317289
0.075890779
0.071633101
0.072177172
0.076173067
0.075054884
0.069126129
0.071839571
0.077472925
0.073670864
0.072972536
0.076660633
0.071094275
0.070926428
0.069586277
0.076130867
0.073518038
0.073416233
0.072354317
0.070044994
0.078310490
0.071588755
0.071141243
0.075208902
0.073892593
0.072696686
0.075484991
0.072014093
0.075515509
0.064500809
0.068677425
0.067467213
0.064469337
0.067903042
0.069354773
0.068680763
0.070176840
0.069391727
0.065268755
0.067848921
0.066713095
0.065189600
0.074280500
0.067226171
0.066132069
0.065496922
0.067624807
0.070573092
0.066007614
