0.004053354
0.002578259
0.002039671
0.002043009
0.001991749
0.001997948
0.002648592
0.002362013
0.002022743
0.001987457
0.001975060
0.002085209
0.002005816
0.002033472
0.001987696
0.001967192
0.001966238
0.001975536
0.001960993
0.001957655
0.002002954
0.002062798
0.002008677
0.001977205
0.001975775
0.001967907
0.001975536
0.001956940
0.001951694
0.001965761
0.001973391
0.001955986
0.001957417
0.001958370
0.001991749
0.001982212
0.001959085
0.001964092
0.001979113
0.001949072
0.001958132
0.001961231
0.001954794
0.001955271
0.001954079
0.002018213
0.001960278
0.001956701
0.001955748
0.001958609
0.001974106
0.001957417
0.001958609
0.001958609
0.001950026
0.001954794
0.001955271
0.001968384
0.001958609
0.001952410
0.001955271
0.001963139
0.001970053
0.001955271
0.001970530
0.001961946
0.001955509
0.001951933
0.001949787
0.001960516
0.001957893
0.001985550
0.001955032
0.001964092
0.001974583
0.001959562
0.001946926
0.001985312
0.001954079
0.001954317
0.001948357
0.001959324
0.001953840
0.001951933
0.001970530
0.001971483
0.001973152
0.001978159
0.001949549
0.001968384
0.001956940
0.001959085
0.001965284
0.001966953
0.001968622
0.001954794
0.001985550
0.001966715
0.001952171
0.001940489
