0.210201740
0.155758858
0.151236057
0.154947042
0.156716347
0.145239830
0.130924225
0.080902338
0.071309805
0.068178654
0.058015347
0.205875635
0.154171467
0.149419785
0.144227266
0.142392397
0.146569967
0.106010675
0.072439194
0.075597048
0.075751781
0.055283546
0.217743635
0.153532505
0.148803711
0.126486063
0.154711246
0.151113510
0.134114742
0.079534292
0.071659088
0.068951130
0.055475712
0.201972008
0.152542591
0.169153929
0.148055077
0.152310848
0.144757032
0.112126350
0.077675343
0.073811769
0.077349424
0.053803444
0.199072361
0.148376703
0.164575815
0.146394968
0.158264637
0.144349098
0.117350578
0.078001738
0.074536562
0.100538969
0.056421041
0.192309618
0.168250322
0.142544746
0.147992373
0.141436577
0.149197817
0.113669395
0.079590082
0.080850363
0.072417974
0.052851439
0.217383862
0.147221565
0.156054020
0.147351503
0.145308018
0.138632774
0.137890577
0.072412729
0.081146717
0.137350559
0.057231188
0.210249662
0.160976648
0.147894621
0.151499033
0.144293547
0.148210764
0.107175350
0.078094244
0.073900461
0.071198940
0.055565596
0.225270987
0.156670570
0.139649391
0.147454500
0.146518946
0.147714376
0.099053860
0.086030245
0.073835135
0.069346428
0.056451082
0.202767134
0.141888142
0.156242132
0.141119242
0.148457527
0.138855696
0.145705938
0.073809862
0.076905012
0.073076725
0.055508614
0.220766306
0.173806429
0.164780617
0.137344837
0.155400753
0.150323629
0.104907036
0.077468634
0.071065903
0.069194078
0.060524702
0.201853752
0.170586586
0.128233910
0.141236067
0.149487495
0.151600599
0.108136654
0.078385830
0.077544689
0.074640989
0.054200888
0.191752672
0.160621166
0.174499750
0.139666796
0.157419443
0.153698206
0.113222837
0.077991724
0.079493046
0.074646473
0.054069519
0.193387508
0.149667501
0.154852152
0.162608147
0.146667719
0.150215149
0.160460472
0.075529814
0.072016716
0.078618050
0.053132057
0.198091507
0.164110422
0.151058435
0.136492491
0.149348021
0.143996716
0.158275366
0.072349548
0.075729132
0.080985785
0.054374933
0.210616827
0.181406498
0.151427746
0.140955687
0.145461559
0.145377159
0.108882427
0.079282999
0.070339918
0.069164991
0.055680275
0.209722757
0.159755230
0.158143044
0.168562174
0.146989346
0.158294201
0.115864754
0.072757006
0.075402737
0.070500851
0.055321217
0.210582018
0.157874107
0.139177084
0.151529074
0.152301550
0.145753860
0.100505352
0.077134132
0.070534945
0.069009304
0.058436155
0.199428797
0.148024321
0.154653549
0.160828590
0.157650232
0.158162117
0.111644983
0.083007336
0.076920748
0.076479912
0.053833723
0.202427864
0.151686430
0.149693966
0.149838448
0.166005373
0.149276257
0.110761642
0.076491117
0.080242157
0.075070858
0.056993484
0.193665028
0.150767088
0.172232866
0.160505533
0.142116785
0.152449131
0.172740698
0.086837769
0.076739788
0.073362112
0.054329634
0.211949587
0.153042078
0.158325911
0.153222561
0.165045977
0.154338121
0.146173477
0.091763735
0.158410788
0.075196266
0.053812265
0.206748009
0.135630846
0.164804220
0.146313906
0.158679962
0.151417255
0.105151653
0.079017639
0.073617697
0.077723503
0.052044868
0.200718403
0.159385443
0.148573875
0.146114588
0.148731470
0.155237436
0.111773729
0.080313921
0.077011585
0.074674845
0.055467367
0.192130327
0.156102896
0.156866550
0.155749559
0.159107924
0.154581785
0.137732983
0.076300621
0.071960211
0.075483799
0.055372477
0.196062565
0.167658091
0.162168980
0.165122747
0.153980017
0.149517059
0.116459370
0.081087589
0.074470997
0.076527119
0.054618120
0.207707882
0.170351267
0.151931524
0.159132004
0.150094986
0.157857895
0.134255171
0.071563244
0.076807976
0.076856613
0.051993132
0.198298931
0.150919914
0.162564516
0.149381638
0.156052828
0.142392874
0.113513231
0.077378750
0.075533390
0.071182251
0.054159880
0.202758074
0.156973839
0.153313875
0.146523952
0.171191454
0.139067173
0.126645803
0.076711893
0.078623056
0.073340178
0.056999683
0.194534540
0.149341345
0.149927616
0.148776770
0.150304079
0.157869577
0.170180798
0.083164692
0.077840805
0.071662664
0.054784060
0.212671995
0.153231382
0.156704664
0.152494669
0.147978067
0.148905039
0.106929541
0.078857183
0.070602417
0.076425076
0.054571152
0.192348003
0.150077105
0.138119459
0.155313253
0.141139030
0.145510912
0.100062132
0.075603008
0.080328226
0.078746319
0.053291559
0.183353424
0.168867350
0.139242887
0.152759790
0.128648758
0.154174566
0.157158375
0.073567867
0.076082945
0.071168184
0.052808285
0.191234589
0.167617559
0.144047976
0.144995689
0.162067652
0.164101124
0.114933252
0.073652744
0.077202559
0.071279287
0.058006763
0.215952396
0.166435957
0.157910824
0.152208805
0.147278070
0.163679600
0.103419781
0.075248480
0.073650122
0.075631857
0.055742025
0.206187963
0.164708853
0.147131205
0.148238659
0.168986082
0.161211729
0.106033564
0.077798128
0.076771975
0.075490475
0.058325291
0.203825951
0.148254156
0.152125835
0.131090879
0.144051790
0.151372671
0.118724823
0.075933933
0.071892977
0.076621056
0.056175709
0.195589542
0.155923843
0.137985945
0.145609379
0.152318716
0.150443077
0.146121979
0.082538605
0.080217123
0.075368881
0.055169821
0.198745489
0.168999910
0.142177343
0.160943031
0.165066242
0.142643213
0.136428118
0.072638512
0.080361605
0.071686745
0.058515310
0.198567629
0.169180632
0.145985603
0.139197588
0.164477825
0.156018496
0.107097626
0.073514462
0.073686361
0.072715759
0.055044413
0.198819876
0.161461592
0.150205374
0.138979673
0.129097939
0.144092798
0.135502815
0.075318098
0.074445248
0.077807188
0.052264690
0.190738916
0.147667646
0.142198086
0.140466690
0.171753168
0.147032738
0.107164383
0.092826128
0.073756695
0.071759939
0.055084467
0.209906578
0.160858870
0.143016338
0.140343428
0.146818161
0.150552750
0.112119436
0.077403545
0.071155548
0.069646120
0.055698633
0.184005976
0.154966831
0.162532091
0.160749674
0.160547495
0.143407345
0.121825933
0.073756456
0.075051546
0.071679354
0.055647135
0.209057093
0.148810387
0.145551205
0.145181894
0.170571566
0.144497156
0.147200346
0.075239897
0.074996471
0.076064587
0.065158129
0.193788528
0.147763968
0.147610426
0.160453558
0.151722193
0.150935411
0.104927540
0.077216864
0.071197748
0.075872660
0.050888777
0.197840691
0.152059793
0.153400660
0.144813538
0.167483330
0.154344559
0.127286196
0.081019640
0.077697754
0.076469660
0.051880121
0.210567713
0.123819590
0.154132128
0.145797253
0.133153677
0.137445450
0.141005039
0.072107792
0.075923443
0.073881626
0.058511496
0.200492144
0.149932146
0.146050930
0.161984921
0.146964550
0.144213438
0.102711439
0.069348097
0.080489159
0.072871685
0.052351236
0.199884653
0.149821281
0.151937246
0.160597324
0.149329662
0.161435366
0.111281872
0.075052977
0.069763184
0.076468706
0.054442167
0.190105200
0.164795876
0.146935701
0.140647411
0.153394461
0.145034552
0.148535967
0.077507973
0.073684931
0.072986841
0.055105209
0.203671217
0.160032988
0.135832071
0.138826132
0.145182133
0.131502867
0.100926399
0.077416182
0.070480347
0.069005966
0.060224771
0.193844318
0.139442205
0.141169310
0.135411978
0.161237240
0.147757769
0.115983486
0.080357313
0.072662592
0.075122118
0.053691387
0.203547239
0.158742189
0.149956465
0.157485723
0.161746979
0.169223785
0.106136084
0.081445217
0.073079109
0.077866316
0.055001497
0.193483353
0.150937080
0.162755013
0.135279655
0.156241179
0.168054819
0.131488562
0.072260857
0.076878786
0.074207544
0.054639101
0.194288254
0.146506071
0.139829397
0.152940989
0.161950111
0.145066023
0.104523420
0.075509310
0.071792841
0.068089962
0.054290056
0.213659286
0.150399685
0.162113428
0.149966955
0.155865192
0.153115988
0.139579773
0.089232206
0.075648308
0.074895144
0.053589344
0.197860479
0.166254282
0.160695076
0.153584719
0.144352913
0.144251108
0.111484051
0.077151299
0.076548815
0.073204279
0.055449963
0.207075357
0.155341148
0.162589312
0.125265598
0.144678831
0.149205685
0.107164860
0.075028181
0.070310116
0.075142860
0.052971363
0.186667681
0.167665243
0.153787374
0.166576147
0.158094645
0.147750616
0.128423452
0.076061249
0.070295095
0.075999498
0.051644802
0.198043823
0.170831203
0.146080971
0.141278744
0.166424036
0.149347305
0.170238018
0.086549520
0.074772120
0.073320150
0.053754568
0.209080696
0.162703276
0.146923542
0.148020267
0.165644169
0.159530401
0.157070637
0.125376225
0.070440531
0.069508076
0.054699659
0.192493200
0.165029049
0.153204441
0.147307158
0.155529261
0.145243645
0.133098125
0.073606730
0.077757120
0.075684786
0.053419828
0.200155258
0.159828901
0.150584459
0.143546343
0.153798342
0.122204304
0.131139040
0.075284243
0.077170610
0.071744680
0.056491375
0.201181889
0.173617125
0.150616646
0.143963575
0.161113739
0.148665905
0.138233423
0.078502893
0.071974993
0.088238955
0.062457085
0.197417259
0.168803930
0.171397686
0.144559145
0.167264223
0.148685455
0.110699415
0.074224710
0.075901031
0.071850300
0.055766821
0.207087755
0.161597729
0.141180515
0.138830185
0.141214371
0.140047073
0.099820375
0.075218201
0.070497036
0.067933321
0.053557158
0.199279547
0.157378912
0.158999443
0.145200491
0.171588659
0.138305426
0.113534927
0.079160452
0.075760126
0.125928402
0.057050467
0.190173388
0.153492212
0.161170959
0.150018215
0.153769255
0.155638933
0.108902454
0.078992128
0.075753450
0.074221373
0.053633690
0.193496943
0.143563271
0.150704622
0.143604279
0.163679123
0.139321566
0.142687798
0.075844526
0.077661753
0.074676514
0.052627325
0.203264952
0.173072577
0.169333935
0.153851509
0.156524897
0.154719353
0.136514187
0.071126461
0.077030420
0.071167469
0.054440737
0.205460548
0.148675442
0.153419733
0.161965370
0.136341810
0.160480261
0.134840250
0.073297262
0.073068380
0.072470903
0.052759171
0.209088802
0.141820908
0.142516136
0.141773462
0.157569647
0.145362854
0.161080360
0.078496456
0.089122534
0.085942507
0.052265406
0.200858116
0.166688204
0.137531042
0.154747009
0.139250755
0.163269997
0.119230032
0.070731640
0.071977854
0.075944424
0.051835537
0.189733744
0.151910067
0.138285160
0.149420500
0.159721136
0.147131205
0.112537861
0.075841665
0.071053505
0.075679541
0.053526640
0.207862616
0.157047033
0.151996851
0.142268181
0.156592846
0.164386272
0.114851952
0.069086313
0.082863569
0.075838804
0.056011200
0.210526705
0.173356771
0.144781828
0.130239248
0.158907890
0.163882017
0.121317863
0.080969810
0.070501566
0.069399118
0.056113243
0.199718475
0.147073507
0.170942307
0.157376528
0.149045467
0.145306587
0.106161118
0.077822447
0.072073698
0.074894428
0.054074049
0.189598799
0.147695303
0.150413275
0.155608892
0.135358810
0.154406309
0.143154144
0.086348772
0.075275898
0.071247101
0.052160978
0.201947689
0.151717424
0.154529572
0.158544540
0.155370951
0.141267538
0.111586094
0.074568987
0.083009958
0.071667433
0.055845737
0.199490786
0.143962860
0.174539804
0.165186405
0.139247417
0.152765989
0.138565302
0.078674555
0.074561834
0.074501753
0.058295727
0.201038361
0.171520472
0.162079811
0.131405115
0.152205706
0.153326273
0.155810356
0.075976610
0.070787668
0.076103210
0.051923990
0.192416191
0.174048662
0.149839878
0.144685507
0.145343781
0.162442207
0.107886076
0.074832439
0.077389479
0.071433067
0.054032326
0.217656136
0.142539263
0.145622969
0.146233320
0.152370691
0.152831078
0.109390736
0.078850508
0.073387146
0.071903229
0.052159309
0.212566137
0.152701139
0.154814005
0.148834467
0.157344103
0.143649578
0.107762575
0.079427004
0.071217775
0.069541454
0.057365417
0.197510719
0.140800953
0.143316507
0.138006926
0.151251793
0.145616531
0.114904404
0.075423002
0.074853420
0.075950861
0.053558111
0.195334196
0.167160273
0.156302929
0.150527954
0.169296503
0.154704332
0.113214254
0.076748133
0.072042942
0.075590611
0.053524733
0.199578762
0.148461342
0.165011406
0.146456242
0.135999680
0.150156498
0.101339102
0.076466084
0.074785709
0.075521946
0.053322315
0.214725018
0.146759033
0.147410631
0.142946482
0.149474621
0.136728287
0.115945101
0.088675976
0.070721865
0.068535328
0.054846287
0.204195261
0.154822350
0.156189680
0.149169445
0.153133869
0.150345802
0.145637989
0.069211483
0.082774878
0.073494911
0.054714441
0.200937986
0.147184134
0.138044357
0.145559788
0.150261879
0.164899349
0.116501331
0.074913263
0.078272581
0.073818445
0.054415703
0.196020603
0.146749496
0.147394896
0.143441916
0.153815031
0.141761303
0.112892151
0.071042538
0.075611353
0.072539806
0.058165550
0.197404385
0.162157536
0.172847986
0.142364502
0.166047096
0.164500713
0.134120703
0.079579592
0.078037977
0.071010590
0.052464008
0.194348097
0.170622587
0.150499821
0.143817425
0.146914721
0.162616730
0.147139549
0.077792645
0.071972370
0.075988531
0.062640429
0.191897154
0.161477804
0.152768612
0.153958559
0.153697014
0.166848421
0.130156279
0.087856531
0.075120211
0.070925951
0.051728249
0.194443226
0.148328543
0.137809753
0.142099619
0.158154011
0.145728111
0.140046597
0.075760126
0.078933954
0.085573435
0.054878712
0.205422163
0.153988361
0.146001577
0.149095058
0.138823509
0.150548220
0.112474203
0.078391075
0.076142073
0.071361065
0.054445028
0.211137772
0.162530899
0.161336899
0.164672852
0.169778824
0.149263859
0.126590252
0.071990967
0.075645208
0.070507765
0.055703163
0.214082479
0.163300753
0.136611700
0.128112555
0.172935009
0.147367239
0.104570627
0.079040051
0.070367098
0.068761587
0.054615498
0.202950716
0.161055326
0.138922453
0.146970034
0.138579607
0.149995327
0.101062536
0.077903271
0.071089268
0.078872204
0.052179813
