1.656347752
1.608500719
1.653286219
1.634874344
1.670762777
1.602833509
1.727856874
1.632701635
1.618022919
1.622158527
1.658709526
1.603436232
1.645216465
1.679116964
1.666990280
1.632599354
1.664335489
1.603036642
1.647916079
1.640140533
1.706134081
1.789031744
1.616143942
1.625223160
1.656898499
1.662497759
1.684311628
1.621740580
1.648221254
1.673318386
1.627484560
1.591583729
1.624666691
1.640149832
1.656877041
1.658345938
1.604756594
1.662197590
1.663530111
1.622469425
1.611884594
1.619605064
1.610633373
1.632986307
1.669207335
1.602142096
1.650511742
1.593315840
1.594238997
1.643032312
1.641458511
1.574692011
1.586873770
1.659097195
1.643623352
1.578873873
1.683473349
1.622153044
1.601583004
1.651039600
1.696182251
1.753445625
1.636444807
1.610708475
1.690555096
1.654917002
1.570192099
1.693217754
1.622172117
1.624158859
1.700552702
1.647232056
1.675658226
1.623221159
1.595430613
1.645444393
1.654169321
1.622574329
1.634320021
1.631410599
1.672141552
1.670903921
1.616404533
1.621668577
1.626904964
1.593457937
1.658004999
1.596468687
1.607954979
1.661763430
1.611212730
1.602184296
1.696363926
1.676065922
1.670643806
1.629843473
1.617582798
1.683948517
1.610626459
1.603453636
