0.105467796
0.057766676
0.056575060
0.057127714
0.055263758
0.055904865
0.054904222
0.058313847
0.056266785
0.058445454
0.056087255
0.056378365
0.056127310
0.056556225
0.057240486
0.053390503
0.052493095
0.053698301
0.054362774
0.057087660
0.051556587
0.054114580
0.057298422
0.054259062
0.054034233
0.056744099
0.052666187
0.056797266
0.054989576
0.055798531
0.056594610
0.055294991
0.056740522
0.056399584
0.055692196
0.056917906
0.057391167
0.058459759
0.057456732
0.054096460
0.058696270
0.054730654
0.057963371
0.057441711
0.057270288
0.056059599
0.056006908
0.057161808
0.055089951
0.057413578
0.056026220
0.057253599
0.054949522
0.055385113
0.056165934
0.055270672
0.054400921
0.054072142
0.054214716
0.052548647
0.057069302
0.055500507
0.054785252
0.053811312
0.054411411
0.054854393
0.055613756
0.056281805
0.055422544
0.054633141
0.055342913
0.057742596
0.056272984
0.055961847
0.054817677
0.055346012
0.054860592
0.056196213
0.056210756
0.056982517
0.058293819
0.052726030
0.055506468
0.057880640
0.053616762
0.054471254
0.054128170
0.055278063
0.058422327
0.052384615
0.054234028
0.058420181
0.056109428
0.057455063
0.058138847
0.057211399
0.059625149
0.056714058
0.057696581
0.055478334
0.055125237
0.055916071
0.056662321
0.056879997
0.058021545
0.056371212
0.053967714
0.055820942
0.056159019
0.055713415
0.058498144
0.055808783
0.053848505
0.055211782
0.057368994
0.058001280
0.058486938
0.054778099
0.055996418
0.057536602
0.058915138
0.056559563
0.055202484
0.050246716
0.057003021
0.055338144
0.056359053
0.054821730
0.051378012
0.050621986
0.054122210
0.053890228
0.054636240
0.054259539
0.055065870
0.053011656
0.056741238
0.055426598
0.052588701
0.055177927
0.055687428
0.055691242
0.058676720
0.054908037
0.056164503
0.056197882
0.055270672
0.055169106
0.060290098
0.054646492
0.054807425
0.054823875
0.054689646
0.056513309
0.055754662
0.056358099
0.057186127
0.056818485
0.056060314
0.054899693
0.055373192
0.056228876
0.054205894
0.056159973
0.055866480
0.055023670
0.055401564
0.054800272
0.055055857
0.055406332
0.052907467
0.055603504
0.054215908
0.052536011
0.054526329
0.054816246
0.055445671
0.054340839
0.055170774
0.054442167
0.054698944
0.054573536
0.055133820
0.055163860
0.053438902
0.050528526
0.055500031
0.053367853
0.055123806
0.054779053
0.056553125
0.054401398
0.054718733
0.055753469
0.056483030
0.056979656
0.057809114
0.057055235
0.057773829
0.056226492
0.054708004
0.056192398
0.054076433
0.055441856
0.052463770
0.054858208
0.055634975
0.054271460
0.053712368
0.056904316
0.054694653
0.055618048
0.056395769
0.054555893
0.062007189
0.053750992
0.056219578
0.054857731
0.057268620
0.055268049
0.059239388
0.054724693
0.054735184
0.054723024
0.055083990
0.055043697
0.054617643
0.055287361
0.054517984
0.053714752
0.054245710
0.052636862
0.054770708
0.052538872
0.055523872
0.054449558
0.056155920
0.053785563
0.054719448
0.052707672
0.055786848
0.054742336
0.054361343
0.053663492
0.055873394
0.055677652
0.058826923
0.055834532
0.054940939
0.054803133
0.054962635
0.054507971
0.055390120
0.055455446
0.054716349
0.053865194
0.054185867
0.054619074
0.054938078
0.054797173
0.054463625
0.051499128
0.057343245
0.055316448
0.055722475
0.053545952
0.054767370
0.053906918
0.059294701
0.049258709
0.054638386
0.054544687
0.056594849
0.056800365
0.056364059
0.054105043
0.055613279
0.055572271
0.052958727
0.055269718
0.052739859
0.050323009
0.054666281
0.055853367
0.055065870
0.057513475
0.055717230
0.054528952
0.055156946
0.055283308
0.055226326
0.056141138
0.054909468
0.054164171
0.055601358
0.055593729
0.057041883
0.054242849
0.055639029
0.055598021
0.055823803
0.055110931
0.052579165
0.055178404
0.054218531
0.055517435
0.055028677
0.054288149
0.055761099
0.054843664
0.053665400
0.055182457
0.055318594
0.054630041
0.058156490
0.056174278
0.061438799
0.053802252
0.053243876
0.055136204
0.054892063
0.054508686
0.055173397
0.055083275
0.054140091
0.054956913
0.052735090
0.054671526
0.054047346
0.056485891
0.055043936
0.053904533
0.054406166
0.054262877
0.054699421
0.054584503
0.053767204
0.054203033
0.055678606
0.057056427
0.056358576
0.055606127
0.054286003
0.051975727
0.054367781
0.054060221
0.054491758
0.054630518
0.054070473
0.056366205
0.055167675
0.055440664
0.055396080
0.056188107
0.055361271
0.053899288
0.056028843
0.054965973
0.056300879
0.053379059
0.055487394
0.056330442
0.056812763
0.056127071
0.058958530
0.055757999
0.055456638
0.056663752
0.059975386
0.056172609
0.055627346
0.057967186
0.056974411
0.058139563
0.054750919
0.055483341
0.055254936
0.056719303
0.057330608
0.052764416
0.057103157
0.057575703
0.054103374
0.050909996
0.056635380
0.054652691
0.057093859
0.057102442
0.056765079
0.056338787
0.056466818
0.057321787
0.055389643
0.054975510
0.054794073
0.053722143
0.051633835
0.053709269
0.055844545
0.055437803
0.055611372
0.055516958
0.056467295
0.056598663
0.055160761
0.055621147
0.057372808
0.056091070
0.053467035
0.056064844
0.056273460
0.055843115
0.055328846
0.055788517
0.056446075
0.055728436
0.058850765
0.051068068
0.054347515
0.055261612
0.056638718
0.053356886
0.054321051
0.055613756
0.056030273
0.056766987
0.058004379
0.053931475
0.054708958
0.058032274
0.053812981
0.051758766
0.056280136
0.057009220
0.055935860
0.053519487
0.054916382
0.053429604
0.056349516
0.054746628
0.057429314
0.055658579
0.055036545
0.053718090
0.056967974
0.052005529
0.054250479
0.056056261
0.056162357
0.056780815
0.054998636
0.055716038
0.055419445
0.055444002
0.052273750
0.054562092
0.054718256
0.055361271
0.056792736
0.056050777
0.054445744
0.053729773
0.054585218
0.055532217
0.054959297
0.062286615
0.057550669
0.056417704
0.055561304
0.059142828
0.059894085
0.055539846
0.054200411
0.055377007
0.058080435
0.057728052
0.052878380
0.056249619
0.055623531
0.057262659
0.056534529
0.056254387
0.053020954
0.056130409
0.054076910
0.055255175
0.054419041
0.055804729
0.050328970
0.054412365
0.055273294
0.054384470
0.056011677
0.055734396
0.054756403
0.055060387
0.054913521
0.055179596
0.054155111
0.053327322
0.055096626
0.055249453
0.054633141
0.057831764
0.058062315
0.057956457
0.055186749
0.053559780
0.055532217
0.054941416
0.056611061
0.055854797
0.053475142
0.054604292
0.056174517
0.054925203
0.055143595
0.053449631
0.055056334
0.054955721
0.053825855
0.053758383
0.054538250
0.054963827
0.054536819
0.055705547
0.054712296
0.054352283
0.053822279
0.054913998
0.056806087
0.053473234
0.061506271
0.054011822
0.052698374
0.054278374
0.056637764
0.055329323
0.055178642
0.053919315
0.056958199
0.055900574
0.055658817
0.056730986
0.054377556
0.057578564
0.055778265
0.053611755
0.055857897
0.057795048
0.056179047
0.055888414
0.053846359
0.057724237
0.058788300
0.055555820
0.055879116
0.056030273
0.056523800
0.055322886
0.054280281
0.056846619
0.056167364
0.055174112
0.055784702
0.053594351
0.054909945
0.057729721
0.052023411
0.055971861
0.054562569
0.054966927
0.057005405
0.054816484
0.055053711
0.055375099
0.055897713
0.055398226
0.059255123
0.056422472
0.054162264
0.055018425
0.055251598
0.055094004
0.056591511
0.056974888
0.054206610
0.057075262
0.057044268
0.056727409
0.056881189
0.056315660
0.059869528
0.057212114
0.055425882
0.052352190
0.049408436
0.031225920
0.030870199
0.031481266
