0.215062618
0.009142637
0.004852057
0.004396677
0.004070520
0.004681587
0.004729748
0.097551823
0.008903027
0.004580736
0.005065680
0.004635096
0.004331827
0.003904104
0.003916264
0.003977060
0.008399010
0.004194260
0.131443739
0.005313635
0.004099607
0.004000664
0.003954649
0.004130125
0.009092808
0.004624128
0.004760027
0.004888535
0.004302263
0.004370928
0.003994703
0.004439116
0.007937193
0.006580830
0.004192114
0.004395723
0.003902197
0.004279852
0.004092932
0.004040956
0.008582830
0.004843712
0.004431009
0.004066944
0.004625320
0.003998995
0.003731728
0.004018307
0.008670807
0.298023224
0.005720854
0.004458666
0.003912210
0.003960609
0.004069805
0.004189253
0.007523537
0.006748438
0.004358292
0.004540920
0.003926277
0.003960848
0.003952026
0.004019499
0.007980108
0.004557133
0.003896475
0.004457235
0.004206419
0.006089687
0.004106522
0.004189491
0.009250164
0.006462097
0.005482674
0.004326820
0.003917933
0.003942490
0.004148245
0.004294872
0.009219408
0.004734755
0.004677296
0.004335642
0.004019260
0.004125118
0.004020214
0.004056692
0.008781672
0.004538536
0.005064726
0.005605936
0.004182816
0.004217386
0.004122257
0.004200220
0.009637594
0.005053043
0.005203009
0.004700661
0.004632235
0.004577160
0.004574299
0.004714489
0.010953188
0.005386114
0.005034924
0.005084276
0.004713297
0.004598856
0.006550074
0.005952358
0.009615660
0.005505800
0.004932404
0.005120516
0.004700899
0.004471064
0.004666805
0.004634619
0.009025097
0.004893780
0.004947901
0.004696369
0.004440784
0.003978252
0.003770351
0.003798723
0.009810925
0.007075310
0.004280329
0.004349947
0.003929138
0.003968239
0.004090071
0.004265308
0.010231733
0.004182577
0.004292250
0.004614830
0.004169703
0.003920555
0.003942013
0.004088163
0.008352041
0.004429102
0.007905245
0.004084349
0.004243135
0.003821611
0.003979683
0.004065514
0.008690834
0.005085230
0.004086733
0.004381895
0.003945351
0.003950119
0.003928900
0.004062414
0.008655310
0.004366636
0.004646778
0.004176617
0.003787994
0.004170179
0.004426956
0.004142523
0.008587599
0.004209518
0.005339622
0.004384518
0.003998041
0.003996849
0.003765345
0.003806829
0.008585215
0.004535198
0.004792452
0.004110575
0.003862143
0.003828049
0.004287720
0.004010201
0.008409023
0.004166842
0.003992081
0.004078865
0.003760099
0.004015446
0.003812551
0.003825188
0.009069204
0.004551888
0.004170418
0.004051208
0.004181862
0.003781796
0.003775120
0.003811121
0.008466482
0.004215240
0.004776716
0.004372835
0.003903151
0.003805637
0.004133940
0.003772497
0.008780241
0.004408121
0.004465818
0.004758120
0.003843784
0.003921509
0.004071712
0.004411936
0.008223534
0.005107641
0.004358530
0.004390478
0.003863573
0.003775358
0.003901482
0.003836632
0.008703947
0.005681276
0.004031658
0.004337549
0.004157305
0.004083157
0.003985882
0.004075289
0.007845640
0.007019043
0.004404306
0.004123688
0.004104853
0.003823280
0.004033566
0.003930569
0.009054184
0.004085064
0.004547834
0.004594803
0.004544973
0.004028797
0.004435301
0.004075527
0.008237123
0.004435539
0.004851580
0.004531622
0.004040241
0.004151821
0.003981829
0.004086018
0.008534908
0.004524231
0.003981590
0.004174232
0.004147530
0.003968954
0.004155874
0.004163742
0.008603334
0.004691839
0.004164934
0.004090786
0.003861666
0.004396915
0.004249573
0.004202366
0.008311033
0.004236460
0.004505396
0.004524469
0.003856897
0.003689766
0.003776550
0.004006863
0.008375406
0.004345894
0.004776239
0.004464865
0.004317284
0.004614830
0.004040003
0.004216909
0.008907557
0.004424095
0.004566431
0.004253864
0.003851891
0.003894329
0.003927469
0.004281044
0.007782221
0.007149935
0.004324436
0.004354715
0.003863573
0.003916025
0.004207134
0.003910065
0.009451866
0.004543066
0.004347801
0.004006863
0.003848314
0.003870249
0.004012823
0.003917456
0.009996176
0.005314589
0.004554987
0.004508257
0.004026651
0.004152060
0.003950119
0.004271746
0.008604050
0.004989386
0.004396439
0.004516840
0.004144669
0.003986120
0.003942490
0.004369974
0.008393049
0.004216671
0.004127502
0.004101753
0.003778696
0.003777027
0.004275799
0.003802776
0.008312941
0.006642580
0.005263329
0.003981352
0.003763676
0.004015684
0.003835678
0.003892660
0.009168625
0.004463196
0.005364895
0.004261255
0.004314423
0.004250526
0.004024506
0.004056692
0.008389950
0.004979134
0.004366159
0.004674911
0.003991365
0.004000425
0.004037857
0.004038334
0.009315729
0.004469633
0.004052639
0.004208803
0.004484653
0.003962755
0.003816605
0.004172087
0.008571625
0.005127907
0.004289389
0.004133940
0.003954411
0.004060507
0.003784180
0.003905296
0.009459972
0.004861593
0.004342794
0.004343510
0.003906012
0.003948450
0.004220486
0.004032373
0.008740902
0.004370213
0.004200220
0.004444599
0.003802776
0.004171133
0.004134178
0.004304171
0.008926630
0.005255222
0.004410744
0.004270315
0.004023075
0.003980398
0.003999949
0.004054308
0.009062290
0.004262924
0.004327297
0.004550457
0.003929615
0.003905296
0.003948927
0.003919601
0.008140326
0.004927874
0.004348516
0.004333258
0.004365444
0.003931046
0.004173040
0.003911495
0.008721590
0.004399300
0.004375696
0.004252672
0.003986835
0.004305363
0.003980160
0.004044056
0.008616209
0.004755974
0.004442453
0.004177809
0.003808260
0.003772497
0.004128218
0.006242275
0.008531809
0.004662752
0.004140377
0.004333496
0.003800631
0.003924608
0.003766775
0.003769159
0.008692980
0.004244089
0.004175901
0.003981590
0.003684282
0.003917933
0.003929853
0.005870342
0.008368015
0.004280567
0.004489899
0.004296303
0.003924370
0.004010439
0.003901958
0.004143000
0.008678675
0.004544735
0.004241943
0.004430056
0.003782988
0.003756762
0.003777266
0.003826141
0.008302450
0.004497051
0.004700184
0.004464149
0.004054070
0.004010916
0.004047632
0.004209042
0.008479834
0.005394220
0.004090309
0.004467487
0.003990889
0.003988266
0.003977060
0.004111052
0.008783340
0.004616976
0.004316092
0.004073858
0.003817081
0.003924847
0.003972530
0.004127264
0.008487463
0.004370213
0.004496336
0.004097939
0.003911018
0.003931761
0.003974199
0.004228115
0.008642435
0.004378080
0.004948139
0.004065752
0.003782511
0.003767729
0.003770113
0.003816366
0.008867502
0.004645824
0.004647255
0.004333735
0.003784418
0.004264355
0.003884077
0.004152775
0.008463621
0.004375935
0.004621267
0.004475117
0.004180908
0.003948927
0.003938437
0.004029989
0.009795904
0.005408287
0.004882336
0.004927158
0.004595518
0.004740000
0.004677534
0.004749060
0.010045052
0.004595995
0.004300117
0.004238605
0.004192114
0.003883839
0.003854275
0.003915787
0.008589983
0.004327059
0.004160404
0.004297733
0.004062891
0.004024267
0.004034758
0.004106998
0.008673668
0.004472017
0.004355669
0.004522085
0.003969669
0.004120827
0.004065275
0.004054308
0.008366346
0.004379749
0.004204750
0.004287720
0.003969431
0.003972769
0.004004240
0.004063129
0.008875847
0.004473686
0.004275560
0.004368305
0.004002810
0.003875017
0.003987074
0.004123449
0.008854866
0.004562616
0.004347801
0.004243851
0.003960371
0.003966093
0.004025936
0.004079103
0.008675814
0.004543781
0.004413605
0.004170418
0.003949404
0.004352808
0.004101992
0.004091501
0.008257627
0.004368544
0.004346371
0.005539179
0.003883600
0.005616188
0.003787041
0.003819942
0.009455442
0.005711794
0.007706881
0.004417658
0.004107714
0.004025221
0.004020452
0.004076242
0.009547234
0.098040581
0.005429506
0.004472017
0.003797770
0.003756523
0.003758669
0.003836393
0.008532286
0.004279852
0.005016088
0.004021168
0.003717422
0.003900290
0.003999949
0.004084826
0.008835316
0.004226685
0.004418612
0.004334211
0.003809214
0.003804207
0.003860235
0.004187584
0.008613110
0.004251719
0.004248381
0.004225969
0.003736019
0.003916025
0.003999472
0.004101038
0.008801460
0.004236698
0.004202127
0.004317999
0.003894806
0.003772974
0.003770351
0.003962755
0.008326292
0.004397392
0.004292488
0.003992319
0.003741503
0.003912926
0.003995180
0.004040718
0.008248568
0.004301310
0.004213572
0.003978491
0.003806114
0.003795147
0.003787756
0.003832340
0.008122444
0.005151510
0.005069971
0.004003763
0.003796816
0.003795624
0.003770113
0.003827810
0.008466959
0.004483461
0.004223585
0.004122257
0.003798723
0.003797531
0.003793716
0.003841639
0.008431673
0.004401922
0.004434586
0.004435539
0.004027367
0.004187107
0.004189491
0.004152060
0.007516623
0.007130384
0.004309416
0.004138231
0.004187346
0.003849983
0.003976583
0.004322290
0.008801937
0.004628181
0.004838705
0.004216433
0.003807068
0.003765583
0.003763199
0.003821611
0.008475304
0.004578590
0.004948854
0.004320383
0.003871918
0.003893852
0.003916740
0.003956079
0.008799076
0.004671574
0.004542112
0.004397154
0.004042387
0.003982306
0.004012346
0.004075527
0.009026289
0.004384995
0.004719496
0.004338741
0.004014015
0.004127264
0.004061937
0.004129171
0.008670807
0.004288912
0.004068375
0.003991365
0.003765583
0.003770590
0.003760576
0.003819942
0.008397579
0.004720449
0.004929543
0.004464388
0.004234791
0.004186630
0.004176378
0.004143476
0.008631706
0.004443884
0.004225492
0.004207134
0.004055262
0.004038811
0.004016638
0.004079342
0.008857489
0.004602194
0.004111052
0.004047871
0.004155874
0.004119158
0.004087210
0.004106283
0.008825779
0.005239487
0.005180120
0.004261494
0.003688812
0.003871918
0.003968716
0.004069805
0.008967161
0.004427195
0.004240036
0.004108906
0.004040718
0.004044294
0.004091263
0.004228592
0.008536100
0.004522562
0.004378080
0.004378796
0.003962517
0.003854513
0.003872633
0.004112959
0.007793665
0.004140854
0.004011631
0.004259825
0.003970146
0.003991842
0.003982544
0.004117250
0.008502960
0.004376650
0.004703045
0.004296064
0.003977060
0.003933191
0.004056692
0.004049063
0.008502245
0.004335403
0.004332542
0.003940105
0.003927946
0.003909826
0.003921986
0.003977060
