1.306257725
0.777736187
0.898984909
0.801610947
0.816683531
0.800236464
1.085292816
1.009433746
1.060964584
0.767492771
0.732903004
0.771217823
0.797647476
0.810545444
0.754935741
0.784676790
0.784023523
0.774339914
0.822887421
0.741991520
0.801026583
0.748494148
0.812752724
0.741045237
0.786598682
0.784838676
0.771206379
0.763403654
0.791123629
0.804168940
0.786719799
0.795824528
0.782796383
0.812192678
0.710660458
0.782351255
0.779352188
0.831374884
0.793626070
0.810717583
0.741031885
0.768467426
0.763150454
0.778745413
0.775099039
0.715354681
0.707606316
0.745808363
0.769506931
0.750425816
0.773339272
0.776800871
0.766119480
0.803299665
0.791069269
0.763777733
0.795989275
0.792310238
0.798264742
0.789406776
0.738493919
0.773129225
0.808913946
0.769534826
0.743048906
0.810570717
0.782375574
0.801426649
0.743979931
0.787690639
0.773296356
0.778448105
0.819131613
0.837297440
0.860240459
0.989947557
0.770889521
0.747097969
0.728997946
0.783746243
0.753480673
0.745187521
0.781564236
0.734977484
0.769840956
0.782529354
0.773777246
0.743988752
0.785482168
0.730839968
0.700532913
0.728753567
0.750293732
0.729915619
0.776988983
0.780020237
0.763959885
0.790805817
0.779731989
0.806190491
