0.002987146
0.002820492
0.001453638
0.001741171
0.001494646
0.001453876
0.001585245
0.001481295
0.001399755
0.001531363
0.001400471
0.001418591
0.001481533
0.001423836
0.001477242
0.001491070
0.001467705
0.001499891
0.001387835
0.001473427
0.001472950
0.001471996
0.001393318
0.001473665
0.001414299
0.001436472
0.001402855
0.001538992
0.001426697
0.001448393
0.001412153
0.001430988
0.001396656
0.001401663
0.001400948
0.001409292
0.001411915
0.001409292
0.001415968
0.001419783
0.001408577
0.001424789
0.001438141
0.001428843
0.001422644
0.001420021
0.001399517
0.001389980
0.001401186
0.001399994
0.001398563
0.001414299
0.001400232
0.001400232
0.001396894
0.001424074
0.001424789
0.001422167
0.001397133
0.001406670
0.001418114
0.001449585
0.001400232
0.001403332
0.001466274
0.001409769
0.001429558
0.001423120
0.001410007
0.001411676
0.001407146
0.001431227
0.001399040
0.001457214
0.001423359
0.001457691
0.001412868
0.001429319
0.001449347
0.001461983
0.001418352
0.001404047
0.001401186
0.001403570
0.001424074
0.001473427
0.001415491
0.001394033
0.001400471
0.001410961
0.001406908
0.001410723
0.001404762
0.001400232
0.001428843
0.001407385
0.001401424
0.001443148
0.001398325
0.001439095
0.001437664
0.001408339
0.001397848
0.001401663
0.001399517
0.001398802
0.001411438
0.001397610
0.001400232
0.001414299
0.001428843
0.001410484
0.001404047
0.001400232
0.001410723
0.001417398
0.001415491
0.001408815
0.001403809
0.001408577
0.001406431
0.001403570
0.001525402
0.001384020
0.001392365
0.001389027
0.001067162
