0.007289886
0.007142067
0.007134199
0.007130861
0.007200956
0.007324934
0.007314205
0.007310629
0.006836891
0.007625580
0.007295847
0.007297754
0.007282019
0.007284164
0.007287741
0.007292986
0.007277250
0.006780624
0.007594347
0.007406712
0.007336617
0.007295370
0.007324934
0.007280588
0.007276535
0.007276297
0.006796598
0.007685423
0.007304430
0.007354498
0.007274628
0.007269859
0.007276058
0.007298946
0.007274628
0.006788969
0.007567883
0.007309437
0.007298946
0.007309914
0.007286072
0.007287979
0.007302523
0.007286310
0.006787777
0.007613420
0.007307529
0.007327557
0.007349014
0.007280588
0.007301807
0.007279634
0.007277727
0.006786108
0.007632732
0.007317543
0.007288933
0.007343769
0.007352114
0.007380962
0.007385969
0.007266521
0.006777763
0.007657290
0.007360697
0.007286787
0.007284164
0.007283926
0.007289886
0.007286787
0.007271051
0.006784201
0.007669926
0.007287502
0.007283449
0.007296801
0.007287264
0.007295132
0.007273674
0.007273912
0.006781578
0.007600307
0.007334948
0.007277966
0.007304907
0.007279396
0.007271767
0.007266521
0.007282495
0.006785870
0.007201910
0.006915808
0.006864071
0.006862164
0.007276773
0.007321358
0.007323503
0.007308960
0.006813765
0.007609367
0.007301569
0.007331371
0.007293701
0.007287264
0.007301807
0.007290840
0.007271528
0.006779909
0.007660866
0.007336140
0.007308245
0.007325888
0.007312536
0.007334232
0.007318020
0.007311821
0.006834507
0.007413864
0.006933928
0.006862164
0.006898165
0.006867647
0.007291079
0.007329702
0.007330656
0.006806850
0.007119894
0.006829500
0.006813526
0.006935358
0.007330894
0.007333517
0.007328749
0.007302284
0.006823540
0.007241011
0.007015228
0.006996870
0.006956577
0.007058144
0.007302523
0.007307529
0.007295609
0.006809950
0.007200241
0.006831646
0.006858110
0.007196903
0.007307291
0.007323265
0.007316113
0.007306576
0.006824255
0.007218838
0.006842375
0.006856680
0.006799459
0.007337570
0.007312298
0.007312298
0.007299423
0.006801605
0.007252455
0.007141352
0.007456303
0.007306814
0.007283449
0.007297993
0.007326126
0.007322311
0.006825447
0.007181406
0.006853342
0.006805897
0.007011890
0.007319927
0.007312775
0.007326841
0.007332087
0.006817102
0.007120609
0.006812572
0.006801844
0.007265091
0.007309675
0.007326126
0.007313490
0.007315636
0.007044315
0.007129431
0.006891727
0.006849527
0.007094383
0.007394552
0.007312775
0.007318258
0.007312775
0.006826401
0.007224321
0.006915092
0.006944418
0.006910801
0.007255316
0.007329702
0.007372141
0.007317305
0.006821871
0.007148266
0.006886959
0.006821394
0.006810665
0.007321596
0.007467985
0.007303476
0.007314682
0.006822109
0.007632017
0.007285118
0.007288218
0.007308483
0.007284164
0.007293224
0.007326126
0.007299662
0.006799221
0.007273912
0.006959438
0.006969452
0.006952524
0.007065773
0.007358551
0.007313251
0.007313967
0.006835699
0.007093906
0.006962299
0.007326126
0.007282972
0.007268906
0.007294416
0.007298231
0.007308483
0.006815195
0.007198334
0.006840706
0.006805182
0.006844044
0.007319689
0.007411718
0.007305861
0.007308960
0.006819248
0.007261276
0.006823540
0.006811857
0.006900072
0.007158518
0.007321835
0.007326126
0.007290840
0.006795883
0.007055759
0.006861448
0.006837606
0.006827831
0.006863117
0.007209778
0.007314682
0.007302999
0.006744146
0.007231712
0.006964684
0.006880999
0.006900787
0.007277012
0.007333040
0.007348776
0.007326126
0.006811380
0.007133722
0.006922960
0.007094622
0.007030010
0.007083893
0.007206678
0.007303953
0.007299662
0.006828308
0.007174969
0.006856203
0.006800890
0.006801367
0.007265329
0.007323980
0.007313967
0.007292986
0.006810904
0.006964922
0.006660938
0.006676674
0.006649256
0.007180452
0.007314920
0.007318258
0.007312536
0.006802082
0.007118225
0.006833076
0.006803274
0.006703854
0.006753445
0.006720304
0.006803274
0.006807089
0.006382942
0.007184267
0.006910324
0.006858110
0.007358074
0.007312298
0.007303476
0.007300377
0.007312059
0.006814480
0.007235050
0.006865740
0.006857634
0.006835461
0.006850719
0.006910563
0.006824255
0.006813288
0.006360292
0.007192612
0.006901026
0.006841660
0.006809950
0.007118940
0.007333279
0.007310867
0.007317066
0.006820679
0.006981850
0.006892443
0.007409334
0.007447243
0.007340670
0.007305384
0.007311344
0.007297754
0.006833315
0.007113934
0.006874561
0.006764174
0.006716251
0.006721020
0.006706238
0.006797314
0.006808519
0.006381035
0.007249355
0.006855488
0.006944180
0.007200003
0.007469416
0.007346869
0.007316589
0.007307768
0.006821871
0.007543802
0.007421970
0.007327557
0.007324457
0.007325649
0.007328987
0.007317305
0.007299662
0.006813526
0.006986141
0.006700993
0.006682396
0.006669283
0.006658554
0.006823063
0.006821632
0.006837368
0.006413221
0.006951332
0.006693125
0.006663322
0.006676197
0.006775141
0.006753206
0.006834030
0.006861687
0.006378174
0.007082462
0.006770611
0.006711960
0.006688595
0.006806374
0.006852627
0.006874561
0.006891966
0.006433725
0.007176161
0.006819725
0.006804466
0.007095575
0.007324457
0.007346392
0.007319689
0.007301807
0.006817341
0.007072926
0.006690264
0.006696701
0.006686211
0.006756783
0.006755829
0.006828785
0.006870508
0.006401539
0.007156134
0.006806374
0.006793022
0.007204533
0.007367849
0.007320881
0.007308960
0.007309198
0.006826401
0.007073402
0.006684780
0.006692410
0.006698847
0.006675243
0.006970167
0.006823301
0.006835222
0.006397009
0.007199526
0.006815195
0.006783247
0.006919622
0.007255554
0.007331610
0.007347345
0.007297516
0.006824970
0.006982565
0.006753206
0.006670475
0.006804228
0.006836414
0.006833792
0.006843090
0.006866932
0.006414652
0.007126331
0.006852865
0.006750584
0.006746769
0.006953478
0.007324457
0.007323980
0.007326126
0.006807804
0.007194281
0.007046461
0.007296324
0.007310867
0.007285357
0.007338762
0.007298708
0.007300377
0.006803036
0.007204294
0.006752968
0.006750107
0.006834745
0.007313490
0.007336617
0.007323265
0.007296801
0.006803274
0.007383108
0.006740093
0.006716490
0.006730795
0.007244587
0.007334948
0.007306337
0.007301807
0.006807327
0.007218361
0.006896734
0.006810427
0.006798983
0.006954670
0.007333994
0.007336855
0.007306099
0.006820917
0.006957769
0.006687403
0.006693602
0.006649494
0.006665468
0.006709337
0.006812334
0.006821394
0.006386042
0.007147074
0.007005215
0.007242918
0.007253647
0.007207870
0.007272959
0.007256269
0.006902695
0.006429672
0.007159233
0.006829977
0.006810665
0.006888866
0.007023811
0.007315159
0.007311821
0.007290840
0.006813526
0.007015228
0.006675720
0.006641388
0.006644726
0.006747961
0.006829023
0.006827593
0.007125854
0.006631851
0.007063627
0.006735086
0.006725550
0.006741762
0.006709337
0.006970882
0.007311106
0.007287264
0.006799698
0.006945133
0.006668806
0.006704569
0.006647825
0.006681681
0.006744146
0.006869316
0.007300615
0.006818056
0.007157803
0.006742954
0.006750822
0.006724119
0.006758690
0.006829977
0.006818295
0.006865501
0.006406784
0.007223129
0.006711006
0.006685734
0.006668329
0.006701708
0.006811619
0.006792068
0.006856203
0.006411314
0.007022619
0.006726265
0.006896257
0.006829739
0.006668329
0.006733894
0.006826639
0.006807804
0.006387472
0.007347822
0.006725311
0.006682634
0.006733418
0.006664276
0.006848097
0.006838322
0.006885529
0.006396055
0.006961584
0.006690741
0.006711483
0.006656647
0.006673336
0.006814718
0.006828070
0.006873369
0.006431103
0.007027864
0.006684542
0.006690741
0.006707191
0.006705284
0.006721020
0.006834745
0.006815910
0.006353617
0.006988764
0.006693363
0.006699085
0.006680250
0.006706238
0.006823540
0.006819963
0.006904602
0.006414175
0.007056713
0.006720304
0.006846428
0.006954908
0.006961346
0.007069111
0.007305861
0.007309914
0.006819725
0.007077456
0.006716490
0.006665468
0.006731272
0.006753683
0.006814957
0.006840229
0.006859303
0.006399393
0.007310629
0.006909847
0.006822586
0.006850958
0.006926298
0.007310867
0.007320404
0.007301331
0.006798983
0.006970167
0.006756067
0.006691217
0.006775379
0.006709337
0.006764412
0.006837606
0.006814480
0.006394386
0.007089376
0.006756783
0.006677151
0.006714821
0.006674051
0.006701708
0.006787539
0.006805658
0.006346464
0.007026434
0.006690025
0.006675720
0.006656170
0.006678104
0.006826401
0.006818533
0.006823063
0.006393433
0.007248640
0.006951332
0.006973505
0.006920099
0.007046223
0.007315874
0.007311821
0.007302761
0.006814957
0.007713079
0.007361889
0.007372618
0.007359982
0.007306337
0.007328987
0.007310867
0.007286310
0.006812572
0.007148504
0.007009506
0.007033825
0.007040262
0.007044554
0.007469177
0.007319450
0.007330656
0.006822348
0.007050037
0.006730080
0.006806612
0.006658316
0.006653070
0.006750107
0.006791830
0.006784916
0.006373167
0.006959915
0.006659031
0.006644011
0.006650209
0.006832600
0.006821871
0.006852865
0.006900787
0.006418943
0.007001400
0.006708622
0.006679058
0.006659269
0.006765604
0.006833315
0.006817818
0.007091522
0.006629467
0.007018805
0.006752253
0.006754875
0.007200480
0.007148504
0.007194519
0.007257462
0.007254601
0.006788254
0.007142782
0.006857634
0.006926775
0.007116318
0.006989241
0.007334232
0.007391453
0.007219076
0.006443739
0.007039309
0.006694555
0.006732941
0.006828308
0.006893873
0.006824493
0.006826162
0.006847143
0.006516933
0.007147551
0.006741762
0.006667137
0.006696463
0.006700516
0.006788254
0.006790876
0.006870985
0.006403685
0.007346869
0.006700993
0.006693363
0.006704569
0.006636858
0.006708384
0.006826401
0.006823778
0.006393909
0.007112980
0.006845474
0.006705761
0.006656885
0.006712198
0.006727219
0.006770611
0.006792307
0.006388187
0.007171631
0.006851435
0.006690502
0.006715775
0.006684542
0.006783724
0.006800413
0.006801844
0.006410837
0.007018566
0.006688356
0.006690502
0.006681681
0.006760359
0.006681919
0.006807327
0.006828070
0.006366014
0.006987095
0.006668091
0.006678820
0.006694555
0.006802797
0.006803989
0.006851196
0.006860733
0.006403923
0.006994009
0.006690741
0.006664753
0.006654978
0.006654024
0.006749868
0.006832123
0.006823540
0.006372452
0.006975889
0.006738186
0.006672144
0.006688118
0.006665945
0.006708860
0.006832123
0.006826878
0.006379366
0.007119179
0.006691456
0.006666183
0.006700277
0.006861925
0.006815195
0.006858349
0.006858349
0.006394148
0.007008553
0.006730556
0.006670713
0.006661177
0.006825209
0.007064342
0.007060289
0.007125854
0.006693363
0.007025957
0.006692886
0.006664991
0.006669760
0.006669760
0.006785154
0.006823301
0.006809473
0.006392956
0.006982327
0.006669998
0.006676674
0.006648540
0.006702185
0.006796122
0.006789684
0.006819963
0.006399393
0.007121325
0.006750822
0.006759167
0.006816387
0.007324696
0.007304192
0.007307529
0.007306099
0.006807566
0.007061243
0.006871462
0.006901264
0.006910801
0.006932735
0.007264853
0.007297516
0.007306814
0.006845236
0.007134676
0.006828785
0.006963491
0.007322550
0.007342577
0.007338762
0.007317543
0.007300377
0.006800652
0.007209778
0.006953239
0.006831646
0.007103682
0.007328510
0.007302523
0.007315874
0.007304668
0.006813049
