0.113630056
0.116743565
0.114065170
0.116361856
0.114759207
0.115288496
0.113671064
0.113805532
0.113467693
0.114176273
0.112026930
0.113377571
0.115023375
0.117501020
0.114972830
0.114048243
0.111188173
0.112997770
0.113533020
0.112297058
0.120595932
0.114485979
0.111235142
0.113868713
0.116247416
0.112690926
0.117385626
0.112161160
0.114176035
0.116917849
0.113225222
0.116317034
0.112440586
0.110797644
0.107607126
0.113939524
0.110641479
0.112533808
0.109219313
0.110344172
0.110687971
0.116483927
0.108265638
0.110559464
0.107585907
0.116933823
0.108829021
0.114309549
0.108542442
0.112582684
0.109072447
0.115643978
0.113393068
0.112713575
0.114552259
0.111880302
0.112089634
0.117882013
0.117291212
0.107613802
0.108888388
0.110617876
0.118811607
0.112581730
0.112941504
0.112173796
0.117874861
0.107296228
0.110464573
0.112844944
0.115293503
0.112652779
0.112419844
0.109617949
0.108724594
0.112430096
0.114053488
0.120624542
0.111051559
0.113703966
0.109343052
0.112704754
0.110851049
0.111452103
0.112152338
0.107136965
0.109366179
0.112655878
0.109530449
0.108888149
0.110160351
0.108758688
0.108553648
0.112306118
0.106309414
0.107834578
0.112867594
0.114004135
0.115081787
0.113671541
