0.002029657
0.001784086
0.001842260
0.001721621
0.001732111
0.001718760
0.001740456
0.001717329
0.001798630
0.001790762
0.001801968
0.001796246
0.001857758
0.001796961
0.001839876
0.001727104
0.001678944
0.001668215
0.001682758
0.001670122
0.001663923
0.001687765
0.001679182
0.001676083
0.001671791
0.001669407
0.001672983
0.001669168
0.001669407
0.001717567
0.001682281
0.001696587
0.001683235
0.001736403
0.001686096
0.001735449
0.001686573
0.001764059
0.001691580
0.001700878
0.001676321
0.001707554
0.001685381
0.001738310
0.001691818
0.001744032
0.001688719
0.001698732
0.001712561
0.001728296
0.001670361
0.001732111
0.001687288
0.001722336
0.001674652
0.001704454
0.001681566
0.001721621
0.001667500
0.001728058
0.001687765
0.001731396
0.001683474
0.001688004
0.001682520
0.001715899
0.001681328
0.001704931
0.001682520
0.001722813
0.001677275
0.001721382
0.001664400
0.001752138
0.001693964
0.001699209
0.001689434
0.001701832
0.001686335
0.001770735
0.001698256
0.001739979
0.001679420
0.001741409
0.001715660
0.001739025
0.001685858
0.001724243
0.001696110
0.001714706
0.001690149
0.001712084
0.001682520
0.001701355
0.001698017
0.001702070
0.001681328
0.001671791
0.001682281
0.001687527
