0.267231226
0.178989172
0.180135727
0.178991318
0.174191952
0.143103361
0.118203878
0.111607075
0.110948801
0.101563931
0.274835348
0.199485064
0.180343628
0.185911179
0.178440332
0.145652533
0.113826513
0.110574245
0.113373995
0.110849380
0.255785465
0.180017233
0.188983202
0.181042910
0.182557821
0.161966562
0.124901056
0.111670971
0.122201443
0.113817215
0.264487505
0.183579922
0.178765059
0.179348469
0.178740501
0.147031784
0.109625578
0.114206314
0.120996475
0.113016129
0.262353659
0.179707289
0.179413557
0.203818560
0.181375265
0.154868603
0.112293720
0.118974447
0.114256859
0.116432190
0.282042503
0.216728687
0.188869476
0.217288017
0.208096743
0.144252300
0.123264790
0.111355066
0.111313343
0.113300085
0.274126768
0.181721687
0.189131498
0.193561554
0.178397179
0.145182133
0.111236334
0.115265131
0.109868050
0.112595797
0.297163248
0.182062149
0.180244923
0.216902018
0.184216499
0.163636684
0.121810198
0.125357389
0.111097574
0.112116098
0.288463831
0.163025141
0.178443193
0.185315609
0.180710077
0.143586874
0.112286568
0.111111641
0.111545563
0.123993158
0.275399446
0.222858906
0.188767672
0.203155518
0.190005302
0.225872517
0.110396147
0.117735386
0.120846272
0.110867023
0.290959120
0.192436457
0.182165146
0.178504467
0.180624008
0.211840630
0.113004208
0.110919476
0.110368967
0.110971928
0.270415545
0.211779833
0.180752277
0.179521561
0.184851408
0.173610687
0.110146999
0.115808725
0.123584270
0.114009142
0.246023178
0.183354855
0.213910103
0.183098078
0.178138733
0.186230898
0.111280680
0.125239849
0.112018347
0.112201214
0.280631781
0.226306200
0.183109045
0.179633856
0.177675724
0.151859999
0.122861147
0.154764652
0.112205505
0.107783079
0.274278879
0.178017378
0.174103975
0.156125546
0.170438766
0.146235704
0.110810280
0.110734701
0.111333847
0.109063864
0.269690752
0.201629639
0.174613237
0.218712807
0.175602913
0.147721291
0.110714197
0.115973234
0.110769272
0.111828566
0.249894142
0.181191444
0.179711819
0.183572769
0.189216614
0.149950504
0.110964298
0.115291595
0.110542059
0.110336065
0.272510529
0.182398081
0.203519106
0.178842306
0.177177429
0.144815207
0.119390726
0.111317158
0.114241838
0.112231016
0.287705660
0.184653282
0.178192854
0.194455624
0.192736149
0.150036573
0.111125469
0.111051798
0.113305569
0.109302998
0.282716036
0.181996584
0.182821989
0.179001570
0.179365158
0.149026155
0.115363121
0.111518383
0.113679886
0.112558842
0.267409325
0.204685211
0.186233044
0.180669069
0.193723440
0.148608208
0.112921000
0.110798597
0.110914946
0.113204479
0.268067360
0.197057247
0.175611973
0.226618767
0.175719500
0.162013531
0.111081839
0.110682726
0.110915661
0.115462780
0.274371386
0.180130959
0.215023756
0.225172520
0.186487436
0.147262812
0.112120390
0.112608671
0.110880375
0.111246347
0.273964405
0.198411465
0.177433729
0.192873478
0.173284292
0.144767046
0.109942198
0.110525846
0.110316992
0.109957695
0.295464516
0.189149380
0.203614712
0.178604364
0.179489613
0.157805204
0.114413261
0.110101461
0.110171080
0.111099482
0.271463156
0.220020294
0.175894499
0.188613653
0.174395800
0.145100355
0.113959312
0.110825062
0.111793041
0.108696461
0.267593861
0.213779926
0.182688475
0.183524370
0.213773012
0.148734093
0.110524654
0.114502192
0.110664606
0.110804558
0.267028093
0.185534954
0.179869890
0.179903984
0.222139835
0.149472952
0.111667633
0.110830545
0.111059189
0.116546869
0.276124477
0.217056036
0.179679632
0.186233521
0.177269220
0.146614552
0.110371351
0.120815516
0.110791922
0.109438896
0.294197321
0.198685646
0.202528715
0.182064772
0.181439400
0.160094261
0.110718489
0.122733593
0.110970497
0.112336159
0.288118124
0.183312654
0.159004211
0.177871943
0.215268135
0.193441629
0.112609386
0.115618944
0.131422758
0.111904860
0.275992393
0.212548494
0.219970226
0.178249598
0.184006929
0.153576851
0.111292601
0.115391731
0.111825466
0.111385107
0.286301613
0.180835724
0.179627419
0.222790718
0.184941292
0.146863461
0.111500740
0.110349417
0.122780085
0.110903263
0.276414156
0.182823420
0.208919287
0.186260939
0.193602562
0.144339085
0.109843731
0.111278534
0.116803885
0.115912676
0.269803524
0.212628603
0.178715944
0.197422743
0.212181568
0.145646095
0.110978127
0.113171816
0.111388683
0.110804558
0.283589125
0.196589470
0.180843592
0.179269552
0.177065849
0.171003342
0.111096382
0.171856403
0.111878872
0.110799074
0.283265591
0.181875706
0.182518721
0.179229259
0.176107168
0.197912931
0.111590862
0.110282660
0.114405632
0.112161398
0.256726265
0.184146881
0.198443174
0.183034182
0.195377588
0.148679733
0.111021996
0.111909866
0.112954855
0.112947226
0.259865761
0.180685282
0.174046516
0.225332499
0.171602011
0.149983883
0.111171246
0.110436201
0.109849691
0.110397339
0.266749382
0.187391996
0.212041378
0.192339182
0.192883730
0.145581245
0.110922575
0.139114618
0.110470057
0.130492926
0.268431902
0.197340488
0.182831049
0.211420298
0.177309752
0.144932032
0.114880323
0.109806299
0.109554291
0.108929396
0.247847795
0.182157755
0.180737495
0.172149897
0.177777052
0.147993803
0.110012293
0.110397339
0.125367880
0.121217251
0.271687269
0.215534687
0.185525179
0.189612150
0.176961660
0.145581245
0.122710466
0.111391068
0.172104120
0.115490675
0.282185078
0.183825731
0.185796738
0.200367928
0.192936182
0.165344715
0.127393723
0.110245705
0.124176025
0.111708164
0.274080276
0.210151911
0.180150747
0.203209639
0.200273752
0.148121119
0.109304428
0.110238552
0.109432697
0.118671656
0.263800144
0.182035685
0.178998470
0.196883917
0.179008007
0.150022268
0.109368563
0.110414028
0.109444141
0.115101337
0.274368286
0.183124304
0.173842907
0.225714684
0.173129559
0.178937197
0.114293337
0.109849215
0.112911224
0.109700918
0.276137590
0.184189796
0.188356161
0.189474583
0.202658892
0.146370888
0.112186193
0.111115456
0.109867573
0.108829260
0.278392315
0.209270477
0.180639744
0.181747675
0.211011887
0.172040939
0.108817816
0.112711668
0.109477997
0.113902569
0.298911333
0.199564934
0.227692842
0.183578730
0.189925432
0.146120310
0.111246586
0.130453825
0.110989571
0.126904964
0.252448559
0.210943937
0.182517052
0.180376053
0.177720547
0.157320499
0.112885714
0.109247923
0.109410286
0.113596678
0.271603346
0.211190939
0.209018946
0.179251194
0.202353239
0.145720005
0.109820127
0.109672070
0.109436989
0.122496367
0.266500473
0.230333805
0.180083513
0.177726269
0.225362301
0.145034552
0.124297619
0.110495567
0.111554146
0.123697042
0.268848181
0.182579279
0.173035145
0.172854185
0.175296783
0.151440859
0.110237122
0.109844923
0.109626293
0.108054638
0.283250093
0.184267282
0.185720921
0.183774233
0.193327427
0.189324856
0.109871149
0.119380951
0.109621286
0.110123158
0.277539015
0.207993746
0.176614285
0.191584587
0.223337650
0.149537086
0.112207651
0.109683752
0.112674952
0.111210108
0.269243479
0.209538937
0.171766281
0.185000420
0.169860840
0.166270494
0.109296799
0.110372066
0.109981298
0.117820263
0.271596193
0.183857679
0.179761410
0.178253651
0.191931963
0.143649340
0.109318018
0.112102509
0.124869108
0.118856430
0.296779156
0.180861473
0.205125093
0.178755999
0.189253807
0.202893257
0.109583378
0.130975485
0.110230446
0.108999968
0.275531530
0.190108061
0.179352045
0.211091995
0.183239222
0.191833019
0.109655142
0.111712694
0.112307310
0.111547470
0.265960455
0.212980032
0.178488731
0.184530497
0.182468653
0.194865465
0.110643387
0.113986015
0.110505104
0.111343622
0.276574373
0.175640583
0.210007906
0.216378689
0.178598166
0.147666693
0.109586239
0.114131927
0.123018026
0.112270117
0.286603451
0.180693388
0.183566809
0.197723389
0.195141077
0.149672270
0.111419201
0.110145330
0.123388290
0.111166954
0.248048067
0.201071501
0.216283798
0.179840565
0.194264889
0.160193920
0.109981060
0.109359503
0.109651566
0.114330769
0.258169174
0.235590219
0.172692776
0.185709476
0.172715902
0.164910078
0.109036207
0.112056494
0.110467434
0.111602783
0.262461662
0.207607746
0.178740740
0.178087950
0.195544481
0.189490557
0.109834671
0.109390020
0.109844208
0.109003067
0.272785664
0.190029860
0.180266857
0.177560091
0.217093945
0.142395258
0.121124268
0.109376669
0.118420601
0.113228798
0.252085447
0.182887554
0.201768160
0.190455198
0.211642027
0.163271666
0.140462399
0.111737013
0.110232592
0.108944178
0.271348476
0.185987234
0.175397873
0.201476097
0.176068068
0.151633263
0.109493256
0.114346504
0.122519016
0.126296520
0.261412859
0.182559967
0.189531803
0.181926489
0.188105106
0.144177198
0.109043837
0.110779524
0.109282017
0.109775543
0.261393309
0.180371284
0.177432537
0.199645281
0.179669857
0.143923998
0.109404802
0.110193968
0.115468979
0.114185810
0.266206264
0.187260866
0.155944347
0.199192762
0.173151016
0.156399012
0.110706329
0.123430490
0.125480175
0.111007929
0.222426891
0.202268124
0.172282934
0.186319828
0.173219681
0.213647127
0.111668348
0.108834267
0.112344980
0.109516144
0.282791615
0.212951183
0.182053328
0.177446604
0.196932077
0.148760080
0.113414764
0.110272408
0.118090630
0.110057354
0.271152973
0.187492847
0.204441786
0.193566799
0.194338560
0.183893442
0.119278669
0.110758305
0.113803625
0.109628916
0.272206545
0.195353270
0.201541424
0.180451393
0.181430101
0.206713676
0.109979868
0.112712622
0.110684872
0.116955042
0.267761469
0.224891901
0.180021286
0.181697130
0.181097031
0.146045923
0.109648228
0.110928297
0.109100580
0.109172106
0.302265406
0.183615446
0.184380054
0.177455187
0.220457554
0.160507679
0.130241394
0.109665871
0.116047144
0.125517130
0.254764318
0.179778337
0.205339909
0.221470594
0.191840410
0.161505938
0.110225439
0.122057438
0.115218639
0.109483719
0.288876057
0.225108147
0.201737404
0.203588724
0.180761576
0.212735176
0.109215498
0.109417915
0.123156786
0.109477043
0.293896675
0.224173069
0.178320408
0.187062263
0.193435431
0.148232937
0.110990763
0.109343767
0.116039515
0.110752106
0.267466784
0.180362463
0.191311836
0.182504416
0.181540012
0.148969173
0.109675407
0.109184265
0.108782768
0.113125563
0.268644571
0.199797153
0.186146259
0.195988894
0.178307533
0.182416439
0.110219240
0.115724802
0.115331650
0.109122276
0.269652367
0.223167419
0.185040474
0.180935860
0.196271181
0.147820473
0.111451149
0.108969688
0.109534979
0.112141848
0.269906044
0.177983999
0.233410835
0.178327560
0.185213327
0.212029219
0.111380100
0.112404585
0.109894991
0.124461889
0.284161091
0.207453966
0.155682325
0.197254419
0.167766333
0.144796610
0.109749079
0.121927738
0.113474369
0.109628916
0.267715693
0.181981802
0.179848194
0.178378344
0.172950983
0.205469847
0.124250889
0.109248400
0.111481667
0.111376762
0.314012051
0.193285227
0.180521727
0.191246986
0.204242706
0.220686436
0.129979849
0.115866899
0.111953974
0.109878778
0.252462149
0.239055634
0.196176767
0.220838070
0.183564901
0.146617413
0.110538960
0.108678341
0.127024651
0.108939648
0.250888824
0.211120367
0.198377609
0.200170517
0.195060730
0.148555517
0.111722469
0.109231949
0.109313726
0.114405155
0.269281626
0.228518486
0.173948765
0.189708233
0.171677589
0.144629717
0.109580517
0.113384485
0.109398127
0.107948780
0.290264368
0.180344582
0.212984085
0.186510563
0.180923223
0.151093483
0.128913164
0.111545801
0.118866205
0.109366417
0.252772093
0.187328100
0.206759214
0.183536291
0.190962315
0.170569420
0.113962650
0.109068632
0.109232903
0.111538887
0.281020164
0.194457531
0.190692902
0.207452536
0.180776834
0.151322126
0.109283686
0.113609076
0.109713554
0.116113186
0.254898548
0.183015585
0.193524122
0.208635569
0.178472281
0.150309086
0.109743834
0.113428831
0.110610723
0.111252546
0.278873444
0.192614317
0.180036783
0.197456121
0.218109846
0.209052324
0.128835201
0.110475779
0.114387512
0.109472990
0.266963720
0.197663784
0.192740679
0.194834471
0.191134930
0.186403513
0.112223625
0.109259129
0.111445665
0.110717535
0.274341583
0.206524372
0.179059267
0.182097912
0.181037664
0.143799782
0.108652592
0.121893883
0.109870434
0.112172842
0.256124020
0.181774378
0.184773922
0.182284594
0.178802967
0.149647474
0.124281883
0.110115290
0.109198570
0.109979868
0.265772820
0.214173794
0.193177462
0.211884737
0.219561815
0.146436930
0.109667301
0.112328529
0.109391928
0.110722542
