1.835413456
1.880343199
1.890906811
1.864674807
1.912961245
1.986038208
1.879300117
1.965413094
1.866191387
2.048381090
1.948837519
1.935985088
1.927717924
1.963215590
1.815915346
1.917535067
1.848786354
1.886537790
1.904517889
1.876976967
1.901237011
1.921421289
1.945497274
1.868424654
1.920485973
1.889745712
1.925381422
1.918032169
1.906361818
1.946179628
1.972476482
1.944816351
1.926651955
1.915079117
1.932699680
1.980153799
1.915717840
1.881348372
1.872978449
1.956848145
1.906479836
1.844443560
1.986975908
1.960584879
1.934152603
1.863608122
1.922219515
1.895010710
1.950935841
1.997678757
1.881192446
1.935386181
1.970595837
1.830891848
1.936271667
1.943452597
1.890140057
1.885621786
1.998466253
1.950801134
1.942136049
1.950355291
1.931868076
1.926615238
1.907125950
1.920137644
1.919767857
1.948917150
1.909656048
1.858366013
1.859079361
1.879890203
1.881144762
1.928159237
1.965699911
1.956951380
1.893491030
1.978750467
1.942141771
2.033322334
1.942932129
1.860865593
1.931607962
1.914696693
1.981949329
1.876864195
1.908669472
2.041534662
1.960600376
1.914784431
1.898963213
1.954578400
1.907192469
1.920250416
1.886469603
2.006639242
1.946847677
1.895406485
1.854260445
1.961056471
