0.086414099
0.067179918
0.063684702
0.067620039
0.063297510
0.061305523
0.062016964
0.061362028
0.064337730
0.060542107
0.062758684
0.061581850
0.066052675
0.061788321
0.061819792
0.063914061
0.062083960
0.061332464
0.061774015
0.061643600
0.060444117
0.065520525
0.064646006
0.061482430
0.064032793
0.065402746
0.062282085
0.066777229
0.065156221
0.061297178
0.063391447
0.066559553
0.061841726
0.066597223
0.063888788
0.062192202
0.063939571
0.065150976
0.063217402
0.065697432
0.066320181
0.061670780
0.061114311
0.063939095
0.064049244
0.061655998
0.062093973
0.059659243
0.064778805
0.062374353
0.064005613
0.066102743
0.062582016
0.063676119
0.061238527
0.062859297
0.061031103
0.060422421
0.062352657
0.061490774
0.059546947
0.061998606
0.063921928
0.063178778
0.066095352
0.064717293
0.068790197
0.061536789
0.061820984
0.060900927
0.059951067
0.063773632
0.061310530
0.061423063
0.067030191
0.062268496
0.068579912
0.063130379
0.062326193
0.061136961
0.064058542
0.060292482
0.062144041
0.065810442
0.064149857
0.062996387
0.062689304
0.063801289
0.067587614
0.063602448
0.065931797
0.064133883
0.062005281
0.063012838
0.059535027
0.059853315
0.043738365
0.040060520
0.037984848
0.037601948
