0.902096510
0.009082079
0.002989769
0.002743483
0.002609253
0.003158808
0.002671003
0.002663374
0.002900600
0.002678633
0.003351927
0.002765894
0.002751112
0.002630234
0.002661228
0.002642870
0.003240824
0.002684832
0.002709150
0.003330469
0.003327131
0.003124714
0.002659559
0.002661943
0.003486156
0.002685547
0.002959251
0.002751589
0.003274441
0.002719641
0.003379345
0.002657890
0.002758980
0.002920151
0.003882647
0.002907991
0.004313707
0.003416061
0.003590822
0.002990723
0.003623724
0.003444672
0.003422499
0.002650976
0.002889395
0.002856731
0.002878666
0.002607584
0.002856255
0.003298521
0.003374338
0.002602339
0.002833366
0.002624035
0.003179789
0.002767086
0.003416538
0.002623081
0.002750158
0.002621889
0.002749920
0.002610207
0.003786802
0.002896547
0.002724171
0.002608538
0.002657890
0.002612829
0.002626419
0.002614498
0.002673388
0.003193378
0.002782106
0.002608061
0.003136396
0.002623558
0.002938271
0.002621651
0.002630949
0.002612829
0.002955198
0.002599955
0.002984047
0.002607107
0.003118277
0.002619505
0.002671480
0.002614021
0.002659082
0.003095865
0.002663851
0.002610683
0.002654076
0.003098011
0.002661467
0.002896547
0.002955437
0.002613783
0.003038883
0.002635479
0.002802134
0.002645731
0.002652884
0.002638817
0.002661705
0.002794027
0.002658129
0.002629995
0.002655745
0.002616882
0.003239155
0.002754688
0.002847195
0.002682447
0.002660513
0.002983809
0.002733231
0.002645016
0.002663136
0.002717972
0.002670527
0.002801657
0.002625227
0.002664566
0.002878428
0.002895594
0.002627611
0.002953291
0.002622843
0.002704382
0.002617836
0.003150225
0.002629519
0.002677441
0.002991676
0.002674818
0.002625465
0.002658129
0.002610683
0.002664089
0.002616882
0.003323078
0.002610922
0.002630234
0.002610445
0.002841473
0.002738476
0.002828598
0.002887487
0.002678633
0.002668381
0.002683401
0.002602100
0.002660275
0.003154993
0.002658606
0.002692938
0.002642393
0.002784967
0.003008604
0.002616882
0.002657652
0.002613068
0.002635241
0.002985954
0.003079176
0.003025293
0.003125191
0.002894878
0.002675295
0.002622843
0.002665997
0.002923250
0.002773762
0.002604008
0.002671719
0.002626896
0.002660990
0.002604246
0.002676010
0.002615452
0.002678871
0.003231764
0.002667427
0.002618551
0.002798319
0.003039122
0.002637863
0.002644300
0.002667904
0.002626181
0.002762318
0.002942801
0.002695084
0.002652407
0.002646208
0.002700329
0.003068209
0.003008842
0.003043413
0.003266096
0.003163099
0.002820969
0.002626181
0.002672195
0.002611876
0.003457069
0.002640963
0.003609419
0.002611399
0.002763271
0.002824068
0.002744913
0.002711535
0.003088951
0.002618313
0.002693892
0.002622366
0.003393412
0.002764702
0.002933741
0.002614260
0.002677679
0.002646446
0.002686024
0.002615452
0.002647638
0.002612829
0.002717495
0.002611160
0.002671480
0.002609253
0.002735615
0.002616405
0.003815651
0.002769232
0.002772570
0.002620935
0.002719164
0.002628803
0.002808571
0.002620697
0.003242970
0.002632856
0.002834797
0.002612829
0.003202677
0.003516436
0.002798557
0.002630949
0.002689600
0.002607107
0.002810717
0.002650738
0.002745867
0.002662182
0.002639532
0.002650976
0.002674341
0.002644539
0.002974987
0.002642870
0.002775192
0.003033876
0.003289938
0.002627134
0.002637148
0.002716303
0.002691746
0.002710342
0.002641201
0.003098965
0.002818584
0.002609968
0.002696991
0.002621889
0.003134727
0.002602816
0.002667665
0.002606392
0.002697706
0.002621412
0.002879143
0.002626896
0.002688646
0.002643347
0.002681732
0.002622843
0.003165483
0.002627134
0.002854347
0.002665997
0.002831697
0.002645493
0.002712727
0.002652645
0.002792597
0.002653122
0.003091812
0.002616167
0.002857447
0.002643585
0.003255129
0.002777100
0.002846718
0.003006697
0.002752781
0.002968788
0.002642870
0.002760410
0.002635241
0.002615929
0.003077745
0.002912521
0.002628326
0.002631187
0.002652168
0.002645969
0.002642870
0.002605200
0.002654076
0.002624035
0.002661943
0.002677441
0.002642393
0.002626181
0.002656460
0.002661705
0.002769232
0.002627134
0.003036976
0.003098726
0.002634287
0.002609730
0.002869844
0.002626181
0.003329039
0.002618313
0.002879858
0.002618313
0.002658844
0.002605200
0.002731562
0.002814770
0.003075600
0.003002644
0.002768278
0.002644539
0.002733231
0.003449917
0.003070116
0.002622604
0.003098965
0.002653360
0.003166437
0.002645493
0.003210545
0.002617121
0.002876759
0.002659559
0.002800941
0.002617598
0.002789736
0.003050566
0.002714157
0.002620459
0.002670288
0.002647638
0.002669096
0.002611399
0.002781391
0.002622366
0.003147364
0.002619982
0.002668619
0.002924442
0.002721786
0.002621889
0.002628326
0.002743483
0.002949238
0.002647161
0.002948999
0.002641439
0.002650023
0.002948523
0.002750158
0.002734661
0.002746105
0.002712727
0.002610922
0.002731800
0.003458023
0.002700329
0.002653837
0.003046513
0.002657652
0.002765179
0.002630472
0.002919912
0.002629519
0.002962112
0.002769709
0.002715826
0.002642393
0.002727032
0.002632856
0.003020048
0.002780914
0.003552198
0.002876759
0.002709866
0.002696753
0.002650738
0.002699852
0.002668381
0.002757549
0.002619028
0.002659798
0.002602577
0.002672195
0.002619028
0.002630234
0.002623081
0.002767563
0.002607107
0.002788544
0.002968311
0.003322840
0.002615452
0.002781153
0.002613783
0.002703667
0.002619743
0.002660751
0.002618074
0.002665520
0.002640247
0.002929449
0.002627373
0.002815962
0.002631426
0.002634048
0.002627611
0.002912521
0.002623796
0.002721548
0.002614975
0.002704144
0.002624035
0.002677441
0.002616167
0.002818108
0.002653599
0.002756834
0.002615929
0.002729177
0.002670050
0.002678871
0.002613306
0.002714872
0.002746105
0.002715111
0.002633810
0.003098011
0.002974510
0.002797127
0.002875090
0.002801418
0.002986193
0.002616644
0.002892733
0.002609253
0.002671003
0.002794504
0.002790928
0.002773046
0.002777576
0.002636433
0.002719164
0.002668858
0.002744198
0.002655029
0.002933025
0.002613783
0.002740383
0.002699375
0.002750158
0.002720833
0.002879620
0.002646923
0.002836466
0.002727270
0.002762794
0.002767324
0.002784014
0.003327131
0.002637863
0.002674580
0.002780676
0.002704859
0.002650261
0.002638578
0.002617598
0.003367186
0.002614975
0.002677679
0.002629042
0.003085375
0.002655506
0.002698183
0.002924919
0.002681494
0.003252745
0.002836704
0.002830744
0.002779484
0.002640724
0.003015280
0.002615452
0.003144503
0.002615690
0.002727509
0.002692938
0.003415823
0.002658129
0.002666473
0.002858877
0.002823114
0.002814054
0.002733231
0.002636671
0.002674103
0.002632141
0.002690792
0.003020525
0.002695799
0.002630234
0.002957582
0.002658844
0.002676487
0.002650499
0.002912760
0.002597570
0.002785921
0.002621651
0.002662182
0.002625704
0.002783775
0.002612591
0.002843142
0.002648830
0.002691269
0.002632380
0.002692223
0.002618074
0.002919197
0.002622366
0.002750874
0.002639532
0.002617598
0.002677917
0.002641678
0.002626181
0.003510714
0.002627373
0.002771616
0.002647400
0.002977610
0.002633810
0.002728939
0.002624035
0.002666712
0.002627850
0.002675772
0.002614021
0.002768278
0.002621889
0.002788067
0.002617359
0.002844334
0.002609015
0.002644062
0.002642155
0.002809286
0.002625227
0.002667189
0.002610922
0.002805948
0.003039837
0.002746582
0.002619267
0.002930880
0.002605677
0.002821922
0.002611876
0.002912045
0.002616405
0.002646208
0.002619267
0.002731323
0.002781391
0.002979279
0.002609491
0.002749205
0.002615929
0.002899170
0.002615213
0.002673864
0.002599716
0.002644062
0.002865076
0.002719164
0.002990961
0.002653360
0.002599001
0.002658367
0.002601385
0.002687216
0.002612352
0.002733231
0.002621651
0.002713442
0.002616167
0.002723455
0.002620697
0.002948761
0.002608061
0.002753019
0.002614260
0.002753019
0.002623558
0.002726793
0.002619505
0.002735138
0.002606392
0.002771854
0.002623320
0.002715826
0.002749205
0.002672195
0.002609015
0.003032207
0.002609730
0.002686977
0.002627850
0.003264666
0.002629519
0.002692223
0.002612114
0.002710104
0.002630711
0.002643108
0.002613306
0.002640724
0.002622366
0.002635002
0.002628803
0.003337622
0.002794504
0.002664089
0.002605438
0.002747059
0.002632856
0.002718449
0.002622843
0.002757549
0.002617836
0.002647161
0.002612829
0.002865076
0.002670288
0.002661943
0.002760172
0.002826452
0.002637148
0.002701521
0.002629042
0.002766132
0.002717257
0.002737999
0.002638578
0.002901793
0.002623320
0.002778053
0.002603054
0.002756596
0.002614021
0.003089428
0.002617121
0.002705336
0.002627850
0.002662897
0.002604246
0.002672672
0.003477097
0.002744198
0.002612114
0.002921581
0.003017187
0.002801180
0.002605200
0.002695799
0.002605438
0.002732515
0.002646685
0.003406763
0.002651453
0.002701759
0.002604723
0.002755642
0.002616167
0.003437281
0.002599716
0.022500515
0.004500628
0.003192186
0.002609015
0.002634048
0.002644062
0.002605915
0.002733469
0.002615213
0.002753496
0.002740860
0.002597332
0.002619505
0.002603769
0.002623081
0.002609730
0.002614737
0.002614260
0.002621174
0.002615213
0.002617359
0.002610207
0.002628565
0.002608299
0.003000975
0.002604485
0.002605200
0.002608061
0.002614021
0.002646208
0.002624512
0.002614021
0.002617836
0.002608061
0.002627611
0.002601624
0.002618790
0.002611637
0.002617598
0.002613068
0.002619743
0.002613306
0.002617598
0.002606630
0.002744198
0.002612829
0.002613306
0.002615213
0.002616882
0.002605915
0.002619982
0.002604485
0.002617598
0.002603531
0.002609491
0.002726793
0.002610445
0.002618074
0.002617359
0.002631903
0.002619743
0.002601385
0.002623796
0.002728939
0.002835989
0.002596855
0.002605200
0.002612114
0.002619028
0.002616882
0.002621889
0.002601385
0.002616167
0.002607584
0.002613783
0.002607822
0.002620459
0.002637863
0.002611399
0.002607584
0.002607584
0.002605915
0.002628326
0.002600193
0.002606392
0.002608299
0.002608299
0.002618790
0.002605200
0.002903700
0.002617836
0.002604246
0.002618313
0.002604008
0.002612114
0.002827406
0.002995729
0.002734184
0.002606153
0.002617121
0.002749205
0.002617359
0.002611637
0.002742290
0.002632380
0.002617121
0.002612829
0.002611876
0.002612114
0.002608061
0.002610207
0.002613068
0.002626896
0.002617836
0.002626419
0.002607346
0.002607107
0.002616644
0.002614975
0.002610207
0.002619505
0.002600193
0.002616644
0.002611637
0.002622128
0.002611399
0.002602577
0.002711296
0.002610922
0.002605677
0.002612114
0.002618790
0.002617359
0.002600670
0.002620697
0.002618313
0.002731562
0.002605200
0.002608299
0.002607584
0.002608776
0.002614975
0.002612114
0.002605677
0.002711535
0.002606630
0.002611876
0.002610445
0.002613783
0.002611160
0.002623320
0.002601624
0.002617121
0.002607822
0.002612829
0.002605438
0.002622128
0.002610207
0.002613068
0.002614975
0.002598286
0.002738476
0.002622843
0.002606869
0.002621412
0.002612591
0.002605438
0.002608299
0.002614737
0.002614021
0.002610683
0.002606153
0.002610683
0.002609730
0.002615452
0.002605915
0.002607822
0.002617836
0.002606869
0.002617359
0.002741575
0.002718925
0.002699375
0.002728462
0.002877951
0.002662897
0.002669096
0.002773762
0.002909422
0.002744436
0.002715111
0.002753019
0.002639055
0.002612829
0.002629042
0.002613544
0.002635717
0.002609253
0.002821445
0.002627850
0.002628803
0.002603531
0.002621174
0.002611637
0.002610683
0.002612352
0.002613306
0.002612352
0.002615690
0.002614498
0.002610922
0.002595663
0.002616167
0.002593756
0.002608299
0.002602100
0.002642155
0.002600908
0.002610922
0.002750635
0.002614260
0.002605438
0.002624273
0.002598763
0.002630949
0.002606392
0.002600431
0.002822638
0.002849102
0.002627611
0.002644539
0.002648592
0.002616405
0.002600193
0.002729893
0.002604723
0.002607584
0.002600670
0.002612352
0.002612591
0.002898216
0.002594948
0.002626419
0.002604008
0.002627134
0.002600193
0.002604723
0.002610207
0.002605915
0.002614260
0.002630234
0.002597332
0.002610922
0.002593279
0.002613306
0.002610922
0.002603054
0.002602816
0.002607107
0.002602816
0.002622604
0.002611399
0.002611637
0.002599239
0.002613544
0.002600670
0.002606869
0.002612114
0.002605677
0.002611876
0.002612829
0.002590418
0.002631664
0.002602577
0.002624035
0.002599478
0.002731085
0.002743721
0.002603769
0.002617359
0.002604485
0.002599239
0.002615929
0.002600908
0.002610445
0.002602577
0.002719879
0.002608061
0.002751827
0.002604723
0.002624750
0.002609968
0.002614975
0.002605677
0.002609730
0.002595901
0.002617121
0.002619743
0.002786160
0.002608299
0.002631426
0.002606869
0.002619267
0.002604961
0.002743721
0.002623081
0.002732277
0.002619028
0.002605438
0.002623081
0.002608299
0.002598524
0.002830029
0.002607107
0.002614975
0.002601147
0.002611876
0.002599478
0.002609968
0.002604246
0.002610445
0.002602100
0.002610445
0.002733231
0.002618074
0.002610683
0.002601624
0.002604485
0.002619028
0.002605200
0.002807140
0.002601624
0.002605677
0.002599239
0.002636909
0.002633333
0.002607346
0.003052950
0.002605438
0.002619505
0.002618313
0.002596855
0.002610683
0.002596140
0.002609015
0.002612829
0.002609015
0.002609491
0.002610922
0.002607346
0.002604485
0.002598286
0.002607346
0.002605915
0.002615690
0.002617598
0.002609015
0.002604008
0.002615452
0.002609015
0.002609253
0.002596378
0.002611160
0.002601147
0.002618313
0.002598763
0.002612114
0.002606630
0.002604485
0.002610683
0.002608538
0.002603531
0.002632856
0.002603292
0.002609491
0.002599716
0.002605677
0.002608061
0.002608776
0.002609730
0.002627134
0.002684355
0.002623320
0.002605200
0.002625465
0.002619267
0.002609491
0.002599478
0.002614498
0.002622366
0.002617598
0.002605677
0.002623081
0.002599478
0.002635956
0.002609730
0.002840042
0.002607584
0.002733231
0.002607107
0.002626657
0.002591133
0.002616644
0.002604723
0.002614260
0.002606153
0.002605915
0.002620459
0.002603769
0.002598047
0.002621651
0.002610683
0.002620935
0.002609253
0.002694368
0.002606630
0.002610445
0.002663374
0.002623558
0.002605677
0.002608776
0.002597809
0.002622604
0.002605438
0.002614260
0.002656460
0.002635002
0.002688885
0.002614021
0.002604723
0.002616405
0.002605438
0.002612829
0.002707481
0.002613068
0.002662659
0.002656698
0.002610922
0.002611637
0.002598047
0.002620459
0.002605915
0.002638102
0.002592087
0.002624273
0.002611160
0.002608538
0.002624273
0.002618074
0.002904892
0.002619982
0.002599955
0.002620220
0.002602100
0.002632618
0.002601624
0.002610922
0.002620459
0.002611160
0.002621651
0.002612829
0.002610922
0.002624035
0.002593040
0.002626419
0.002604723
0.002617359
0.002604008
0.002611160
0.002607346
0.002614975
0.002593040
0.002630949
0.002598047
0.002621174
0.002596855
0.002604246
0.002610207
0.002632856
0.002603054
0.002783775
0.002612829
0.002612114
0.002760410
0.002617359
0.002608538
0.002607584
0.002614975
0.002613783
0.002617359
0.002615929
0.002605677
0.002626657
0.002602100
0.002763271
0.002601862
0.002613544
0.002612591
0.002610922
0.002761602
0.002626181
0.002599955
0.002630949
0.002593756
0.002630234
0.002608299
0.002617359
0.002605677
0.002609015
0.002605915
0.002623796
0.002604485
0.002639055
0.002604246
0.002625704
0.002602339
0.002612829
0.002601624
0.002610445
0.002606630
0.002629280
0.002589703
0.002619505
0.002594709
0.002608776
0.002603769
0.002604723
0.002599001
0.002792358
0.002600908
0.002616882
0.002609968
0.002613306
0.002596140
0.002620459
0.002595901
0.002602100
0.002605915
0.002634287
0.002756119
0.002622366
0.002599716
0.002615690
0.002601147
0.002604961
0.002599478
0.002603292
0.002602816
0.002635956
0.002607107
0.002624512
0.002601385
0.002605200
0.002596378
0.002604961
0.002597094
0.002634287
0.002617359
0.002612114
0.002608061
0.002635002
0.002640963
0.002610207
0.002599716
0.002616644
0.002596140
0.002610922
0.002607346
0.002610683
0.002614498
0.002622604
0.002604723
0.002643824
0.002605915
0.002641916
0.002618074
0.002622843
0.002614021
0.002646685
0.002619028
0.002629995
0.002601385
0.002621174
0.002597809
0.002624989
0.002596855
0.002608061
0.002612352
0.002633572
0.002869129
0.002630711
0.002600431
0.002651215
0.002652645
0.002636671
0.002629280
0.002632856
0.002614021
0.002636909
0.002614498
0.002642632
0.002605438
0.002637386
0.002608538
0.002658606
0.002598524
0.002638340
0.002607822
0.002626419
0.002605438
0.002642155
0.002619505
0.002646208
0.002608776
0.002643108
0.002602816
0.002638817
0.002604485
0.002630472
0.002606630
0.002645731
0.002602577
0.002619743
0.002601862
0.002631426
0.002614021
0.002623320
0.002603292
0.002622843
0.002609015
0.002630472
0.002604485
0.002632380
0.002603769
0.002641916
0.002596855
0.002633333
0.002606392
0.002647400
0.002616882
0.002639532
0.002606153
0.002633333
0.002602100
0.002629519
0.002615452
0.002621412
0.002602816
0.002620697
0.003013372
0.002637625
0.002598047
0.002639532
0.002588749
0.002909184
0.002601862
0.002639771
0.002609968
0.002638578
0.002880335
0.002625704
0.002603769
0.002651930
0.002603054
0.002654076
0.002602816
0.002616405
0.002606869
0.002630711
0.002620459
0.002639294
0.002610207
0.002638102
0.002598524
0.002650023
0.002600670
0.002613306
0.002609491
0.002635002
0.002609015
0.002646208
0.002608776
0.002622366
0.002615213
0.002651453
0.002609968
0.002618313
0.002617836
0.002657890
0.002654076
0.002654076
0.002597094
0.002613544
0.002602577
0.002617836
0.002597809
0.002602816
0.002606392
0.002602339
0.002606392
0.002608299
0.002606392
0.002603054
0.002595663
0.003275871
0.002603292
0.002732754
0.002604485
0.002661705
0.002614021
0.002608538
0.002659798
0.002615452
0.002697229
0.002623320
0.001493216
0.004615784
0.003556490
0.002624035
0.002693892
0.002628088
0.002619028
0.002660513
0.002609730
0.002617121
0.002624035
0.002618313
0.002626896
0.002611399
0.002626657
0.002606630
0.002638817
0.002595186
0.002605438
0.002596855
0.002618074
0.002722979
0.002613544
0.002599239
0.002616405
0.002596617
0.002609968
0.002608776
0.002613783
0.002618551
0.002614260
0.002608776
0.002616644
0.002601147
0.002614498
0.002615690
0.002615690
0.002622843
0.002603292
0.002606392
0.002645493
0.002613306
0.002625227
0.002616882
0.002625942
0.002613306
0.002616882
0.002618313
0.002615213
0.002613544
0.002620220
0.002607584
0.002631903
0.002603531
0.002609968
0.002648592
0.002619505
0.002618790
0.002618313
0.002605677
0.002630472
0.002616882
0.005544186
0.002601862
0.002859831
0.002618551
0.002613068
0.002611160
0.002614498
0.002603292
0.002616882
0.002611160
0.002611876
0.002604008
0.002624750
0.002632141
0.002609730
0.002600670
0.002609968
0.002624273
0.002612114
0.002641201
0.002612114
0.002608776
0.002648115
0.002615452
0.002620459
0.002637625
0.002614498
0.002615690
0.002624273
0.002609968
0.002630234
0.002643108
0.002741098
0.002652645
0.002609015
0.002619743
0.002616644
0.002647161
0.002862453
0.002615452
0.002623796
0.002640963
0.002612352
0.002629995
0.002614975
0.002620697
0.002610922
0.002611876
0.002627611
0.002608061
0.002628326
0.002646446
0.002616882
0.002645254
0.002623558
0.002650976
0.002609253
0.002613783
0.002629995
0.002639055
0.002616167
0.002607822
0.002614737
0.002624035
0.002760410
0.002624273
0.002615929
0.002615213
0.002619505
0.002645731
0.002625465
0.002635241
0.002621174
0.002615690
0.002615213
0.002646208
0.002610683
0.002610683
0.002614498
0.002608538
0.002655029
0.002617121
0.002618313
0.002634287
0.002612114
0.002655745
0.002618074
0.002614260
0.002625704
0.002620459
0.002618313
0.002614021
0.002615213
0.002747297
0.002618074
0.002649784
0.002619028
0.002622128
0.002628326
0.002614975
0.002623796
0.002646685
0.002620697
0.002624512
0.002610922
0.002635956
0.002609253
0.002647400
0.002618074
0.002644062
0.002623796
0.002608299
0.002609730
0.002647161
0.002624035
0.002614260
0.002612114
0.002622366
0.002774477
0.002652884
0.002765894
0.002613544
0.002634525
0.002620935
0.002617121
0.002632141
0.002631426
0.002657890
0.002624750
0.002624750
0.002628565
0.002634287
0.002615213
0.002632618
0.002619505
0.002624989
0.002629995
0.002613783
0.002623796
0.002616405
0.002788544
0.002624035
0.002622843
0.002612114
0.002611160
0.002617598
0.002607346
0.002606153
0.002628326
0.002620697
0.002755880
0.002610207
0.002608299
0.002615929
0.002615213
0.002613783
0.002607346
0.002639532
0.002762079
0.002645493
0.002631187
0.002645016
0.002631664
0.002654314
0.002617836
0.002767324
0.002642870
0.002662182
0.002625942
0.002649069
0.002753258
0.002616167
0.002629042
0.002651215
0.002613068
0.002646923
0.002613544
0.002626181
0.002621174
0.002645493
0.002633333
0.002648830
0.002616644
0.002632380
0.002615929
0.002664804
0.002613306
0.002613068
0.002620220
0.002619982
0.002639771
0.002645969
0.002628803
0.002625942
0.002614498
0.002664089
0.002617359
0.002643824
0.002626181
0.002655268
0.002617359
0.002615690
0.002624273
0.002917767
0.002628565
0.002665520
0.002617121
0.002646923
0.002631426
0.002608299
0.002629757
0.002649784
0.002612352
0.002632856
0.002612591
0.002779722
0.002622604
0.002615690
0.002623558
0.002642632
0.002623558
0.002647400
0.002616167
0.002657413
0.002622366
0.002620459
0.002617836
0.002643585
0.002627850
0.002608061
0.002637386
0.002623320
0.002612591
0.002611637
0.002618074
0.002614975
0.002625227
0.002604961
0.002621889
0.002615452
0.002628326
0.002608061
0.002622604
0.002626657
0.002616882
0.002615452
0.002617836
0.002606392
0.002622843
0.002613306
0.002637386
0.002604723
0.002748251
0.002627850
0.002621651
0.002629757
0.002614737
0.002610683
0.002630949
0.002608538
0.002628088
0.002609491
0.002769709
0.002611876
0.002612829
0.002620697
0.002610445
0.002610683
0.002624750
0.002614021
0.002622604
0.002615452
0.002620697
0.002610445
0.002618790
0.002615452
0.002624989
0.002609015
0.002632380
0.002609730
0.002630711
0.002613306
0.002618790
0.002609730
0.002620459
0.002615452
0.002655029
0.002607584
0.002620459
0.002607584
0.002622366
0.002988815
0.002620697
0.002610683
0.002619743
0.002610207
0.002611876
0.002612114
0.002615452
0.002607107
0.002614021
0.002602100
0.002621889
0.002619267
0.002613306
0.002618551
0.002604008
0.002616405
0.002626181
0.002607822
0.002613306
0.002615929
0.002614021
0.002614498
0.002607346
0.002624035
0.002613068
0.002606153
0.002617359
0.002602816
0.002610445
0.002612591
0.002612352
0.002613306
0.002608061
0.002617836
0.002613544
0.002606630
0.002614737
0.002612114
0.002623796
0.002599239
0.002612352
0.002752304
0.002616882
0.002614975
0.002603054
0.002604008
0.002619028
0.002612114
0.002625227
0.002605200
0.002616405
0.002617836
0.002610922
0.002610207
0.002602339
0.002608538
0.002631426
0.002593994
0.002612352
0.002601624
0.002658844
0.002611876
0.002612114
0.002608061
0.002606869
0.002609253
0.002653599
0.002606153
0.002607107
0.002610445
0.002605200
0.002607584
0.002650261
0.002611399
0.002623558
0.002609968
0.002621889
0.002609730
0.002660513
0.002604008
0.002606392
0.002621174
0.002711296
0.002617359
0.002641201
0.002604246
0.002613306
0.002613544
0.002613783
0.002621889
0.002621174
0.002607584
0.002715826
0.002623558
0.002613544
0.002611876
0.002620220
0.002606869
0.002617598
0.002603292
0.002620697
0.002619267
0.002609015
0.002612591
0.002616167
0.002618074
0.002621174
0.002613544
0.002624750
0.002614260
0.002625704
0.002619028
0.002621651
0.002620220
0.002624512
0.002629995
0.002624750
0.002604961
0.002621889
0.002619982
0.002622604
0.002616405
0.002607107
0.002621412
0.002619028
0.002611399
0.002629042
0.002609730
0.002631187
0.002617598
0.002620697
0.002643824
0.002617598
0.002632856
0.002612829
0.002606392
0.002621651
0.002612591
0.002619743
0.002610445
0.002626181
0.002661705
0.002633333
0.002651453
0.002619982
0.002614975
0.002630949
0.002609730
0.002622366
0.002613068
0.002612114
0.002777338
0.002619505
0.002613783
0.002615690
0.002614260
0.002616882
0.002611637
0.002616644
0.002609730
0.002609253
0.002618074
0.002615929
0.002629280
0.002617836
0.002617598
0.002626419
0.002609491
0.002617836
0.002611637
0.002632380
0.002625227
0.002610445
0.002621889
0.002616882
0.002608776
0.002634048
0.002612591
0.002620935
0.002610922
0.002619028
0.002619267
0.002623320
0.002621651
0.002612114
0.002608776
0.002626657
0.002611637
0.002663374
0.002605915
0.002622128
0.002640963
0.002614737
0.002609491
0.002619028
0.002613544
0.002624273
0.002615690
0.002622128
0.002604485
0.002619982
0.002612829
0.002615929
0.002619028
0.002614975
0.002607107
0.002616405
0.002617121
0.002638817
0.002619982
0.002616405
0.002637386
0.002615929
0.002613306
0.002608299
0.002606153
0.002629757
0.002615213
0.002633333
0.002619028
0.002615929
0.002616644
0.002620220
0.002620697
0.002611160
0.002613068
0.002629757
0.002617359
0.002619028
0.002706528
0.002621412
0.002614737
0.002611637
0.002660513
0.002609730
0.002602577
0.002618313
0.002608776
0.002632856
0.002601147
0.002616882
0.002615929
0.002610207
0.002610683
0.002610207
0.002609015
0.002619028
0.002603769
0.002616644
0.002615929
0.002652884
0.002617359
0.002620697
0.002615213
0.002612114
0.002613068
0.002624512
0.002617836
0.002628565
0.002642632
0.002620935
0.002620459
0.002621174
0.002615452
0.002611160
0.002614260
0.002760649
0.002606153
0.002619505
0.002619982
0.002632618
0.002617359
0.002620459
0.002616644
0.002618313
0.002618790
0.002622604
0.002635002
0.002636671
0.002629280
0.002617121
0.002629995
0.002648115
0.002614021
0.002616405
0.002609968
0.002619505
0.002615213
0.002621889
0.002617836
0.002613544
0.002612352
0.002615690
0.002611160
0.002610922
0.002611399
0.002633333
0.002609015
0.002630234
0.002604485
0.002616405
0.002639771
0.002614975
0.002619267
0.002614498
0.002627611
0.002650976
0.002616167
0.002666473
0.002602339
0.002669811
0.002627134
0.002627373
0.002648592
0.002631664
0.002608776
0.002629042
0.002605915
0.002623081
0.002607584
0.002617598
0.002627373
0.002617598
0.002622366
0.002619982
0.002628565
0.002617836
0.002614260
0.002629280
0.002616882
0.002617836
0.002820969
0.002610207
0.002612829
0.002613783
0.002609491
0.002629757
0.002611637
0.002619505
0.002607584
0.002616405
0.002617836
0.002649069
0.002629995
0.002714396
0.002622843
0.002652884
0.002623558
0.002647638
0.002615213
0.002645969
0.002615929
0.002614260
0.002612591
0.002640009
0.002608299
0.002628326
0.002747536
0.002626419
0.002601862
0.002624035
0.001399994
