0.001784563
0.001129627
0.000778675
0.000756979
0.000838757
0.000862837
0.000809908
0.000782490
0.000761509
0.000758886
0.000770330
0.000867128
0.000778437
0.000839710
0.001013517
0.000784159
0.000926971
0.000845194
0.000957727
0.000814438
0.000966072
0.000810385
0.000933409
0.000860453
0.000967979
0.000776768
0.000954866
0.000834227
0.000954151
0.000838757
0.001115322
0.000795364
0.000958920
0.000794649
0.000933647
0.000878572
0.000933409
0.000772238
0.000808477
0.000835657
0.000939846
0.000802279
0.000925541
0.000764847
0.000782251
0.000826836
0.000957489
0.000852585
0.000925779
0.000801086
0.000980139
0.000859737
0.000971794
0.000792742
0.000945568
0.000861645
0.000948191
0.000792742
0.000955105
0.000863075
0.000970364
0.000783682
0.000982285
0.000816345
0.000807524
0.000813961
0.000927448
0.000815153
0.000905514
0.000823975
0.000904322
0.000840902
0.000971794
0.000822306
0.000965834
0.000927210
0.000903845
0.000833511
0.000835896
0.000958681
0.000833511
0.000926733
0.000940323
0.000918865
0.000875950
0.000926018
0.000773907
0.000782967
0.000766039
0.000819921
0.000772953
0.000784636
0.000765562
0.000831366
0.000925541
0.000803947
0.000795364
0.000769138
0.000838995
0.000816345
0.000760078
0.000794649
0.000821590
0.000809193
0.000753403
0.000805855
0.000797510
0.000801086
0.000776529
0.000811815
0.000769138
0.000782728
0.000774384
0.000798702
0.000798702
0.000781536
0.000756264
0.000786304
0.000792503
0.000800610
0.000779867
0.000791311
0.000765324
0.000754833
0.000747204
0.000746965
0.000496387
