0.280547142
0.075604916
0.072830439
0.054861784
0.055040359
0.055141926
0.055215836
0.055328846
0.055455923
0.034531116
0.052236795
0.056064606
0.056285381
0.056536674
0.055845022
0.055586815
0.055544138
0.055701017
0.055861950
0.019675255
0.052226305
0.055965900
0.055779457
0.055686474
0.055555582
0.055680275
0.055694103
0.055595160
0.055503845
0.019628048
0.052735329
0.056433439
0.055572271
0.055578709
0.055564165
0.055952072
0.055685759
0.055722475
0.055554152
0.019929647
0.053075075
0.056290388
0.055863857
0.055616856
0.055975437
0.056128979
0.055859089
0.055838585
0.055821657
0.019813538
0.052449465
0.056638241
0.056073189
0.055751562
0.055888176
0.055913448
0.055923700
0.056131840
0.056154966
0.019871235
0.052634478
0.056468725
0.055924416
0.055860519
0.056078196
0.056082249
0.056007862
0.055886984
0.055818319
0.019885302
0.052271128
0.056358814
0.056172371
0.056091547
0.055942059
0.056196451
0.055939674
0.056017876
0.055980206
0.019784212
0.052869558
0.057583094
0.056815386
0.055849552
0.056278467
0.056142807
0.055988073
0.056273699
0.056115150
0.019930363
0.053761482
0.056787729
0.056222439
0.056289434
0.056370497
0.056182623
0.056144953
0.056417704
0.056271076
0.019856215
0.053106070
0.056783915
0.056329250
0.056487560
0.056329250
0.056151867
0.056103468
0.056342602
0.056095839
0.019977093
0.053090572
0.057200193
0.056545973
0.056402206
0.056331396
0.056291103
0.056282759
0.056532145
0.056085825
0.020128012
0.053447962
0.057058811
0.056351900
0.056328058
0.056490660
0.056212664
0.056321383
0.056483746
0.056340456
0.019827366
0.052924395
0.057232380
0.056258440
0.056305408
0.056288004
0.056370258
0.056241989
0.056370735
0.056278706
0.019998312
0.053388834
0.057588339
0.056659460
0.056581020
0.056572914
0.056603432
0.056600332
0.056306601
0.056524038
0.019941568
0.052894831
0.057157040
0.056556702
0.056378365
0.056459427
0.056700706
0.056723833
0.056516409
0.056474447
0.020085335
0.053198338
0.056841850
0.056297302
0.056587458
0.056881905
0.056791544
0.056584835
0.056395531
0.056440830
0.020068645
0.053521395
0.057589054
0.056674719
0.056984663
0.056720734
0.057031631
0.056702137
0.056746244
0.056663275
0.019981623
0.054133415
0.057208776
0.056614399
0.056762934
0.056530714
0.056597948
0.056819677
0.056812525
0.056673527
0.019960165
0.053264380
0.057852030
0.056724548
0.056807280
0.056718826
0.056757450
0.056721687
0.056771517
0.056704998
0.020079136
0.054132938
0.057563305
0.056720495
0.056804657
0.056957960
0.056814194
0.056737185
0.056787252
0.057054520
0.020120382
0.054221869
0.057629585
0.056952477
0.057222843
0.056905746
0.056944609
0.057100773
0.056917191
0.057228565
0.020203352
0.053687334
0.057329655
0.057165384
0.057269812
0.057018518
0.057263613
0.057171822
0.057039976
0.057187319
0.020356417
0.053194761
0.058150530
0.057220936
0.057204962
0.056990147
0.056917191
0.056982756
0.057271481
0.056936264
0.020125389
0.053824902
0.058090687
0.057194710
0.057192802
0.057168484
0.057165623
0.056945801
0.056981325
0.057157040
0.020275831
0.054461479
0.057963133
0.057181835
0.057437181
0.057137489
0.057198524
0.057150364
0.057254314
0.057218552
0.020241976
0.055453777
0.060677290
0.058820724
0.057269812
0.057219028
0.057174444
0.059580564
0.060002089
0.059942484
0.021164656
0.054872751
0.057913542
0.057409525
0.057325840
0.058121681
0.060857534
0.060668468
0.060454845
0.057201147
0.020217896
0.053870916
0.058656931
0.058369160
0.060892582
0.060803175
0.060655594
0.060570717
0.060667276
0.060571432
0.021209717
0.053929567
0.058204174
0.057041883
0.057224751
0.058851242
0.059941053
0.059913158
0.060214758
0.060804129
0.021305084
0.054277897
0.060860634
0.060672998
0.060628414
0.060589552
0.060694695
0.060608387
0.060642958
0.060575247
0.021245956
0.057966948
0.060896635
0.060667038
0.060646296
0.060864925
0.060665846
0.060632706
0.060618401
0.060628414
0.021337986
0.053660870
0.058860302
0.057504654
0.057758093
0.060856581
0.060760736
0.060651541
0.060635328
0.060672760
0.021264553
0.060917377
0.061007023
0.060773134
0.060702324
0.060632944
0.060661316
0.060628891
0.060625076
0.060593367
0.021281242
0.059308290
0.060951948
0.060599566
0.060664654
0.060607672
0.060645580
0.060537338
0.060689211
0.060596704
0.021241903
0.061106205
0.060901165
0.060624838
0.060705662
0.060647488
0.060627460
0.060591936
0.060668707
0.060616493
0.021255255
0.060923100
0.060919523
0.060607672
0.060636282
0.060610771
0.060642242
0.060600758
0.060643673
0.060543060
0.021216393
0.060143232
0.061016560
0.060731649
0.060650587
0.060640574
0.060672522
0.060573816
0.060651779
0.060628891
0.021281958
0.059020042
0.061075449
0.060391665
0.060423136
0.060347795
0.060459852
0.060383558
0.060499191
0.060383320
0.021196127
0.059435368
0.061184406
0.060434818
0.060415030
0.060500622
0.060405493
0.060349941
0.060727119
0.060464144
0.021244526
0.060715914
0.060946941
0.060545206
0.060394764
0.060461760
0.060420275
0.060331583
0.060354471
0.060271025
0.021194935
0.060316086
0.060888529
0.060402393
0.060442686
0.060298443
0.060362577
0.060350418
0.060343981
0.060303926
0.021259785
0.058951378
0.060901642
0.060394764
0.060375214
0.060312510
0.060338020
0.060275078
0.060368061
0.060348988
0.021180153
0.060104609
0.060958624
0.060351372
0.060395002
0.060388565
0.060510635
0.060299635
0.060359240
0.060309172
0.021296024
0.059382200
0.061433792
0.060891867
0.060905457
0.060362101
0.060425520
0.060293436
0.060328245
0.060299873
0.021189928
0.061647415
0.060943604
0.060346842
0.060387850
0.060336351
0.060367823
0.060620546
0.061464310
0.060943365
0.021328211
0.061573267
0.060924530
0.060446501
0.060470581
0.061347723
0.061193466
0.060802698
0.060918093
0.060950756
0.021433115
0.059600353
0.061040401
0.060965776
0.060481310
0.060411215
0.060396194
0.060347795
0.060449123
0.061985016
0.021694183
0.060818672
0.061392546
0.061069489
0.060718298
0.060310125
0.061208963
0.061301708
0.060854435
0.060813665
0.021318197
0.060493469
0.061939716
0.061256647
0.060909271
0.060502052
0.060445786
0.061378956
0.061339140
0.060845375
0.021352768
0.061201334
0.060925961
0.060444832
0.060454130
0.060336113
0.060401917
0.060484171
0.061382532
0.061047792
0.021458626
0.061286449
0.060915709
0.060510635
0.060441256
0.061825991
0.061696768
0.061326265
0.061372519
0.061292648
0.021389961
0.061234951
0.060944319
0.060892344
0.060416460
0.060618639
0.061957836
0.061553717
0.061358213
0.061288834
0.021504164
0.060940266
0.061909676
0.061371565
0.061213493
0.060874701
0.060943604
0.060866117
0.060900927
0.060825109
0.021331072
0.061199188
0.060941458
0.060503721
0.061424971
0.061113834
0.060898781
0.060855389
0.060944796
0.060870409
0.021356583
0.061254263
0.060997009
0.060374498
0.060685396
0.061421156
0.061338425
0.060854197
0.060885191
0.060830593
0.021350145
0.059163809
0.061671972
0.061298132
0.060885906
0.060885429
0.060904980
0.060855150
0.060969830
0.060842991
0.021345139
0.059519768
0.062198400
0.060909986
0.060889482
0.060368061
0.061072111
0.061366081
0.060890436
0.060847282
0.021357775
0.061083794
0.060987234
0.060460806
0.061463118
0.061129808
0.060994625
0.060861111
0.060827494
0.060323715
0.021197319
0.061373949
0.060977459
0.060489416
0.060390711
0.060396433
0.060380936
0.060326815
0.061340332
0.061380625
0.021358252
0.061349392
0.061038971
0.060815811
0.060404062
0.060319185
0.060416222
0.060330868
0.060365200
0.061342239
0.021528721
0.059536219
0.061473131
0.060936451
0.060973883
0.060468435
0.060705662
0.061366558
0.061043262
0.060858250
0.021324158
0.061325312
0.060528755
0.060389280
0.060397387
0.060365200
0.060400486
0.060337543
0.060389757
0.060331583
0.021188974
0.060582399
0.060961008
0.060397625
0.060421467
0.060382366
0.060431480
0.060316324
0.060562372
0.060439110
0.021358490
0.060435295
0.060902119
0.060384750
0.060391903
0.060511112
0.060406923
0.060342550
0.060390949
0.060328960
0.021173477
0.060252905
0.060914993
0.060350418
0.060421944
0.060380697
0.060421228
0.060361624
0.060453653
0.060420752
0.021197319
0.060743809
0.060545206
0.060325861
0.060395956
0.060348034
0.060381174
0.060434341
0.060434341
0.060346603
0.021204710
0.061427116
0.060930490
0.060414076
0.060483456
0.060528755
0.060642719
0.060362816
0.060386419
0.060319424
0.021155596
0.059083223
0.060954332
0.060450792
0.060435057
0.060346842
0.060374737
0.060333490
0.060384512
0.060337782
0.021298409
0.058422327
0.060936689
0.060510635
0.060370684
0.060481787
0.060534954
0.060320377
0.060386181
0.060333490
0.021164179
0.058977604
0.060952187
0.060388327
0.060415268
0.060360432
0.060360432
0.060348034
0.060418606
0.060309649
0.021174669
0.060979843
0.060913801
0.060342073
0.060444355
0.060363054
0.060420036
0.060306072
0.060350418
0.060286760
0.021160364
0.060573578
0.060912848
0.060351133
0.060404301
0.060383320
0.060430527
0.060409069
0.060392618
0.060345650
0.021147728
0.059503078
0.061137199
0.060476780
0.060415506
0.060343981
0.060484409
0.060352325
0.060388803
0.060323954
0.021159410
0.060512781
0.060979843
0.060575485
0.060438156
0.060373545
0.060397863
0.060322762
0.060401440
0.060333967
0.021305084
0.058973789
0.061039925
0.060434580
0.060507774
0.060329676
0.060420275
0.060397863
0.060366631
0.060321331
0.021173954
0.060816050
0.060485840
0.060344934
0.060395718
0.060323000
0.060392380
0.060361862
0.060412169
0.060275793
0.021158934
0.059292793
0.060956001
0.060453176
0.060427666
0.060436726
0.060403347
0.060352087
0.060378313
0.060363770
0.021219730
0.060693979
0.060992002
0.060400486
0.060365438
0.060378790
0.060466051
0.060384035
0.060398102
0.060323954
0.021150112
0.059519291
0.060987473
0.060437202
0.060408592
0.060347319
0.060353994
0.060350657
0.060396910
0.060324669
0.021157742
0.059730053
0.061092854
0.060477734
0.060421228
0.060417414
0.060406685
0.060332775
0.060386658
0.060341835
0.021169424
0.060109138
0.060954094
0.060375929
0.060503721
0.060353279
0.060400963
0.060319424
0.060381413
0.060328960
0.021148443
0.059808254
0.060950518
0.060331345
0.060445547
0.060366154
0.060393810
0.060363293
0.060521841
0.060350180
0.021243095
0.058123112
0.060904503
0.060422659
0.060449123
0.060398579
0.060333729
0.060363770
0.060343504
0.060285330
0.021229029
0.058652878
0.060955286
0.060452461
0.060424566
0.060518503
0.060445786
0.060360432
0.060425520
0.060330629
0.021178722
0.058616877
0.061011553
0.060440063
0.060450315
0.060501099
0.060429573
0.060317278
0.060384512
0.060479641
0.021313906
0.061194658
0.060954809
0.060386181
0.060492039
0.060406208
0.060468435
0.060396433
0.060395718
0.060330391
0.021175385
0.060115099
0.061012983
0.060368299
0.060374975
0.060353994
0.060403585
0.060335159
0.060383558
0.060320854
0.021167278
0.060570717
0.060970306
0.060385704
0.060382366
0.060348511
0.060420990
0.060337782
0.060377359
0.060300350
0.021176815
0.060485601
0.061036825
0.060370922
0.060401917
0.060351849
0.060379744
0.060360909
0.060410261
0.060338259
0.021188974
0.059853077
0.060954094
0.060394287
0.060444593
0.060385227
0.060619354
0.060360909
0.060449600
0.060326099
0.021166801
0.061193943
0.060891151
0.060457706
0.060419798
0.060397148
0.060356855
0.060359240
0.060386419
0.060431719
0.021200180
0.057547569
0.060969353
0.060542345
0.060429811
0.060387611
0.060389996
0.060324430
0.060398817
0.060359240
0.021175146
0.059551477
0.060936689
0.060356140
0.060389280
0.060333729
0.060449123
0.060360193
0.060433626
0.060354233
0.021198511
0.059793472
0.060921192
0.060378075
0.060408592
0.060333729
0.060405493
0.060352325
0.060402155
0.060361385
0.021276236
0.059973717
0.060953856
0.060345650
0.060390711
0.060360432
0.060370207
0.060339451
0.060409784
0.060431480
0.021224260
0.056150675
0.057731867
0.057470083
0.057595730
0.060896397
0.060837269
0.060329676
0.060373306
0.060389280
0.021147966
0.060548544
0.060975075
0.060365677
0.060379505
0.060354710
0.060399771
0.060326815
0.060385704
0.060323238
0.021204233
0.059448957
0.061018467
0.060455322
0.060543299
0.060348034
0.060409069
0.060353756
0.060387850
0.060370445
0.021203041
0.058923483
0.060957909
0.060369015
0.060426235
0.060332537
0.060466766
0.060350418
0.060506344
0.060317755
0.021178961
