0.862232685
0.577260494
0.567086935
0.568058729
0.578205824
0.570246935
0.570813179
0.570703506
0.571170092
0.574363232
0.572278500
0.580368042
0.577728271
0.578184843
0.574455023
0.576983929
0.574705124
0.589773893
0.583636045
0.577693462
0.589735746
0.576924801
0.586359024
0.579114914
0.579481363
0.594145536
0.601600647
0.596453428
0.629534483
0.600141048
0.621090889
0.627188206
0.602895021
0.628503799
0.616376162
0.615274668
0.615540266
0.619250536
0.623118877
0.615979195
0.613930225
0.620769262
0.612063169
0.616845846
0.614715099
0.621556997
0.625487804
0.634823322
0.633971691
0.619455814
0.620186090
0.628431797
0.621354103
0.626523733
0.623555899
0.618663788
0.620981932
0.616160154
0.621956348
0.619123936
0.620395184
0.617976665
0.626670837
0.616976738
0.628008842
0.633746862
0.630313635
0.617295265
0.611811161
0.610103130
0.618923664
0.618387461
0.625690460
0.622875452
0.625287771
0.617440701
0.622364521
0.612330198
0.618353367
0.617330790
0.615604877
0.610922337
0.617181063
0.610445738
0.620769501
0.614696741
0.617086172
0.614608049
0.612416983
0.614636183
0.630671263
0.615166903
0.620948076
0.619953871
0.609300375
0.614111662
0.603881598
0.612686872
0.613966942
0.611207008
