0.010849714
0.010536194
0.011181116
0.011235952
0.011221886
0.011219740
0.011255026
0.011229515
0.011199474
0.011210203
0.011238575
0.011109352
0.011152029
0.011117458
0.011142731
0.011142731
0.011179209
0.011150122
0.011135340
0.011121511
0.011120081
0.011116743
0.011117458
0.011107922
0.011101961
0.011119127
0.011145592
0.011103392
0.011154175
0.011130571
0.011101246
0.011153936
0.011152744
0.011114836
0.011101484
0.011114597
0.011152029
0.011153698
0.011115551
0.011123896
0.011145592
0.011125326
0.011122942
0.011106253
0.011121035
0.011110544
0.011118889
0.011126995
0.011130571
0.011160135
0.011130333
0.011139631
0.011117697
0.011140108
0.011152983
0.011130810
0.011104822
0.011123419
0.011143208
0.011129141
0.011121988
0.011119843
0.011132956
0.011139393
0.011122465
0.011140585
0.011147499
0.011092186
0.011130333
0.011099339
0.011102915
0.011115789
0.011129856
0.011103868
0.011111975
0.011116266
0.011131763
0.011111259
0.011132002
0.011127234
0.011225224
0.011129856
0.011102200
0.011130095
0.011118889
0.011140823
0.011099577
0.011239052
0.011107683
0.011133909
0.011120319
0.011121511
0.011117220
0.011117458
0.011127472
0.011115551
0.011088610
0.011118174
0.011092663
0.011086941
