0.360532999
0.304527998
0.302751780
0.302878618
0.315476656
0.303529501
0.306586742
0.308761597
0.308782816
0.314837694
0.311532497
0.307250261
0.301045656
0.305987835
0.311379910
0.312654495
0.309428930
0.305371046
0.317561865
0.328522205
0.314965010
0.315094948
0.306264162
0.304938078
0.327145338
0.322645664
0.314284325
0.329280138
0.327834845
0.321677446
0.306864500
0.306630135
0.309103012
0.331605673
0.315292358
0.318073511
0.309957504
0.310251951
0.308834791
0.306154966
0.304306269
0.322120667
0.320801020
0.317683458
0.320340395
0.325362444
0.325522423
0.322749615
0.311200380
0.307603359
0.311097383
0.310024738
0.305177212
0.309406757
0.307810545
0.305473328
0.316361427
0.312972307
0.307159185
0.305644035
0.317692041
0.321759224
0.328081846
0.325256109
0.316967249
0.332381487
0.320741892
0.317060709
0.317337036
0.311089516
0.321131468
0.324217558
0.308537006
0.305992842
0.329123497
0.320973635
0.312788963
0.309650898
0.308288336
0.310465336
0.310806036
0.319558620
0.318997860
0.332779646
0.317278862
0.327935696
0.321519852
0.316384315
0.323570251
0.329840899
0.313085556
0.313119173
0.310802221
0.302252054
0.307948351
0.334862232
0.325753689
0.317569971
0.320707321
0.308233023
0.310412169
0.305255651
0.318011999
0.308379889
0.312023163
0.310961246
0.305487394
0.319524288
0.316478252
0.314530611
0.313873529
0.312521696
0.305380821
0.307089090
0.317821503
0.312625408
0.312960148
0.310011625
0.332932949
0.313083649
0.310530186
0.319334984
0.316069126
0.318080425
0.315806150
0.309693575
0.329524279
0.310628414
0.317782164
0.303953648
0.310590744
0.322683811
0.301757336
0.319757223
0.304212809
0.302351236
0.324275494
0.307187796
0.323226452
0.315638065
0.313132048
0.300069094
0.312973738
0.321196795
0.311618805
0.321520805
0.304142952
0.306218386
0.316995859
0.321705580
0.317567348
0.312678099
0.300487518
0.308804512
0.308511257
0.309607029
0.330550909
0.315118790
0.309209824
0.312782764
0.318673134
0.304478645
0.312198877
0.309210777
0.305636406
0.311119080
0.309731483
0.299200535
0.312228441
0.330406189
0.329332590
0.298996925
0.324230194
0.315291882
0.313408852
0.328429222
0.303865194
0.321784019
0.306029320
0.310424805
0.305925846
0.304324865
0.315331697
0.314293861
0.307350397
0.316223621
0.302790880
0.324058533
0.311650991
0.314008236
0.314237595
0.300447941
0.319668055
0.306419849
0.307283878
0.315473795
0.316678286
0.310167789
0.308257341
0.320044756
0.306693316
0.310503006
0.316801548
0.325110197
0.329724789
0.306673288
0.302674294
0.325348616
0.314828157
0.326993704
0.312710524
0.332611322
0.316924810
0.309615135
0.300018311
0.303048134
0.296905041
0.310810089
0.317166328
0.311427355
0.310309887
0.333976030
0.310791016
0.323539495
0.313075304
0.308868885
0.311606407
0.306334734
0.302705288
0.300581455
0.332142591
0.313085318
0.314273596
0.309853315
0.322260857
0.311862707
0.306119919
0.306401014
0.312691450
0.320403337
0.323159695
0.316003084
0.311499596
0.323356628
0.306869984
0.324139833
0.329591990
0.308149338
0.316535234
0.302989006
0.307163239
0.303664446
0.301564932
0.304574728
0.305819273
0.311465979
0.316059351
0.317590475
0.308642626
0.306155682
0.328951597
0.314741850
0.301747084
0.304185390
0.311524630
0.307864666
0.310148239
0.305690765
0.323379993
0.319829226
0.318914890
0.302050829
0.313823938
0.316242933
0.304367304
0.324520350
0.324496031
0.303015709
0.315980911
0.310734034
0.325094938
0.318981647
0.318907022
0.331264973
0.315577507
0.312849760
0.304393530
0.307209969
0.309704542
0.320981026
0.301819563
0.322952986
0.306133509
0.312961102
0.309597492
0.317852497
0.316159248
0.310315609
0.315455914
0.318105698
0.332953930
0.314511061
0.315155506
0.311369419
0.317492008
0.312572718
0.312614918
0.322569370
0.322740078
0.326239109
0.309677601
0.309917450
0.305204630
0.318282843
0.314744949
0.303769112
0.322809219
0.321212292
0.316735744
0.311409473
0.313250542
0.317917585
0.307948828
0.315946579
0.295833349
0.316464901
0.310449600
0.317649603
0.309933662
0.307157755
0.323598862
0.304650068
0.329107761
0.304744720
0.302189112
0.299966097
0.308805227
0.314266920
0.313143492
0.310064554
0.310512543
0.320844889
0.303409576
0.311970472
0.330125809
0.315206528
0.318810463
0.307108402
0.326203585
0.308686256
0.316991806
0.309722662
0.304588079
0.332897425
0.323938608
0.317370176
0.302239895
0.331237555
0.310741663
0.303190231
0.306001902
0.309054136
0.303768873
0.311374187
0.317139864
0.309993744
0.306308508
0.308570623
0.323460579
0.315596342
0.323623896
0.310188293
0.329812050
0.306104183
0.304274321
0.308686495
0.312965870
0.310218573
0.310494900
0.304592371
0.326689720
0.314720869
0.306570768
0.304840326
0.328970909
0.326093912
0.325227499
0.310864925
0.329679489
0.315342665
0.313823700
0.306333303
0.317776203
0.309950113
0.312844753
0.304907560
0.323361874
0.310351133
0.300360918
0.305390358
0.317875862
0.304992914
0.319255829
0.330223560
0.323039532
0.337886810
0.305251598
0.323654413
0.303402901
0.318102360
0.315726757
0.316727638
0.314012766
0.313796043
0.303817749
0.301888704
0.312207460
0.303378344
0.311699390
0.312489748
0.300133228
0.309290648
0.329535723
0.304125309
0.329375505
0.311767817
0.316350698
0.311039209
0.327151537
0.313076735
0.314509392
0.313990116
0.317664146
0.314834118
0.310547352
0.323710442
0.319228649
0.318654776
0.326060057
0.325895309
0.324227333
0.324690104
0.326835632
0.327544928
0.334839821
0.307840586
0.307766914
0.334876299
0.312203646
0.309027433
0.309476376
0.316268682
0.315565109
0.300225019
0.308661461
0.303104401
0.304117203
0.310304403
0.301033497
0.308545589
0.316241503
0.305067301
0.305447578
0.325264454
0.320397615
0.300660849
0.321230888
0.314532518
0.312714815
0.332703352
0.320695400
0.304473877
0.329321146
0.312556505
0.314393044
0.316208124
0.304175854
0.313758850
0.314425230
0.317201138
0.305415869
0.301307917
0.307048082
0.315606356
0.321722746
0.304183245
0.308010578
0.306439400
0.305405855
0.305485249
0.306743860
0.315909147
0.324004412
0.306965828
0.311441660
0.328539610
0.310860872
0.305923700
0.313232899
0.308446169
0.329771042
0.316951275
0.310259104
0.333020449
0.314445734
0.307659626
0.320628166
0.301758289
0.308879614
0.322623014
0.317471504
0.315922499
0.307518959
0.321610928
0.316225052
0.306906462
0.300513268
0.321022034
0.324002743
0.307981014
0.300134420
0.324562550
0.311850071
0.316511869
0.296719790
0.319126606
0.302674770
0.310854673
0.318010807
0.312698126
0.314094305
0.307318926
0.309295177
0.316565990
0.314826727
0.321671724
0.306520939
0.304231882
0.333890676
0.323814869
0.304426670
0.323575497
0.312996149
0.311239481
0.314286947
0.305696726
0.327199221
0.311025381
0.299510479
0.306967020
0.306615353
0.301888943
0.307391167
0.314334631
0.301875830
0.308963537
0.315852880
0.308216333
0.315809965
0.320941448
0.303671598
0.310503006
0.317424297
0.307058811
0.306482553
0.310255527
0.305643082
0.321311235
0.310478449
0.309409142
0.316986561
0.309343100
0.304224014
0.325016975
0.309312820
0.309930801
0.320671558
0.308545351
0.305831194
0.306188345
0.328315258
0.308335304
0.309219122
0.324229717
0.328611374
0.306399345
0.306346178
0.313395500
0.314591646
0.327051163
0.319350004
0.335851669
0.309128761
0.307054758
0.325760126
0.311868668
0.314502478
0.311146975
0.322816372
0.307704926
0.317411900
0.308281660
0.309313297
0.312120676
0.310496330
0.314767599
0.312973261
0.316301346
0.305356503
0.303255320
0.308651686
0.321823359
0.313352108
0.307544231
0.304300547
0.319858074
0.309342384
0.305433750
0.318856478
0.304919243
0.331782341
0.332924366
0.320008278
0.305623293
0.310464621
0.301310778
0.317374706
0.326288939
0.314753532
0.317624331
0.311343193
0.323435783
0.315124273
0.308726311
0.327642202
0.324304581
0.307639360
0.320254803
0.312883139
0.309043646
0.326957703
0.312057734
0.315203428
0.309712887
0.319916010
0.304148674
0.306233168
0.307676315
0.310659170
0.327745676
0.305975437
0.302903175
0.317078114
0.313520908
0.309183121
0.314533949
0.306921244
0.307140589
0.316318274
0.312422514
0.311978340
0.302073240
0.306328773
0.312690020
0.311123848
0.322836637
0.325886011
0.314754725
0.317273617
0.321633816
0.300254583
0.310060740
0.320220709
0.306474447
0.302118301
0.314914465
0.309549332
0.308084011
0.318547010
0.315211058
0.311483383
0.324496984
0.301585436
0.307430983
0.327537298
0.310428858
0.323669434
0.306870222
0.310534239
0.309506178
0.306153059
0.299069166
0.313302040
0.304396868
0.316329718
0.302081347
0.321419239
0.304553032
0.309990406
0.308060408
0.313229322
0.313915491
0.309439659
0.323229790
0.304140806
0.311620951
0.310791731
0.311864853
0.331672907
0.318036318
0.303294182
0.310584068
0.307844400
0.326767683
0.305988789
0.324435949
0.325668335
0.305610180
0.309180975
0.314510822
0.321547747
0.305675030
0.313836098
0.309456825
0.320989370
0.315120935
0.300226450
0.323563099
0.328108549
0.308820486
0.307358503
0.326957703
0.312522888
0.311744452
0.320952892
0.322238207
0.325298548
0.307400942
0.332006931
0.324740171
0.305841923
0.309244633
0.318055391
0.304049730
0.333897829
0.303912163
0.329183817
0.312920094
0.320330381
0.317770243
0.315454483
0.313503742
0.300681114
0.309464455
0.320587635
0.310515404
0.301799774
0.304425478
0.310462236
0.302272797
0.312268496
0.320770741
0.308073997
0.321896076
0.306723833
0.331491709
0.333763361
0.305958033
0.332724333
0.318346500
0.311287642
0.311461449
0.318053722
0.316454887
0.312660217
0.338364601
0.323541880
0.327521324
0.328798294
0.329635143
0.334806442
0.324369431
0.331114054
0.335306883
0.317864895
0.332715034
0.329566717
0.320018768
0.328047991
0.323115110
0.324012518
0.346830368
0.326988220
0.332677841
0.307806253
0.318836212
0.331075907
0.320221186
0.321178198
0.336750031
0.330944061
0.314278603
0.311846972
0.317414045
0.311845064
0.304668665
0.308006287
0.306906939
0.300922632
0.312459946
0.326383591
0.328169823
0.323527336
0.332919359
0.328994513
0.315662622
0.335193396
0.314055443
0.318574190
0.309684038
0.311070442
0.307082891
0.316200972
0.312937498
0.318330526
0.323432207
0.311450720
0.321905375
0.306571245
0.324306011
0.310011864
0.307311058
0.307467699
0.312583447
0.304133415
0.326923609
0.309603453
0.299924612
0.314722061
0.304296017
0.300566196
0.313409328
0.303478241
0.309742451
0.317744255
0.306893826
0.313285589
0.301536083
0.314918995
0.317256212
0.297599792
0.313316107
0.304410219
0.307077885
0.321440220
0.301234484
0.325703859
0.316127062
0.309729338
0.306557417
0.307540655
0.333276749
0.304105997
0.311381102
0.307416677
0.308100462
0.300968647
0.314125776
0.306020737
0.312417269
0.307299376
0.308050394
0.315398216
0.300300598
0.301770210
0.320576429
0.310152292
0.313914299
0.327628136
0.312179804
0.307986975
0.339623690
0.306922197
0.331637144
0.333986998
0.323031425
0.321342468
0.330203056
0.306992054
0.311005116
0.302026510
0.299217939
0.312171698
0.306212902
0.306398153
0.322691202
0.314165592
0.317312956
0.314573526
0.314376831
0.333849192
0.302242994
0.309538364
0.317707539
0.307571650
0.318941832
0.303983688
0.304040194
0.303389311
0.310103655
0.319359303
0.317004919
0.302675486
0.326723814
0.309319735
0.313994408
0.322428942
0.327591181
0.328139305
0.336019278
0.341124296
0.305229664
0.320600510
0.305591345
0.312943935
0.332088232
0.324182987
0.344721794
0.335201263
0.323006153
0.335955381
0.325209856
0.328030109
0.326981544
0.301673651
0.321105719
0.317327738
0.318360329
0.328564405
0.306252718
0.330693960
0.315489054
0.324862957
0.321902990
0.345973969
0.330124140
0.323749781
0.325297356
0.322642326
0.324387312
0.322897434
0.318247557
0.328452587
0.308514357
0.308936834
0.302440405
0.316115856
0.314388037
0.308902979
0.320349932
0.311746597
0.302928925
0.322851181
0.301643848
0.310238123
0.303086996
0.301627398
0.309366226
0.315813541
0.311990738
0.310437441
0.309968710
0.327471018
0.310806274
0.329471588
0.316912889
0.315202713
0.315816402
0.301394939
0.324124098
0.324809790
0.318881273
0.327060461
0.339449167
0.334362745
0.304016352
0.301844358
0.323561192
0.330708742
0.322185278
0.314119577
0.326004028
0.312745571
0.333149195
0.310402870
0.326559782
0.331445456
0.319889069
0.330225706
0.313592434
