0.009119987
0.008666515
0.008710861
0.009093046
0.009190798
0.009305239
0.009335756
0.009298325
0.009281874
0.009281635
0.009297132
0.009284973
0.009257793
0.009248018
0.009287119
0.009252310
0.010060549
0.010220766
0.010211468
0.010261297
0.010209560
0.010262012
0.010203362
0.010194063
0.010261297
0.010273218
0.010167837
0.010148764
0.010167599
0.010110140
0.010141850
0.010147572
0.010158300
0.010156870
0.010118723
0.009677410
0.008542061
0.008588552
0.008584499
0.008557558
0.008558035
0.008546829
0.008560658
0.008555651
0.008557558
0.008526564
0.008550882
0.008543491
0.008488417
0.008520603
0.008526325
0.008530378
0.008495331
0.008526325
0.008500338
0.008506298
0.008549690
0.008539915
0.008531332
0.008728027
0.008517742
0.009458065
0.010181427
0.010305882
0.010337353
0.010182381
0.010247946
0.010230780
0.010222912
0.010236979
0.010299444
0.010223627
0.010117054
0.010134220
0.010141373
0.010154486
0.010132313
0.010166883
0.010164499
0.010123491
0.010128498
0.008643389
0.008563995
0.008515358
0.008471012
0.008475542
0.008577824
0.008517504
0.008565426
0.008556843
0.008544683
0.008563519
0.008516788
0.008562088
0.008581877
0.008542299
0.008558750
0.008524418
0.008513212
0.008515120
0.008545876
0.008543253
0.008548021
0.008515835
0.009296894
0.010226727
0.010252237
0.010207176
0.010221720
0.010202646
0.010218143
0.010240316
0.010220766
0.010219336
0.010171413
0.010134220
0.010113716
0.010130644
0.010156870
0.010179043
0.010158300
0.010133266
0.010140896
0.010124683
0.008809805
0.008575678
0.008564949
0.008501291
0.008495808
0.008478403
0.008480072
0.008489847
0.008490324
0.008536816
0.008543253
0.008548737
0.008538246
0.008558989
0.008594990
0.008551121
0.008569479
0.008558035
0.008572340
0.008536100
0.008566141
0.008580685
0.008500338
0.008726597
0.010210276
0.010204554
0.010237932
0.010274649
0.010206223
0.010200977
0.010206223
0.010230064
0.010228395
0.010239601
0.010187387
0.010115147
0.010195732
0.010146379
0.010131598
0.010172367
0.010150909
0.010127068
0.010249138
0.010131359
0.010148287
0.009113312
0.008635521
0.008694649
0.008543730
0.008554220
0.008538246
0.008529425
0.008538246
0.008555651
0.008538008
0.008554220
0.008564234
0.008534908
0.008528709
0.008540154
0.008500814
0.008513451
0.008518457
0.008521318
0.008485556
0.008515835
0.008522511
0.008535385
0.008862495
0.010196924
0.010190725
0.010209560
0.010214090
0.010237217
0.010261774
0.010299921
0.010250568
0.010214090
0.010158777
0.010144234
0.010172844
0.010141611
0.010141134
0.010157824
0.010157585
0.010122299
0.010177851
0.010185957
0.009088755
0.008489370
0.008505106
0.008505106
0.008456469
0.008485794
0.008500576
0.008515835
0.008494854
0.008503675
0.008528233
0.008550882
0.008581638
0.008553267
0.008537769
0.008579493
0.008541346
0.008561850
0.008552313
0.008529663
0.008542061
0.008552313
0.008544445
0.008514881
0.010214567
0.010213375
0.010215044
0.010210991
0.010241985
0.010228872
0.010201693
0.010243654
0.010217428
0.010208845
0.010105610
0.010147333
0.010203600
0.010236025
0.010182381
0.010190725
0.010194778
0.010199547
0.010178804
0.009428024
0.008809805
0.008660316
0.008490562
0.008524895
0.008526564
0.008461952
0.008497000
0.008496523
0.008506536
0.008583784
0.008603573
0.008553982
0.008648872
0.008577108
0.008557081
0.008566380
0.008583069
0.008562565
0.008551836
0.008549213
0.008538723
0.008565187
0.008586884
0.010225296
0.010233641
0.010251045
0.010209799
0.010198593
0.010245800
0.010163546
0.010289907
0.010214090
0.010326862
0.010174513
0.010115862
0.010129213
0.010123491
0.010111094
0.010102272
0.010141134
0.010267735
0.010116816
0.010129452
0.010152578
0.009302616
0.008536339
0.008545160
0.008462906
0.008473873
0.008493662
0.008504152
0.008468390
0.008498430
0.008490801
0.008541107
0.008548975
0.008537292
0.008579731
0.008538246
0.008555174
0.008556366
0.008561373
0.008561611
0.008524418
0.008517265
0.008526325
0.008528948
0.008511782
0.010204077
0.010227919
0.010226488
0.010264158
0.010220528
0.010240316
0.010228872
0.010202408
0.010211706
0.010204315
0.010138750
0.010155201
0.010172844
0.010094643
0.010133743
0.010161877
0.010171175
0.010107517
0.010159492
0.010138512
0.010132790
0.010168314
0.010123968
0.010140419
0.010110140
0.010114908
0.010166883
0.010141134
0.010126352
0.010121107
0.010127306
0.010129929
0.010120392
0.010149240
0.010125399
0.010129452
0.010149956
0.010130882
0.010119677
0.009051800
0.008521318
0.008574963
0.008548737
0.008538485
0.008564949
0.008535147
0.008582115
0.008528948
0.008552074
0.008543730
0.008564711
0.008516550
0.008529425
0.008518934
0.008511066
0.008538485
0.008544445
0.008511782
0.008513927
0.008529186
0.008552074
0.008538961
0.008535862
0.010236263
0.010246038
0.010242701
0.010243416
0.010210037
0.010235786
0.010208607
0.010208368
0.010191441
0.010175943
0.010109663
0.010123730
0.010151386
0.010157108
0.010101080
0.010171413
0.010136843
0.010124922
0.010137796
0.010153532
0.010157347
0.009317398
0.008564472
0.008557558
0.008512974
0.008514643
0.008566380
0.008483410
0.008472204
0.008478403
0.008614540
0.008579731
0.008533239
0.008565903
0.008534670
0.008569002
0.008506536
0.008590460
0.008542538
0.008569002
0.008542776
0.008542299
0.008530140
0.008552790
0.008521080
0.010195732
0.010220528
0.010186195
0.010185003
0.010222435
0.010204315
0.010212660
0.010226727
0.010211468
0.010251999
0.010106564
0.010122061
0.010133743
0.010147810
0.010148525
0.010101795
0.010111332
0.010151148
0.010131359
0.009388924
0.008545160
0.008569479
0.008507252
0.008479595
0.008467674
0.008467674
0.008536339
0.008548021
0.008540392
0.008577585
0.008583546
0.008512735
0.008578062
0.008542299
0.008564949
0.008557558
0.008549213
0.008568525
0.008567333
0.008536100
0.008517027
0.008519411
0.008566856
0.010075808
0.010216236
0.010211706
0.010199547
0.010205030
0.010210514
0.010208368
0.010183096
0.010234356
0.010227442
0.010150671
0.010138035
0.010126591
0.010143995
0.010117769
0.010146141
0.010159016
0.010132074
0.010105848
0.009618998
0.008570910
0.008577347
0.008577347
0.008629084
0.008524895
0.008534670
0.008545876
0.008533001
0.008542299
0.008559227
0.008561373
0.008557796
0.008521318
0.008527040
0.008518696
0.008527279
0.008551598
0.008521080
0.008535385
0.008542299
0.008552551
0.008521080
0.008517742
0.010183573
0.010214329
0.010215521
0.010210752
0.010189056
0.010210037
0.010219336
0.010194540
0.010223150
0.010214329
0.010080814
0.010145426
0.010124445
0.010099649
0.010113478
0.010112047
0.010093689
0.010135651
0.010134459
0.010176897
0.010137558
0.009736300
0.008626938
0.008575678
0.008478403
0.008517742
0.008457184
0.008512497
0.008503914
0.008540392
0.008512020
0.008526564
0.008537531
0.008535147
0.008497953
0.008537054
0.008603334
0.008557081
0.008580208
0.008564234
0.008574724
0.008590937
0.008551836
0.008543968
0.008508205
0.010011196
0.010229349
0.010328293
0.010189295
0.010212660
0.010222673
0.010249615
0.010197163
0.010209560
0.010200739
0.010177612
0.010152817
0.010203362
0.010150433
0.010179281
0.010141134
0.010154486
0.010144472
0.010146141
0.009867668
0.008560658
0.008551598
0.008534431
0.008526325
0.008573055
0.008525372
0.008573294
0.008540392
0.008522272
0.008554220
0.008531570
0.008554220
0.008504152
0.008488417
0.008511782
0.008512497
0.008502960
