0.098732471
0.107702494
0.107284784
0.107168436
0.107302427
0.107190371
0.107123375
0.107301950
0.107186556
0.107131243
0.107093334
0.107114077
0.107250214
0.107104063
0.107146740
0.107122898
0.107123137
0.097976923
0.107442617
0.107366562
0.107154131
0.107164860
0.107122421
0.107165575
0.107133627
0.107097864
0.107180357
0.107262135
0.107231617
0.107106209
0.107133865
0.107181311
0.107093334
0.107094765
0.107154846
0.097419262
0.100462437
0.102240324
0.107753277
0.107184410
0.107127190
0.107258797
0.107161045
0.107139826
0.107138872
0.107117653
0.107086182
0.107136726
0.107133627
0.107192993
0.107097387
0.107113600
0.107090473
0.097430944
0.103972912
0.107750654
0.107105255
0.107688427
0.107305050
0.107073307
0.107061386
0.107205391
0.107105494
0.107242584
0.107171535
0.107093096
0.107050657
0.107055426
0.107146978
0.107132673
0.107090950
0.097445965
0.104429722
0.107394457
0.107124090
0.107145548
0.107196331
0.107130527
0.107148647
0.107097626
0.107044458
0.107146740
0.107131481
0.107095003
0.107054710
0.107086420
0.107087612
0.107213259
0.107136965
0.097362757
0.098276615
0.102060556
0.107887030
0.107625484
0.107344866
0.107273340
0.107150078
0.107353926
0.107120037
0.107144594
0.107243299
0.107240677
0.107180595
0.107143641
0.107165813
0.107122660
0.107131481
0.097527742
0.101798534
0.102397203
0.102207422
0.106914520
0.107590199
0.107176304
0.107110739
0.107237339
0.107182264
0.110050917
0.107320547
0.107015610
0.107141495
0.107262373
0.107175350
0.107156038
0.104492903
0.092352867
0.104693174
0.107753515
0.103919268
0.101678848
0.105843782
0.107381821
0.101985931
0.101675749
0.106894970
0.107344389
0.107193232
0.107107639
0.107141256
0.107257843
0.107115507
0.107205391
0.107178926
0.097462177
0.100029945
0.102005482
0.104407310
0.104702234
0.107032776
0.106849670
0.107785463
0.107299328
0.107204676
0.107004881
0.107052803
0.102144480
0.101618767
0.105546713
0.107356787
0.102765560
0.101852417
0.097058058
0.104009390
0.101648092
0.101536036
0.106774330
0.107209682
0.101851225
0.101426840
0.107609987
0.107301474
0.107055902
0.107019663
0.107076645
0.106995821
0.107063532
0.107004404
0.107769728
0.107375145
0.097378731
0.098663807
0.101856709
0.102272987
0.107042551
0.106764793
0.107598543
0.107093334
0.106867790
0.106963873
0.106999397
0.106919765
0.107032299
0.107003450
0.107029200
0.103913069
0.101727724
0.105741739
0.097376347
0.103086233
0.102070570
0.103759527
0.106292486
0.106463909
0.107371092
0.106959581
0.106923580
0.104349852
0.101517439
0.104799509
0.107366323
0.107047081
0.107003212
0.102281094
0.101537943
0.106727362
0.097524166
0.100193262
0.101866007
0.105455875
0.107348919
0.102827311
0.101652622
0.106862307
0.107267857
0.102050304
0.101754427
0.106267452
0.107228994
0.106942177
0.106962442
0.107188225
0.107046127
0.106968403
0.097330332
0.100044250
0.101400614
0.106696606
0.107110500
0.106889248
0.106920958
0.106939793
0.107042551
0.106950760
0.106931925
0.107047319
0.107048988
0.106864214
0.106921434
0.107005119
0.106902599
0.107030630
0.097223759
0.100430727
0.102293968
0.104895592
0.105350256
0.107187271
0.107301235
0.107182741
0.106990099
0.106980085
0.107139111
0.107346058
0.107096672
0.107197523
0.102586269
0.101530075
0.106790304
0.107007742
0.097251654
0.099471569
0.108135223
0.107151270
0.107126474
0.107171059
0.107130289
0.107062578
0.107056379
0.107100248
0.107067108
0.107185125
0.107200384
0.107028484
0.107083797
0.107059002
0.107085228
0.101927757
0.092164755
0.100479364
0.101758718
0.106775284
0.107310295
0.107229948
0.107101679
0.107167721
0.107103348
0.107105255
0.107193947
0.107168198
0.107228994
0.107125282
0.107795238
0.107382059
0.107157469
0.107094288
0.097598791
0.104072332
0.107912064
0.107060194
0.107178926
0.107077122
0.107167721
0.107196331
0.107261181
0.107178450
0.107282162
0.107184172
0.107134819
0.107193708
0.107185364
0.107151031
0.107152462
0.107122421
0.097489119
0.099850893
0.102549076
0.104670048
0.105432510
0.107766628
0.107448339
0.107381582
0.107209921
0.107122660
0.107138634
0.107094765
0.107136965
0.107075453
0.107103825
0.107112646
0.107094526
0.107089281
0.097428799
0.104096413
0.102006197
0.104680061
0.107607603
0.107287884
0.107165098
0.107068539
0.107174635
0.107151270
0.107257843
0.107179403
0.107039452
0.107125759
0.107137918
0.107110500
0.107100248
0.107136488
0.097443104
0.102143526
0.107784986
0.107117176
0.107222557
0.107153416
0.107100010
0.107103825
0.107231140
0.107098341
0.107131481
0.107220411
0.107128382
0.107056141
0.106988907
0.106908560
0.107136488
0.107030630
0.097453117
0.100088120
0.102377892
0.103826284
0.105000973
0.106632948
0.106677532
0.107693672
0.107464552
0.107172728
0.107258797
0.107136726
0.107180595
0.107159853
0.107076645
0.107107162
0.107204199
0.107091665
0.097656727
0.102058887
0.101911068
0.103433371
0.105780602
0.106263638
0.107519627
0.107104778
0.107035637
0.107091904
0.107144356
0.107173443
0.107098818
0.107331276
0.107088804
0.107115984
0.107077599
0.107070208
0.097379208
0.098677397
0.104640245
0.107383251
0.106921196
0.106950283
0.107047796
0.107023716
0.107221127
0.107159138
0.107038021
0.107110500
0.107105255
0.107042313
0.107051134
0.107216120
0.107095242
0.107110977
0.097339153
0.103710890
0.107580423
0.107088566
0.107134581
0.107086420
0.107125282
0.107104301
0.107231140
0.107400656
0.107096672
0.107055187
0.107130289
0.107076883
0.107068539
0.107156038
0.107069969
0.107362986
0.097343445
0.102670670
0.107105732
0.106999636
0.107524872
0.107652664
0.107357740
0.107063293
0.107034922
0.107106686
0.107129574
0.107304096
0.107055426
0.107160568
0.107203484
0.107105017
0.107102156
0.107096910
0.097381830
0.104727745
0.107476234
0.107147932
0.103153467
0.101703405
0.106946230
0.107218027
0.107132673
0.107065678
0.107210398
0.107225895
0.107146502
0.107225895
0.107080460
0.107089281
0.107056856
0.107174873
0.097344875
0.099332094
0.101966619
0.108400106
0.107841492
0.107461214
0.107117176
0.107321262
0.107224703
0.107400894
0.107182980
0.107245684
0.107165813
0.107342720
0.107300520
0.107141733
0.107109785
0.107121944
0.097519398
0.102820635
0.103224516
0.105421782
0.107562304
0.107184172
0.107195377
0.107215405
0.107157946
0.107115030
0.107172012
0.107111454
0.107291222
0.107038736
0.107231617
0.107052565
0.107074261
0.107121944
0.097389698
0.102437735
0.107775688
0.107089758
0.107166529
0.107146263
0.107108116
0.107094049
0.107984543
0.107327700
0.107172728
0.107178926
0.107122421
0.107360840
0.107078552
0.107111692
0.107075691
0.107095003
0.097403765
0.100748301
0.103358507
0.105345488
0.105510712
0.107553959
0.107642889
0.107512951
0.107222319
0.107124329
0.107204914
0.107134342
0.107433081
0.107129335
0.107169151
0.107109308
0.107076883
0.107122183
0.097381830
0.104523659
0.107650995
0.107359886
0.107334137
0.107043028
0.107172966
0.107102633
0.107086658
0.107200384
0.107079029
0.107182026
0.107059956
0.107175112
0.107092619
0.107049227
0.107128382
0.107099295
0.097475767
0.103687286
0.107831478
0.107148409
0.107222557
0.107165575
0.107055902
0.107150078
0.107128859
0.107084751
0.107027292
0.107133150
0.107037544
0.107060194
0.107054949
0.107030392
0.107068777
0.107136726
0.097517967
0.099366665
0.103888750
0.106503248
0.106509447
0.107668400
0.107223511
0.107208729
0.107172251
0.107281923
0.107488632
0.107250452
0.107156992
0.107221127
0.107143641
0.107115984
0.107133150
0.107132912
0.097362757
0.103091955
0.107878923
0.107078075
0.107164860
0.107246399
0.107065916
0.107070684
0.107202530
0.107106447
0.107042074
0.107022047
0.107037783
0.107148409
0.107012749
0.107034683
0.107143402
0.107126951
0.097440004
0.102800846
0.107545376
0.107214689
0.107081652
0.107192755
0.107231140
0.107204437
0.107183456
0.107128859
0.107157946
0.107232332
0.107145548
0.107147932
0.107110023
0.107096910
0.107126474
0.107154608
0.097401857
0.099478960
0.103608847
0.106383562
0.106893778
0.107560873
0.107107639
0.107057333
0.107376337
0.107070923
0.107152939
0.107072830
0.107059479
0.107189178
0.107221365
0.107187033
0.107090950
0.107025862
0.097189426
0.103174686
0.107742786
0.107243299
0.107090712
0.107385635
0.107128382
0.107086658
0.107148886
0.107080221
0.107085466
0.107072592
0.107193232
0.107155561
0.107142925
0.107481003
0.107284069
0.107115507
0.097416878
0.105479479
0.107244730
0.107131720
0.107135534
0.107131243
0.107064962
0.107192755
0.107108593
0.107403040
0.107117653
0.107083321
0.107123137
0.107120275
0.107227087
0.107039928
0.107136965
0.107063770
0.097402811
0.104890585
0.107642889
0.107096434
0.107178926
0.107123375
0.107400179
0.107148170
0.107125521
0.107252121
0.107419729
0.107254267
0.107098103
0.107311249
0.107106924
0.107195377
0.107099295
0.107136011
0.097476006
0.100257397
0.102463722
0.107767105
0.107566357
0.107487440
0.107203484
0.107100964
0.107092857
0.107125044
0.107297421
0.107097149
0.107076645
0.107022047
0.107142687
0.107133627
0.107053280
0.107064962
0.097356319
0.101686001
0.102195501
0.103911638
0.106264114
0.106321812
0.107320070
0.107277155
0.107308388
0.107094765
0.107164860
0.107099295
0.107180595
0.107137203
0.107096910
0.107055426
0.107099295
0.107081175
0.097307920
0.102374077
0.107369900
0.106938601
0.107290506
0.107030392
0.107012987
0.107195616
0.107083321
0.107031822
0.106886864
0.107095003
0.106967211
0.107023478
0.107019186
0.106943846
0.107064247
0.107073545
0.097339392
0.103049994
0.101814270
0.104665995
0.107378006
0.106926441
0.107031107
0.107080936
0.106983185
0.106879711
0.107042551
0.107108593
0.106982946
0.106999397
0.106996059
0.106975555
0.106956482
0.106964827
0.097233534
0.101723433
0.107628107
0.107034445
0.107034683
0.106896162
0.106935024
0.106916428
0.107077360
0.106901169
0.107083797
0.107236624
0.106943846
0.106865883
0.106907129
0.106870890
0.106945515
0.107027769
0.097340107
0.101765394
0.107647181
0.107196808
0.107008934
0.107008696
0.107027769
0.106946945
0.106999636
0.106959343
0.106927633
0.106893539
0.107042789
0.107019901
0.106894255
0.106973410
0.107046366
0.106945515
0.097270250
0.104580402
0.107208252
0.107015610
0.106955767
0.106941462
0.106981277
0.106952667
0.107016325
0.106940746
0.106905222
0.107069254
0.107007027
0.106915236
0.106925011
0.106867075
0.107043505
0.106938124
0.097371340
0.103251934
0.101855755
0.104131937
0.107457161
0.106989145
0.106953382
0.106919527
0.106873512
0.106972694
0.106859684
0.107045889
0.107040882
0.107055664
0.107031107
0.106923342
0.106996775
0.107006073
0.097217798
0.105165958
0.107369184
0.106996775
0.107049465
0.107026100
0.107017279
0.106997013
0.106986761
0.106904268
0.106914997
0.106886148
0.107010603
0.106990814
0.106955528
0.107084990
0.106896639
0.106903076
0.097228527
0.102597713
0.107366085
0.107518911
0.107032537
0.107001066
0.107195139
0.106972694
0.106916428
0.107042551
0.107025146
0.106963158
0.106910706
0.107072115
0.106906176
0.106900692
0.106942892
0.107079983
0.097228050
0.108365059
0.106879711
0.107046604
0.107018471
0.107024193
0.106852770
0.106832504
0.106869698
0.106851578
0.107023716
0.107011318
0.106907129
0.107029200
0.106902122
0.106861353
0.106861115
0.107061625
0.097358227
0.107379198
0.107097149
0.107057571
0.106988907
0.107029438
0.106994152
0.106845856
0.106894016
0.106958866
0.107036829
0.106986046
0.106962204
0.107004881
0.106960058
0.106969357
0.107106686
0.107053757
0.097219944
0.108555079
0.107234240
0.107013702
0.106889486
0.106889486
0.107055664
0.106952429
0.106909037
0.107082367
0.106889009
0.106882334
0.107083797
0.107057810
0.106929541
0.106936455
0.106953144
0.107016087
0.097253084
0.108100414
0.107194185
0.106980324
0.107036829
0.106946230
0.106915951
0.106905460
0.106864452
0.106869459
0.106870651
0.106874943
0.106902122
0.107008457
0.107005835
0.107002974
0.106992722
0.107012033
0.097260475
0.106837273
0.107373238
0.107052326
0.106942415
0.106917620
0.107084513
0.107012510
0.106875420
0.106875420
0.106890202
0.106909752
0.106985569
0.106976509
0.106966734
0.106972933
0.106924295
0.106911898
0.097227335
0.107829809
0.107097149
0.106901169
0.106914759
0.106926918
0.107044458
0.106981993
0.107120752
0.107050657
0.107026815
0.106902361
0.106873751
0.106939793
0.106917620
0.106883764
0.106889248
0.106930971
0.097339630
0.105605125
0.107176781
0.106994390
0.107093573
0.107021570
0.107006550
0.106962204
0.106994152
0.106984615
0.107208014
0.106956720
0.106846571
0.106898785
0.106956720
0.106900692
0.106863022
0.106990576
0.097204924
0.107675791
0.106947899
0.107139349
0.106939316
0.106930256
0.106930256
0.106989145
0.107110262
0.106986523
0.107117414
0.106944561
0.106952667
0.106878042
0.106876850
0.106976271
0.106915236
0.107061863
0.097201586
0.108119488
0.107419729
0.107029438
0.107102633
0.107107639
0.106997967
0.106880903
0.106907368
0.106976509
0.106854916
0.106835365
0.106843233
0.106917858
0.107000351
0.106862068
0.106859446
0.106969357
0.097226143
0.107776880
0.106866837
0.106881142
0.106976509
0.107002258
0.107010841
0.106971502
0.106948376
0.107004642
0.107003212
0.106955290
0.106876612
0.106976032
0.107098103
0.107225895
0.108678102
0.107825041
0.097929478
0.107706547
0.107003927
0.106894970
0.106978178
0.107012510
0.107074738
0.106981039
0.107071400
0.108858585
0.107997417
0.107962132
0.107946157
0.107897520
0.108006001
0.107946157
0.107940435
0.107904196
0.098286390
0.108820438
0.107816935
0.107040167
0.107124329
0.107846737
0.108565331
0.108723164
0.109566689
0.108921051
0.108461618
0.109257221
0.109101295
0.108889103
0.107860804
0.107978106
0.107995033
0.109841347
0.099103212
0.108954906
0.108040094
0.107211351
0.108683825
0.108106136
0.108124256
0.108167887
0.109878540
0.109176397
0.109052896
0.109084606
0.109028339
0.109022856
0.109014273
0.108954668
0.108327389
0.109329462
0.099145412
0.108320475
0.108498335
0.109446764
0.109009981
0.108824492
0.108896494
0.108979225
0.108882904
0.108059168
0.109849453
0.108885765
0.108993053
0.108990908
0.108993530
0.108988523
0.108934164
0.108918428
0.098974228
0.108268261
0.107746124
0.109629631
0.108965874
0.109038591
0.108790636
0.108156443
0.109444141
0.109067440
0.108900785
0.108036041
0.108053207
0.108016491
0.109762907
0.108875990
0.109201670
0.108825207
0.098644733
0.108344793
0.107424259
0.108657122
0.107867241
0.107496023
0.108624697
0.109316111
0.108763933
0.108231306
0.107897282
0.107861042
0.107794523
0.107036114
0.108799219
0.107970953
0.109869480
0.108897448
0.098970890
0.108623743
0.106900692
0.108538628
0.108136892
0.107856750
0.106987476
0.109810352
0.108909130
0.108742237
0.108042002
0.108102322
0.108994722
0.109374046
0.108904362
0.109012842
0.108876467
0.108839035
0.098095179
0.109080791
0.107491255
0.108049870
0.108345509
0.108027220
0.107991695
0.107986927
0.106917620
0.108603716
0.108062029
0.107869864
0.107946873
0.109983921
0.108828068
0.108658314
0.108666420
0.109406948
0.098978043
0.108672380
0.107582092
0.107211828
0.108764648
0.107936144
0.108021259
0.108859062
0.109463215
0.108800173
0.108207941
0.108041525
0.107863188
0.107838869
0.106950998
0.108578920
0.107926130
0.109811544
0.099121332
0.109129429
0.107826710
0.107277632
0.108621359
0.108082771
0.107953787
0.108206749
0.109783888
0.109043360
0.108784199
0.108084679
0.108036995
0.108843088
0.109425783
0.108820438
0.108257294
0.108047485
0.098230362
0.108207941
0.107040167
0.106956005
0.107024908
0.106890678
0.108242273
0.108193159
0.107981205
0.107148409
0.107310057
0.107249260
0.109731197
0.109019995
0.108650684
0.107985258
0.107928038
0.108070850
0.098130465
0.107956409
0.107152462
0.107032537
0.107057571
0.107047796
0.107944965
0.108447790
0.108078241
0.108055115
0.108023643
0.108030558
0.107942104
0.107305288
0.107046843
0.106949806
0.107108831
0.107143402
0.099827766
0.108063459
0.107183218
0.107073069
0.107098103
0.107031584
0.106884003
0.107105732
0.106970310
0.107036114
0.106964350
0.108888865
0.107869148
0.107909918
0.107946873
0.107508898
0.107478619
0.108622551
0.098222733
0.108028412
0.107223749
0.107046604
0.106925488
0.106913328
0.107009411
0.107020617
0.107301950
0.107002497
0.107287645
0.107022285
0.107080698
0.107016563
0.107032537
0.107970715
0.108447313
0.107946634
0.097592831
0.108611822
0.107092857
0.107136488
0.107143164
0.107036352
0.107025623
0.107050419
0.106964827
0.107029676
0.107869387
0.108480215
0.107861996
0.107227564
0.106955528
0.107055664
0.107017994
0.107074738
0.097320318
0.107867956
0.107161522
0.107099771
0.107089043
0.107052803
0.107081175
0.107117414
0.107017517
0.107125759
0.107088804
0.107030869
0.107084751
0.107054472
0.107038498
0.107017040
0.107087612
0.107071161
0.097343683
0.108227253
0.107047319
0.107107401
0.107196808
0.107161283
0.107332706
0.107102871
0.107059479
0.107153416
0.107136250
0.107286692
0.107277393
0.107080460
0.107077837
0.107063055
0.107151985
0.107132673
0.097423553
0.108649254
0.107140303
0.107110500
0.107240677
0.107084990
0.107083797
0.107098341
0.107265711
0.107209206
0.107176542
0.107211828
0.107086182
0.107067108
0.107074976
0.107037544
0.107133627
0.107129812
0.097343445
0.107764959
0.107051134
0.106957197
0.107007265
0.106906414
0.107079744
0.107109547
0.107167721
0.107144117
0.106994152
0.107096910
0.107071161
0.107108355
0.107049704
0.106998205
0.107021809
0.106966972
0.097400188
0.108422041
0.107333899
0.106926918
0.107142925
0.107066631
0.106955528
0.107011080
0.107235193
0.107243776
0.107161283
0.107069969
0.106965303
0.106997252
0.107121229
0.107053518
0.107032537
0.107078552
0.097387552
0.108549595
0.107128620
0.107041359
0.107059479
0.107040405
0.107002497
0.107035637
0.107119560
0.106946230
0.107175589
0.107051849
0.107151031
0.107054949
0.107042551
0.107036114
0.107115984
0.107071638
0.097299337
0.106102705
0.107287884
0.107260227
0.107059717
0.107044458
0.107249260
0.107120275
0.107093334
0.107072830
0.107092381
0.107029200
0.107143641
0.107094288
0.107275963
0.107098103
0.107115746
0.107048035
0.097331047
0.107933760
0.107284069
0.107066631
0.107358217
0.107061625
0.107115984
0.107012272
0.107004404
0.106996775
0.106929302
0.107101440
0.107100248
0.107200623
0.107043505
0.107053757
0.107168913
0.107099056
0.097376347
0.108904362
0.107252121
0.107061148
0.107241392
0.107029200
0.107084274
0.107072353
0.107057571
0.107159138
0.107155323
0.107071161
0.107146978
0.107087374
0.107115984
0.107021332
0.107118368
0.107073784
0.097473621
0.108442068
0.107265234
0.107131720
0.107107162
0.107115746
0.107139826
0.107310057
0.107130289
0.107081652
0.107268572
0.107085466
0.107140064
0.107041359
0.107098579
0.107096195
0.107163906
0.107102633
0.097364664
0.108107328
0.107180357
0.107134819
0.107114792
0.107184887
0.107116461
0.107182026
0.107057810
0.107159138
0.107069969
0.107068062
0.107127190
0.107280254
0.107292414
0.107102394
0.107045412
0.107071400
0.097390652
0.106813431
0.107253551
0.107125282
0.107135773
0.107258558
0.107146978
0.107096672
0.107103586
0.107118130
0.107229710
0.107138395
0.107145071
0.107056856
0.107101917
0.107101202
0.107039452
0.107041597
0.097352743
0.104441404
0.107482910
0.107119799
0.107044220
0.107149601
0.107102394
0.107072115
0.107104063
0.107059479
0.107024431
0.107045650
0.107379675
0.107061625
0.107090950
0.107043982
0.107066393
0.107107878
0.097374439
0.099002838
0.102626324
0.107956886
0.107851028
0.107117891
0.107131481
0.107204676
0.107085228
0.107133627
0.107145071
0.107151508
0.107261181
0.107105970
0.107168674
0.107092857
0.107098818
0.107110023
0.097377300
0.106987953
0.107444286
0.107224703
0.107080936
0.107127666
0.107060909
0.107045412
0.107289076
0.107043505
0.107079983
0.107167244
0.107159853
0.107141018
0.107079268
0.107067585
0.107176065
0.107052088
0.097386837
0.104212284
0.107798815
0.107167721
0.107098103
0.107367516
0.107134581
0.107063293
0.107156992
0.107082605
0.107135057
0.107107878
0.107141733
0.107093573
0.107106209
0.107123613
0.107101440
0.107166529
0.097431898
0.103868961
0.107365370
0.107164860
0.107134581
0.107218266
0.107052088
0.107064962
0.107108593
0.107123613
0.107069492
0.107057333
0.107135534
0.107227087
0.107069731
0.107154608
0.107034683
0.107200623
0.097422361
0.099119902
0.102010250
0.108078003
0.107395649
0.107328176
0.107039928
0.107171059
0.107101202
0.107053280
0.107069016
0.107113600
0.107100725
0.107039690
0.107104540
0.107121229
0.107223511
0.107033014
0.097321510
0.101157665
0.101814032
0.103549957
0.107555389
0.107165813
0.107063293
0.107118130
0.107122183
0.107159615
0.107049942
0.107087851
0.107009649
0.107100725
0.107142448
0.107000589
0.106992245
0.106986046
0.097328901
0.102007151
0.107808113
0.107065916
0.107240438
0.107035875
0.107038021
0.106999159
0.107114792
0.107056379
0.106993914
0.107059240
0.107082367
0.107066870
0.107822895
0.107319117
0.107023478
0.107038498
0.097309113
0.098920107
0.101912022
0.107728958
0.107608557
0.107321262
0.107129574
0.107834578
0.107356787
0.107092619
0.107132435
0.107029438
0.107217073
0.107139111
0.107494831
0.107130527
0.107149124
0.107072592
0.097350359
0.103108406
0.102140665
0.104320765
0.107774973
0.107533455
0.107315540
0.107092857
0.107248306
0.103281975
0.101508617
0.106627941
0.107227087
0.107074261
0.107277393
0.107197762
0.107121706
0.107127666
0.097433805
0.102264643
0.102183819
0.101858854
0.106820107
0.107297659
0.107041597
0.107120037
0.107208014
0.107113361
0.107120037
0.107114553
0.107194185
0.107748985
0.107398033
0.107036829
0.107087135
0.107079506
0.097417593
0.100237608
0.101845026
0.107587337
0.107181311
0.107071638
0.107146502
0.107103586
0.107051373
0.107051134
0.107063055
0.107121229
0.107219934
0.107099056
0.107069254
0.107106924
0.107101440
0.107072830
0.097387791
0.103571653
0.107674360
0.107798100
0.107234955
0.107069969
0.107032299
0.107075691
0.106998205
0.107125998
0.107034206
0.107024193
0.107102633
0.107065439
0.107036829
0.107028723
0.107067823
0.107015133
0.097306728
