2.003879786
2.003916502
1.994629383
2.013111830
2.002405882
1.991054296
1.986460924
1.982561588
1.963488102
1.973723412
1.969044924
1.964923859
1.966686726
1.983273268
1.981115818
1.997466803
1.993436098
2.009836912
1.988746881
2.000852823
2.003367662
1.991045952
1.982090712
1.990279198
1.999324799
2.005151033
1.999025345
2.000680208
1.998629332
2.000930548
1.995489120
2.002814770
2.002788544
1.995699883
2.001903296
2.001400709
1.988286495
2.008685112
2.010716677
2.005625486
2.004193783
1.985527039
1.998230934
1.983716726
1.992933750
1.991752863
1.984662056
1.983802557
1.996409655
1.984213829
2.006480694
1.999355555
1.998360157
2.007932663
1.995742321
1.990701199
2.003385067
1.998250961
1.991015911
2.003776550
2.008073092
2.019355774
2.017646313
2.029868126
2.029801607
2.013850212
2.022854805
2.022467613
2.011013746
2.021538019
2.015269756
2.011567354
2.005257845
2.001048803
2.003607512
2.000108242
2.000556707
2.001499891
1.998523712
1.999475002
2.002355576
2.003729582
2.005434752
2.013110399
2.010373116
2.010022163
2.010941744
2.003217936
2.002560616
2.008064747
2.008296967
2.007644653
1.995533466
1.987227917
2.000908613
1.995728493
1.987850428
1.992841005
1.999153376
2.000536442
