0.018730164
0.019385099
0.021987915
0.022013426
0.021995544
0.021927357
0.022086143
0.021778584
0.021864891
0.021842241
0.021868229
0.021881104
0.021833420
0.021779299
0.021800756
0.020490646
0.020002127
0.019939423
0.019989967
0.019996643
0.019968987
0.019942999
0.019796133
0.019810915
0.020018578
0.020972252
0.021535635
0.021571398
0.021576643
0.021543503
0.021496773
0.021347046
0.021386385
0.021400690
0.021727324
0.021963596
0.021999598
0.021985531
0.021919966
0.021804810
0.021782875
0.021781683
0.021795034
0.021785259
0.021838188
0.021747828
0.021727085
0.021758080
0.021770477
0.021736145
0.021758556
0.021758556
0.021809816
0.021760225
0.021762609
0.021807432
0.021761656
0.021777868
0.021807194
0.021699905
0.021746874
0.021752119
0.021785736
0.021748781
0.021806955
0.021741152
0.021757603
0.021778584
0.021744728
0.021758795
0.021743774
0.021758556
0.021784067
0.021747589
0.022008657
0.021756411
0.021799803
0.021759987
0.021727324
0.021739244
0.021758556
0.021761656
0.021714687
0.021713972
0.021749496
0.021771908
0.021768093
0.021810055
0.021791458
0.021779537
0.021836281
0.021856546
0.021853685
0.021754503
0.021827221
0.021799088
0.021805048
0.021866798
0.021923542
0.021992445
0.021888733
0.021971226
0.021813393
0.021816969
0.021757126
0.021856785
0.021820068
0.021842718
0.021802902
0.021761894
0.021798611
0.021902323
0.023531675
0.021818876
0.021828413
0.021807432
0.021773338
0.021886826
0.021784544
0.021829128
0.021835804
0.021883488
0.021788359
0.021748066
0.021744490
0.021743059
0.008975029
