7.377757549
7.184448957
7.037493944
6.783709288
6.652103424
6.968915701
6.798296213
6.852914095
3.514830828
7.399411678
6.844244242
6.689104557
6.592885494
6.587052822
6.977046251
6.672935724
6.502478600
3.529214382
6.854119539
6.646438122
6.670084953
6.553682804
6.662917137
6.559555292
6.546433687
6.653346062
3.593669176
6.868891954
6.885684967
6.594034433
6.694574356
6.519579649
6.443453074
6.482105017
6.485223293
3.593047142
6.865767002
6.804201126
6.652213335
6.528569698
6.699869633
6.536932945
6.688212395
6.522994995
3.727861881
6.916598797
6.914198160
6.749132395
6.454297543
6.634644032
6.910051823
6.541964293
6.670601130
3.526918888
6.845683098
6.664693594
6.642296791
6.607348442
6.846642733
6.614730835
6.606558323
6.633238077
3.628112555
7.072951078
6.574301720
6.686433554
6.547938585
6.567050219
6.678173780
6.784851789
6.633140802
3.603494406
7.149894714
6.429304123
6.511538506
6.631271601
6.915569544
6.629072905
6.576491594
6.466032743
3.490178585
6.859752417
6.509977341
7.327564001
6.497343302
6.591167450
6.467663765
6.696807146
6.709746838
3.521993160
6.909685373
6.707617044
6.619673014
6.499260426
6.624540806
6.455392838
6.520702362
6.489946365
3.491191864
6.949561119
7.076699734
6.876163960
6.523473740
6.476324558
6.577742577
6.542519093
6.492874146
4.010651588
6.949852228
6.498838425
6.624934912
6.615330935
6.678554058
6.758211136
6.428496838
6.452862024
3.596903086
6.894899368
6.625512362
6.507314920
6.473515034
6.681553364
6.737428188
6.553156376
6.578420401
3.518649817
6.841690302
6.470087528
6.743575335
6.563972473
6.489025116
6.949182987
6.699864864
6.529636145
3.506919861
7.066278934
6.740366697
6.463510990
6.732977867
6.664057493
6.730085850
6.651563644
6.550516129
3.530292988
6.895158291
6.513220549
6.540332317
6.649785995
6.754023075
6.528488636
6.634857178
6.663085461
3.534483194
6.855977297
6.547923803
6.519912958
6.444861412
6.501776934
6.576640844
6.727831602
6.635296583
3.525218725
7.173369169
6.709184647
6.632787228
6.541496277
6.963912010
6.576603889
6.443348646
6.423058271
3.510691881
6.845155954
6.567462444
6.521398306
6.522115231
6.387689114
6.512561560
6.444783449
6.495613575
3.494711637
6.995735884
6.614140511
6.729528427
6.738517046
6.410123587
6.837545633
6.516380787
6.722770214
3.509276390
6.851482153
6.505859137
6.537598372
6.850179672
6.500911474
6.574111223
6.580354452
6.514447689
3.549005270
7.163282633
6.598130703
6.504268169
6.839156151
6.447242498
6.657154799
6.593978167
6.427703381
3.546426773
6.907700777
6.470490456
6.415011644
6.398149014
6.527633667
6.611906290
6.682513714
6.455623388
3.498336792
6.929406404
6.514831543
6.590263844
6.657333136
6.503815413
6.377307415
6.394991875
6.407993078
3.528104782
6.868664265
6.499030352
7.048636198
6.606899261
6.554272413
6.455095768
6.540844440
6.459563255
3.492167473
7.060244799
6.456570387
6.481667757
6.732707977
6.414435863
6.479882240
6.392585754
6.477423429
3.498026133
7.131289005
6.962638140
6.749080420
6.468065262
6.630762577
6.463612318
6.401618719
6.445392847
3.663439751
6.997765779
6.495486498
6.521086931
6.816399336
6.426988125
6.762840986
6.533035517
6.364341259
3.558378220
6.812915325
6.525018930
6.418020010
6.632222414
6.442327023
6.536775351
6.319286585
6.400171518
3.673598766
6.824714899
6.558420420
6.501240492
6.499021769
6.688912630
6.400790691
6.787784576
6.399425030
3.573023081
7.102188349
6.758059978
6.518034458
6.487037420
6.541754007
6.645759583
6.640912771
6.500558853
3.661840916
7.067151308
6.786461592
6.781795263
6.815980196
6.531638145
6.583212614
6.826636791
6.534372568
3.513481617
6.882913828
6.664495230
6.486180782
6.426950216
6.751044273
6.466044426
6.525360823
6.400870800
3.474280357
7.004422426
6.763803244
6.341683626
6.733865261
6.467400074
6.644020319
6.476545095
6.495587349
3.602149010
7.060286045
6.816613197
6.686873436
6.393671751
6.446082830
6.524859190
6.840043306
6.600178719
3.530023098
6.837328196
6.515161037
6.758004904
6.506711006
6.432457209
6.408345222
6.441725731
6.546673536
3.477494478
7.181073189
6.567739487
6.414564610
6.793963194
6.564266205
6.386217833
6.513303757
6.348964214
3.481017113
7.189276934
6.544797897
6.685446024
6.542496920
6.450047731
6.827382326
6.399183750
6.434276342
3.499840498
7.088070631
6.757549286
6.459793568
6.468685865
6.671119213
6.395181417
6.340008974
6.458806276
3.530946970
6.868886471
6.543893576
6.557052612
6.772103786
6.481637716
6.572439909
6.674657822
6.571837664
3.482968330
6.839830399
6.649324894
6.503761530
6.454611063
6.735485554
6.704662323
6.376215219
6.393931866
3.504449129
6.973984241
6.512287855
6.523293734
6.629529953
6.418404579
6.361587763
6.444973469
6.466032505
3.518691063
6.871201992
6.599742174
6.450411558
6.505337000
6.465310574
6.441708565
6.401443243
6.390387297
3.470448017
6.956682920
6.469453335
6.534295082
6.551441193
6.765535116
6.695001602
6.421504974
6.487382650
3.505281210
7.021696806
6.425087452
6.554358959
6.597397566
6.441103458
6.427449703
6.601378679
6.582453489
3.483976841
6.814682484
6.472025394
6.585965157
6.623886108
6.732531548
6.393266678
6.459931612
6.583097219
3.583121061
6.816278696
6.558362246
6.586472750
6.409602404
7.065881491
6.524831295
6.751176596
6.635943413
3.523739338
6.870386600
6.722739220
6.466675282
6.648660183
7.124375343
6.449254751
6.413646698
6.386538744
3.596985340
6.949824572
6.518257856
6.517341852
6.498598814
6.531521082
6.342423677
6.634885311
6.476623058
3.596581459
6.985937357
6.902442455
6.510706902
6.786947012
6.752063036
6.912183046
6.567998409
6.686487198
3.495053768
7.066857338
6.600600481
6.525494099
6.435564518
6.515084743
6.465921879
6.334889412
6.471540928
3.481391191
6.844668150
6.859945059
6.540604115
6.470747709
6.574037075
6.664651632
6.968500853
6.435782194
3.509724379
6.841508389
6.553479671
6.419854879
6.486725330
6.529429913
6.401134968
6.381554604
6.374859571
3.567240715
7.161942720
6.851972342
6.571709156
6.599398851
6.544198990
6.679192543
6.439377785
6.433403254
3.459178448
7.259616613
6.790321827
6.485785961
6.452027798
6.707238674
6.447191238
6.488035917
6.860640526
3.565536737
6.798755169
6.529587746
6.921636581
6.508310318
6.449421644
6.817036867
6.430186033
6.692780972
3.504535437
7.333003044
6.588892698
6.709856749
6.416638374
6.539859056
6.407587767
6.479619980
6.492783070
3.522471189
6.924581528
6.563672543
6.421043873
6.697945356
6.698297739
6.682159185
6.469423771
6.493434429
3.523280859
6.824984074
6.676343679
6.454383373
6.480418921
6.299936056
6.607869864
6.385422945
6.443796396
3.500786066
6.825001001
6.538931847
6.795579195
6.554929018
6.464050531
6.434525013
6.658679008
6.422364712
3.468683481
7.013272285
6.434639692
6.541143656
7.010449171
6.550076008
6.664878607
6.619446993
6.373139620
3.542870283
6.939778805
6.503860474
6.537920237
6.603001833
6.462504387
6.457692146
6.419203758
6.400971413
3.458183289
6.903933287
6.309560776
6.352335691
6.454345942
6.432202816
6.571143389
6.536486864
6.493716478
3.518543959
6.636865139
6.480970621
6.684006214
6.671119213
6.617737532
6.910375118
6.646362305
6.457848072
3.491665840
7.158610582
6.559672594
6.719693661
6.840509653
6.455200911
6.458385468
6.501489401
6.426756382
3.558899403
7.004925489
6.616883516
6.732123852
6.596925974
6.720370531
6.412762403
6.845077991
6.441388607
3.556928873
6.800846338
7.003857374
6.720364809
6.750768185
6.607774258
6.394958973
6.422346354
6.452710867
3.746799946
6.773383856
6.410686731
6.478995085
6.537203074
6.396085262
6.437389612
6.527239561
6.499459028
3.493971109
6.811173439
6.457129717
6.853979349
6.515935659
6.442759275
6.599617243
6.460272312
6.501366377
3.537676811
6.881334066
6.587958574
6.436113119
6.537623644
6.516475916
6.755768538
6.725213289
6.518660784
3.487570524
7.070427656
6.479392052
6.894833565
6.533185482
7.036786318
6.531746864
6.428944111
6.394248009
3.680454493
6.754240274
6.824608326
6.602410555
6.581466675
6.572757721
6.636082172
6.672540188
6.683716774
3.500785351
6.806787252
6.471108198
6.795699835
6.442154169
6.523557186
6.856878042
6.656780481
6.697244883
3.526700974
6.897802114
6.446742058
6.562668324
6.581757307
6.428581476
6.535799026
6.446729422
6.605144024
3.490934372
6.747145414
6.895458698
6.475548506
6.522568703
6.902323723
6.480232000
6.594977856
6.452805758
3.635189056
6.819456816
6.726761103
6.569203377
6.544544220
6.507471085
6.883934021
6.416627169
6.501375437
3.661431313
6.803124666
6.699749231
6.593709707
6.493336678
6.734842300
6.584528446
6.508337259
6.460446119
3.507533789
6.894022703
6.681994200
6.576856136
6.559020281
6.636294127
6.702957630
6.764353275
6.501216173
3.463618755
6.845225811
6.541781902
6.553137541
6.668579817
6.736803770
6.486208200
6.534919977
6.839744091
3.508771658
6.842964411
6.534446716
6.521048546
6.593835831
6.655634165
6.492987394
6.489444017
6.451718330
3.502707005
6.807416201
6.498680353
6.736399889
6.645474672
6.867636919
6.437336922
6.520138979
6.469898462
3.509484053
6.910660505
6.476262331
6.530048847
6.608530521
6.692807198
6.657316208
6.443337202
6.488710403
3.545181513
6.828157902
6.503069639
6.579260588
6.587335587
6.402054310
6.508633375
6.487512112
6.476279497
3.540050745
6.935204983
6.488220215
6.456717014
6.592676878
6.558682203
6.720336676
6.446223259
6.853099823
3.519778728
7.026846886
6.520070791
6.587582827
6.555166006
6.424982071
6.480181217
6.541605949
6.378730059
3.704635620
6.739561081
6.434079647
6.565861464
6.537467241
6.441455126
6.823500395
6.839181423
6.389586926
3.534168243
6.890537262
6.487990141
6.577906847
6.520198822
6.700753689
6.481483459
6.914616346
6.464148521
3.770040989
7.118239641
6.626132727
6.514851332
6.914780617
6.510389328
6.349060059
6.496035576
6.439338923
3.525612831
6.783372879
6.460136175
6.750110865
6.693675280
6.537360430
6.497963428
6.748909712
6.450601339
3.544568300
6.777268410
6.486257553
6.725780487
6.530928850
6.482494831
6.406643867
6.547818184
6.444034338
3.654525757
6.880581856
6.563436031
7.005594492
6.793524981
6.512577534
6.486918211
6.573991299
6.417695999
3.547992945
6.843623400
6.491739750
6.497221708
6.662514210
7.150437593
6.400649786
6.384718657
6.661585808
3.497524261
6.797040939
6.532625437
6.639093876
6.701105833
6.447051764
6.554960966
6.583641052
6.452342510
3.615831137
6.801962614
6.644697428
6.710304499
6.452529907
6.771266222
6.723057508
6.966135502
6.557192087
3.585478306
7.210289240
6.833271742
6.609689951
6.646855354
6.542196512
6.464642525
6.498475552
6.534609795
3.709030151
6.880203724
6.454567671
6.472388506
6.642317533
6.776946783
6.563100815
6.570081472
6.386979342
3.479969025
7.042412758
6.733028889
6.631883621
6.722712994
6.509841681
6.468497276
6.699750900
6.624885321
3.507293701
6.788065672
6.765402079
6.708061934
6.533845425
6.590194941
6.632684708
6.710896969
6.435182571
3.568451166
7.017938614
6.759889126
6.754683733
6.584852934
6.521065950
6.450076580
6.441411257
6.404643774
3.680263758
