59.444442749
58.208606005
57.163698435
56.998135805
57.439313650
57.753602028
57.522362709
57.569184542
57.239101648
57.608995438
56.754597187
57.951165438
57.023342848
57.008944273
57.228490114
57.562727690
57.145185232
56.765850544
57.409913301
56.213680267
57.509226561
56.891445398
57.205037355
56.390578508
56.334430933
56.958047628
56.424858332
57.340817928
56.897562027
56.201893091
56.664812326
57.284473896
57.847556114
56.478682280
56.956431627
57.313122749
56.350819826
56.674577951
57.015938282
56.592123985
56.946893454
56.585665941
56.279071331
56.028225422
56.812524319
56.560369730
56.927320242
57.302316666
57.099235535
56.494880199
58.269553661
56.332898378
57.289185286
55.978203773
57.405749083
57.485433817
57.068051577
56.923011303
57.147136450
56.101429224
56.591995478
57.165390730
56.448771715
56.245915174
57.248033762
57.324087858
57.583945513
57.551886320
56.206830263
56.829429150
57.110350847
57.704871655
57.483736277
57.429933310
56.655740261
57.368264437
57.278890371
57.037363291
57.430597067
57.355419636
56.743003607
57.143820286
57.011501551
56.563405037
57.220470905
56.882153273
56.956285715
57.457647562
57.153873682
57.124031067
56.722555876
57.440695524
57.240937948
56.978002548
57.865591764
57.704054117
56.872513771
57.601215363
57.388992071
57.271192074
