1.737670422
1.421468258
1.409033775
1.478107214
1.423841000
1.408541679
1.396870613
1.405044079
1.425441265
1.428162336
1.398522615
1.420995474
1.387896061
1.436942339
1.421405077
1.371103525
1.396072626
1.378942966
1.431587934
1.410436869
1.410622835
1.388084173
1.418302298
1.369478464
1.380108356
1.345548630
1.399075270
1.376060486
1.414074898
1.389448404
1.431859732
1.379670382
1.402163029
1.393074274
1.411465406
1.372732162
1.370055914
1.395045757
1.405244589
1.369646788
1.384303093
1.425647974
1.411534548
1.449306250
1.418258429
1.372266769
1.400923967
1.440868616
1.410988808
1.401067019
1.407486200
1.403485060
1.420303583
1.442036629
1.444932699
1.375278234
1.394465208
1.384692669
1.365105867
1.463150024
1.428070068
1.446244001
1.390588284
1.390371323
1.442804337
1.412958145
1.413506269
1.425432444
1.386845827
1.380965471
1.428509712
1.399821281
1.476401567
1.415356874
1.410428762
1.435232639
1.395321846
1.367371082
1.415257215
1.414457321
1.361278296
1.364058495
1.380846024
1.459374666
1.413216114
1.402484179
1.433954000
1.456540823
1.435982704
1.347810984
1.368233919
1.411077976
1.390179634
1.406252623
1.342164040
1.409595251
1.415977001
1.373470306
1.319436312
1.342618704
