0.818672895
0.575295687
0.577159882
0.568963528
0.577800751
0.581779957
0.575718880
0.574833632
0.580654621
0.574523211
0.575998545
0.575687885
0.587634563
0.583232641
0.597026587
0.596381187
0.609919786
0.595394850
0.612186909
0.608652353
0.598376751
0.622349501
0.605774403
0.629502535
0.612450123
0.610462189
0.610195637
0.607749224
0.606428623
0.615024805
0.607148886
0.615142822
0.613042116
0.608736515
0.612643003
0.611568928
0.612505674
0.609467268
0.609690666
0.610054731
0.615704060
0.626914740
0.614309549
0.610510826
0.607992887
0.605200768
0.607472420
0.607050180
0.606890202
0.606620550
0.610506773
0.612817526
0.608812094
0.607883930
0.606096506
0.608974218
0.608740330
0.609228611
0.612817287
0.608675480
0.608376980
0.621699810
0.619956493
0.611078024
0.614146948
0.608036518
0.609403372
0.608963013
0.615566492
0.608480453
0.613393784
0.604790449
0.602836132
0.619003534
0.609863281
0.612712860
0.614072800
0.620200396
0.610371113
0.614383936
0.616167068
0.607050896
0.606800795
0.614615679
0.611547232
0.617909670
0.611252546
0.613727570
0.604870558
0.618310928
0.612004995
0.612516642
0.609352112
0.611837387
0.609219074
0.606550217
0.605364561
0.606378317
0.616523027
0.609316587
0.626187086
0.611264467
0.610649109
0.606391668
0.608766079
0.608717918
0.606301069
0.609397411
0.619201660
0.609440565
0.613455057
0.620214939
0.610239506
0.604053020
0.610737085
0.606560946
0.606114149
0.612087727
0.608639956
0.611612797
0.619269609
0.615965128
0.607678652
0.607647657
0.607381821
0.608824492
0.618227482
0.608734131
0.609402180
0.612411976
0.619835854
0.608361721
0.603189945
0.607898235
0.605442762
0.607593298
0.607969046
0.607488871
0.616464853
0.607581377
0.607141733
0.617079020
0.613091230
0.610435963
0.611017942
0.610096216
0.608394623
0.616997957
0.614050627
0.620080709
0.619331121
0.610136747
0.614321232
0.619524479
0.607352972
0.609469414
0.618856430
0.609479189
0.606833696
0.610791683
0.608362913
0.609826326
0.609681606
0.619060755
0.612312794
0.606725693
0.609749317
0.615375996
0.610624075
0.613160610
0.607528448
0.610005856
0.608965635
0.614521503
0.623321295
0.607731104
0.606079340
0.610003471
0.606974363
0.608905315
0.606837511
0.609174728
0.610523701
0.607884169
0.610388756
0.611736059
0.607734442
0.610325575
0.614254236
0.605257273
0.614999533
0.606760979
0.609870434
0.608813047
0.613226891
0.609214306
0.621347904
0.610895634
0.610397816
0.613669157
0.625053644
0.612078905
0.607303858
0.611350298
0.609585285
0.608283281
0.610125065
0.612681150
0.615733147
0.608638525
0.609039545
0.611526489
0.611835718
0.610405445
0.621498585
0.606578588
0.619927168
0.607921124
0.606792212
0.610945463
0.607840300
0.606462955
0.613076687
0.612441301
0.611644030
0.606450558
0.607709169
0.605648994
0.606604338
0.623126030
0.609223843
0.608271360
0.607189655
0.608391047
0.608272791
0.617225647
0.616098881
0.617885590
0.625020504
0.631649256
0.617638588
0.614784002
0.614344835
0.616816998
0.615856171
0.621463537
0.617769480
0.621354818
0.614965677
0.615846872
0.622362375
0.630984545
0.622280836
0.616875648
0.615216732
0.609593391
0.616477251
0.614949465
0.610351562
0.628407001
0.616921663
0.613135099
0.615837812
0.612951994
0.613443613
0.630275249
0.614551544
0.613282681
0.605566025
0.613753319
0.612740040
0.608262300
0.622961044
0.610306025
0.610665321
0.616841316
0.607517242
0.608737946
0.599925756
0.610867739
0.609386683
0.605173588
0.608320951
0.611143589
0.605105877
0.604767084
0.610863924
0.613903761
0.606046677
0.602854967
0.609974623
0.618904114
0.604386330
0.608154058
0.612301111
0.598394394
0.602185011
0.608417511
0.602996349
0.605779409
0.612235785
0.600610018
0.615835190
0.599277020
0.596328497
0.606679916
0.604168653
0.614336729
0.598516703
0.605984211
0.606431961
0.608026981
0.597624063
0.611188650
0.620500088
0.611473560
0.602097273
0.599294424
0.600889206
0.602444410
0.606375217
0.598086596
0.595006466
0.607439995
0.602975845
0.606393099
0.604748011
0.594164848
0.622594595
0.606444120
0.593335629
0.604192972
0.604203463
0.606398106
0.605192900
0.602209806
0.596716642
0.603569031
0.602719069
0.606452465
0.601428986
0.602724552
0.605870485
0.596670866
0.604967833
0.613906622
0.608331680
0.608311176
0.610618114
0.605921030
0.613816261
0.611794472
0.602246046
0.605801821
0.603419781
0.606595993
0.600549459
0.596396446
0.598712921
0.595954180
0.597987652
0.605180979
0.603024483
0.593728542
0.597498655
0.602849483
0.606848717
0.607158661
0.604652405
0.607115507
0.601104259
0.599639416
0.615161896
0.613081217
0.597721100
0.613677502
0.595975161
0.603994846
0.604772568
0.606904507
0.609258890
0.601165056
0.599397182
0.611349106
0.596049786
0.602708101
0.602765322
0.597002268
0.605984688
0.600721121
0.599972725
0.599353552
0.604165792
0.604295492
0.601833344
0.591460705
0.603734493
0.599006653
0.608133793
0.607019663
0.608908892
0.604753494
0.606072187
0.604003429
0.597163439
0.599816322
0.602801085
0.624403477
0.610834122
0.625271559
0.614337921
0.596436024
0.610901833
0.606183052
0.605719328
0.596470356
0.603456736
0.597757816
0.605805874
0.608264923
0.602540016
0.603832483
0.598785639
0.603878260
0.612587452
0.604610682
0.608691931
0.609576225
0.606334686
0.602420092
0.610756397
0.601078510
0.604827404
0.601958275
0.598224401
0.600193977
0.597884655
0.604146481
0.600743294
0.597209692
0.603689909
0.603530169
0.609009743
0.609552860
0.601745129
0.601783276
0.613800287
0.602729559
0.604731321
0.600796223
0.601716518
0.613309860
0.598135471
0.608407497
0.607005119
0.599226713
0.610311270
0.610039711
0.606019735
0.604201555
0.617197037
0.600951433
0.607026100
0.601644754
0.612195015
0.603108883
0.601363897
0.604337931
0.616689920
0.606541634
0.603735209
0.602700472
0.601508141
0.603964090
0.600148439
0.602853775
0.603661299
0.600503206
0.605690479
0.601694822
0.606554747
0.610247135
0.602045774
0.606677532
0.604254723
0.605164289
0.599026918
0.602191925
0.601214409
0.603706837
0.603924274
0.601192474
0.604798794
0.603590012
0.600225449
0.604582548
0.599642515
0.601682186
0.609166145
0.602549076
0.621659279
0.601712704
0.606345654
0.612429380
0.597797394
0.615274668
0.589390516
0.597337723
0.609201431
0.609142065
0.600830793
0.621261597
0.607584000
0.599581957
0.596636772
0.599856615
0.596832514
0.602694035
0.614092350
0.605344534
0.614732742
0.603968382
0.606260538
0.604952574
0.607308626
0.600357533
0.599299908
0.598219872
0.614097834
0.605374098
0.604787827
0.602548361
0.613351822
0.609043598
0.589869976
0.606377840
0.595666409
0.608218670
0.595780849
0.605162859
0.606510639
0.622982025
0.601940870
0.606558561
0.618036270
0.622224808
0.596459150
0.611053944
0.605076313
0.616971016
0.604216814
0.604012012
0.602516174
0.607452154
0.613400459
0.600677013
0.598773003
0.626432896
0.598319530
0.603962421
0.612108231
0.615752459
0.604792595
0.618158102
0.613546848
0.615779638
0.599033356
0.597877502
0.605013847
0.598682642
0.599351406
0.598555803
0.605914354
0.602353811
0.602941751
0.601327181
0.603430510
0.620887041
0.604645252
0.601934195
0.609682083
0.597813129
0.602557659
0.600539923
0.608514547
0.607343674
0.610325813
0.612943411
0.607273817
0.614682674
0.601905823
0.606540918
0.614244461
0.593736172
0.602183104
0.612223864
0.617604494
0.596668005
0.607414722
0.607715845
0.612000465
0.607306957
0.610451698
0.616451979
0.601836205
0.611413240
0.614021540
0.604008675
0.605995893
0.597908020
0.610494852
0.614430189
0.604833841
0.600987196
0.612453461
0.598664999
0.613027096
0.612201214
0.605543375
0.602944136
0.614994049
0.606903315
0.600125790
0.618936062
0.615327120
0.603206158
0.607245684
0.609495401
0.602564573
0.608592987
0.611846685
0.597709656
0.613198519
0.613121271
0.617081642
0.599528551
0.613733292
0.634925842
0.616282940
0.607143879
0.612653732
0.610500574
0.597272158
0.614798307
0.616012096
0.608833075
0.617253542
0.604760408
0.619359016
0.604380608
0.618186951
0.605377436
0.601030827
0.613920927
0.614720345
0.602497101
0.611716509
0.616308689
0.608589888
0.598134518
0.613444328
0.610248566
0.598701477
0.605435610
0.611483097
0.600193977
0.611504316
0.608335257
0.605915308
0.612672806
0.602119207
0.606944323
0.615483761
0.608850718
0.607005119
0.611873627
0.607394934
0.603645802
0.607539177
0.613173008
0.610359669
0.600681305
0.612462759
0.616874218
0.603745937
0.613173485
0.612298727
0.610149622
0.617717505
0.616223335
0.601551056
0.613314867
0.599834442
0.606141090
0.611120939
0.604549646
0.601067781
0.608332396
0.613587856
0.614157677
0.603789330
0.612237453
0.612700462
0.600397110
0.616375923
0.613766909
0.606507540
0.610957146
0.611893892
0.608441114
0.602475166
0.610410452
0.613852262
0.604763985
0.615149975
0.619877815
0.603575706
0.610626698
0.609075546
0.608877659
0.613325119
0.611321926
0.615842342
0.599342108
0.620682955
0.608232737
0.603223085
0.612418890
0.602095842
0.601027250
0.617760420
0.618937731
0.614617109
0.607134342
0.607342482
0.613280058
0.613726377
0.605863810
0.612130880
0.604699373
0.602658510
0.611359358
0.596543789
0.603907108
0.615905762
0.605005503
0.606665134
0.614490271
0.603957176
0.602611303
0.600315809
0.606665850
0.612777233
0.620408297
0.617229462
0.618734598
0.608067751
0.611275434
0.619309664
0.613898993
0.613377571
0.604599714
0.604251862
0.626709223
0.613510847
0.611051798
0.613785744
0.613927364
0.613628387
0.611284494
0.605481863
0.615137339
0.602724791
0.614562511
0.612950802
0.603274107
0.614798546
0.605025530
0.609455347
0.599150658
0.607692242
0.614497662
0.621148586
0.611446142
0.611870050
0.607947111
0.601419926
0.604308367
0.611888409
0.628009081
0.601791382
0.613107920
0.611935854
0.607802391
0.609752178
0.616343737
0.614747286
0.609032154
0.612698317
0.619643688
0.600230217
0.611072540
0.608576536
0.614894629
0.610426426
0.608590841
0.614520073
0.607085943
0.613687754
0.610494852
0.604493380
0.617118120
0.611715317
0.611724138
0.605102062
0.616263866
0.615820885
0.613193989
0.604410887
0.613619328
0.601362705
0.604911089
0.621786594
0.615731478
0.628256559
0.608261824
0.604893684
0.606881857
0.629405022
0.609925747
0.604935408
0.618795156
0.598865747
0.607670307
0.608495951
0.611735106
0.613879681
0.629734993
0.623897076
0.603218079
0.620922565
0.616331577
0.613678932
0.603303909
0.614515543
0.610449076
0.607706547
0.606880188
0.609663248
0.617109776
0.604509115
0.616459131
0.618574381
0.622833014
0.616514206
0.604305506
0.608128309
0.617856503
0.618208408
0.607700586
0.610375881
0.603296280
0.604956150
0.617415428
0.614354849
0.614600182
0.602919340
0.613931179
0.612849951
0.613302231
0.637326002
0.603547335
0.615524530
0.619597673
0.610490799
0.634733200
0.626085758
0.615242958
0.602212667
0.606945038
0.606032133
0.621567249
0.607171535
0.621236086
0.625105381
0.613430262
0.602750063
0.612604856
0.604651213
0.614654779
0.603919029
0.617115259
0.618526936
0.611192465
0.602874756
0.612961531
0.616832733
0.601371527
0.619045973
0.619005919
0.597140312
0.609462738
0.607807159
0.602314711
0.617632866
0.609390020
0.614659309
0.613452911
0.606786489
0.610844135
0.612580776
0.606088400
0.595399380
0.612489700
0.598676920
0.617324829
0.609702110
0.608209610
0.597514153
0.613025427
0.600658655
0.600613832
0.613337278
0.602123499
0.599532604
0.598183155
0.597212791
0.610924482
0.604200125
0.608067274
0.597486973
0.594759464
0.617939949
0.610292196
0.597085714
0.608894348
0.608288765
0.608868837
0.615685701
0.605594397
0.609140635
0.603966475
0.597102880
0.607565165
0.608874083
0.602587700
0.623502493
0.602044344
0.603527546
0.612281561
0.609984398
0.601228237
0.602410316
0.598812580
0.618040085
0.613786936
0.607241631
0.612772465
0.607513428
0.607426882
0.609686852
0.616714478
0.614284754
0.616805553
0.613844395
0.608300686
0.606988907
0.611263037
0.617705107
0.612794638
0.613420010
0.610512257
0.614824772
0.615765572
0.621897697
0.610780954
0.637029409
0.610913992
0.618393421
0.608390808
0.619006634
0.614940405
0.619172096
0.612061024
0.614217281
0.620066166
0.609302759
0.611323357
0.617105484
0.618434906
0.618748665
0.626009703
0.611619949
0.609375238
0.611013651
0.613415718
0.612034321
0.609630585
0.618302584
0.614389420
