0.011029720
0.011276722
0.011234999
0.011292696
0.011244297
0.011238813
0.011344433
0.011318445
0.011234999
0.011183262
0.011139870
0.011134863
0.011148453
0.011106730
0.011131287
0.011117220
0.011168957
0.011198759
0.011175394
0.011186123
0.011123657
0.011107683
0.011132479
0.011100054
0.011127710
0.011109352
0.011113405
0.011131048
0.011137009
0.011164188
0.011173487
0.011107445
0.011139870
0.011113882
0.011131525
0.011105776
0.011126995
0.011115074
0.011133194
0.011095524
0.011109352
0.011131048
0.011145592
0.011126518
0.011156321
0.011114120
0.011154175
0.011105061
0.011116266
0.011114597
0.011152983
0.011230230
0.011171818
0.011188030
0.011124372
0.011116743
0.011124372
0.011168480
0.011131048
0.011134624
0.011132479
0.011174679
0.011137247
0.011141062
0.011138678
0.011141062
0.011127234
0.011162281
0.011167526
0.011156321
0.011135101
0.011168242
0.011279821
0.011461496
0.011306524
0.011280060
0.011249542
0.011181593
0.011212349
0.011224985
0.011258841
0.011157036
0.011190653
0.011220694
0.011169910
0.011169910
0.011196852
0.011179447
0.011131048
0.011158705
0.011197567
0.011143446
0.011167765
0.011147022
0.011152983
0.011228085
0.011281252
0.011138678
0.011118650
0.011135817
