0.363539219
0.358424902
0.366945267
0.359097004
0.351118326
0.361444235
0.350293398
0.367546082
0.358433962
0.371372223
0.360044956
0.356047392
0.362183809
0.354757071
0.360356092
0.355413198
0.377301455
0.365217447
0.379174709
0.357761145
0.352414846
0.356124878
0.354125977
0.354734659
0.365138054
0.356985569
0.354767799
0.374750614
0.353111267
0.356912613
0.354742527
0.365791321
0.362102032
0.360147715
0.365575790
0.362985134
0.369398594
0.360638142
0.350908041
0.368170261
0.351671457
0.366352797
0.359905958
0.356994867
0.364912987
0.357559681
0.377234697
0.364960432
0.367633820
0.367815256
0.353000879
0.374918938
0.363075256
0.353985071
0.355101824
0.354619026
0.363547087
0.355630398
0.362421036
0.356966496
0.369343758
0.364342690
0.356426001
0.358707428
0.353816271
0.358975649
0.372164011
0.356385469
0.374422789
0.356331587
0.362249851
0.362507820
0.353080511
0.356472731
0.358979464
0.361611605
0.371480227
0.360873699
0.351901293
0.353821993
0.353908062
0.362716198
0.365996122
0.354691505
0.360908031
0.351338863
0.366290808
0.361389160
0.349173069
0.353875399
0.373302698
0.350909948
0.351844549
0.361643076
0.351716280
0.367257357
0.352616310
0.349851847
0.360485077
0.364098310
0.358559132
0.355507135
0.363334894
0.356968403
0.357788801
0.361955166
0.357860804
0.356511354
0.362217903
0.350332737
0.356599092
0.348344803
0.362751484
0.362982273
0.375192404
0.358496428
0.375895023
0.359983444
0.350189447
0.360098600
0.369589806
0.356171608
0.353627205
0.355162144
0.359536886
0.389691591
0.353072405
0.376796484
0.359028339
0.354902506
0.354019403
0.350545168
0.356535673
0.359869242
0.347710848
0.357589006
0.369382143
0.352898359
0.378767490
0.358714342
0.355878592
0.367620468
0.351361990
0.357790232
0.356273174
0.354676723
0.353804588
0.376527786
0.356932402
0.355170012
0.366468906
0.350102186
0.374908209
0.363160610
0.364303589
0.366349220
0.348411560
0.358503103
0.351681471
0.358548164
0.353643417
0.356246710
0.352360725
0.363846540
0.355762005
0.359566689
0.350821257
0.384299994
0.355092764
0.375064135
0.354644775
0.370877743
0.363907099
0.362129211
0.348942995
0.355539799
0.376341105
0.358923197
0.374599457
0.361930132
0.354179859
0.359153271
0.355349541
0.370702744
0.357014179
0.378094435
0.359158754
0.351561546
0.358183384
0.349649429
0.355092764
0.353141546
0.357540846
0.350664616
0.355877638
0.352346420
0.376475811
0.371768236
0.359997034
0.355702400
0.364046574
0.349791050
0.350219965
0.352085590
0.366867781
0.351368189
0.361608744
0.353557825
0.352114439
0.350314379
0.355811596
0.350819588
0.363027573
0.349378824
0.349555731
0.351442099
0.356745481
0.350774765
0.351476908
0.348289251
0.357246637
0.355871677
0.363385916
0.355394363
0.352151155
0.352484703
0.352344513
0.355983257
0.358946800
0.352578163
0.357171059
0.364216089
0.353384256
0.358271122
0.352181911
0.359144211
0.352236271
0.361730099
0.351911068
0.365224123
0.358573437
0.355748653
0.355757236
0.354176521
0.360155344
0.360352516
0.357232571
0.359919310
0.354102135
0.348992109
0.353184462
0.356411695
0.362593412
0.352852821
0.348169088
0.370215178
0.361853600
0.353768587
0.357037783
0.351562500
0.355551720
0.358012438
0.366105795
0.356438160
0.354681730
0.350001812
0.358833075
0.354256153
0.355738640
0.347871542
0.355407715
0.356872320
0.355769634
0.360239744
0.353438854
0.356257677
0.353738308
0.353150845
0.352271318
0.354393721
0.361058950
0.356911182
0.351644754
0.354356527
0.351459026
0.358416080
0.361171484
0.361558914
0.351111174
0.360409498
0.350395918
0.361240149
0.353432178
0.353516817
0.350065947
0.353503942
0.355597258
0.364246368
0.355731726
0.358434916
0.351268530
0.360389233
0.365753412
0.361860752
0.353167295
0.354823589
0.367429495
0.350496531
0.349572659
0.350390673
0.351019382
0.356571674
0.355329990
0.374110937
0.364616394
0.369140148
0.354124308
0.363681555
0.363019466
0.358749390
0.369494915
0.352947950
0.353710890
0.352374792
0.358517885
0.355891705
0.352696180
0.354139805
0.353081465
0.362028360
0.352585793
0.361010551
0.363789558
0.354786634
0.356097937
0.363058567
0.358633518
0.347947598
0.353516340
0.352509260
0.351480484
0.351965427
0.358115435
0.363657236
0.379805565
0.356761456
0.352296352
0.348804951
0.371807814
0.352362394
0.376364470
0.358743668
0.363020897
0.362868786
0.356535912
0.355537653
0.360074759
0.353800535
0.352257490
0.350924253
0.359811306
0.350337029
0.352530003
0.353900909
0.344145536
0.349912405
0.352538347
0.363808870
0.354466200
0.344595432
0.346754551
0.355194569
0.354473352
0.366847515
0.361268997
0.354237556
0.349671841
0.354933977
0.353840113
0.361311913
0.352577209
0.353276730
0.352277756
0.352995872
0.357725620
0.353330374
0.385947227
0.354268789
0.380197287
0.356004953
0.354659796
0.356473923
0.368666410
0.350271940
0.350067139
0.346680880
0.350811958
0.347535610
0.351610661
0.350382328
0.354875088
0.347696304
0.373306274
0.341782570
0.352199793
0.356172085
0.344295740
0.358557463
0.360334873
0.361861944
0.348910332
0.347947359
0.353279114
0.346775055
0.347748756
0.357406616
0.355716944
0.351403236
0.350572586
0.348699808
0.359639406
0.362479925
0.362745047
0.364540577
0.349686623
0.356322765
0.345937014
0.355953693
0.348560095
0.349497080
0.375262499
0.346697569
0.359990597
0.345059156
0.348964214
0.347930193
0.361764669
0.346549511
0.356966019
0.345976591
0.347788572
0.345937967
0.357541800
0.367246866
0.354912043
0.341156721
0.364228487
0.355130911
0.359035730
0.355061054
0.357826233
0.346804380
0.356630564
0.348542929
0.355855942
0.354579210
0.368632078
0.353264809
0.371650934
0.361095667
0.364373446
0.361951113
0.353945494
0.361007929
0.353707314
0.363276482
0.352064610
0.365792751
0.361753225
0.358936787
0.369937897
0.371098280
0.341655731
0.356232166
0.348646164
0.352455378
0.351193666
0.351184368
0.342993021
0.351279497
0.351855516
0.354294062
0.352512836
0.354827642
0.365568161
0.353554964
0.345309496
0.356755733
0.354762793
0.351860046
0.350083351
0.351912498
0.346960783
0.354485273
0.349432945
0.353360176
0.345687628
0.367492676
0.356973886
0.356292486
0.363147974
0.347727776
0.350095034
0.351025820
0.350524187
0.365060568
0.361114502
0.354186058
0.364240408
0.348986149
0.372827768
0.354982376
0.356657743
0.353385687
0.364180565
0.365665436
0.374632597
0.355787754
0.351376534
0.357607365
0.346241713
0.357574224
0.351551533
0.355525970
0.356106997
0.353727102
0.353210926
0.348866701
0.356475592
0.351188660
0.356672764
0.348330021
0.361417770
0.348668098
0.360903978
0.347804308
0.362877131
0.348386765
0.368242025
0.349260092
0.351894855
0.348426819
0.351389170
0.360634089
0.348266602
0.346293688
0.345147610
0.350275993
0.355669260
0.371821880
0.358023167
0.360105753
0.351823092
0.378468752
0.350529194
0.354327202
0.352830410
0.355009794
0.347495556
0.357269764
0.352739573
0.356730700
0.352881670
0.352085352
0.350824833
0.351557016
0.365558386
0.359172106
0.364538431
0.354600191
0.367741346
0.353508711
0.348043442
0.348194838
0.366786718
0.371068716
0.347863674
0.355678082
0.359009266
0.358051062
0.351915836
0.354235888
0.359590292
0.354021311
0.355560541
0.346787453
0.347503424
0.365759373
0.373395205
0.348419428
0.351211309
0.348848581
0.350612402
0.354197025
0.348304749
0.355000734
0.350151300
0.355661631
0.375824928
0.388375282
0.362489462
0.357525587
0.361304760
0.353869677
0.360817909
0.366014719
0.350852013
0.347341061
0.357477427
0.356364727
0.368966103
0.352230787
0.362518072
0.355861187
0.374060869
0.350693941
0.348970413
0.363884926
0.352005720
0.352862120
0.351993561
0.343911409
0.350100517
0.374600410
0.342978716
0.347676516
0.351031303
0.349277735
0.349031210
0.349208355
0.344824314
0.342666626
0.352245569
0.353165865
0.353429794
0.354565859
0.350113392
0.386251926
0.353217363
0.350557566
0.362044573
0.351182938
0.365764618
0.358424664
0.347836494
0.348749399
0.354244947
0.346395493
0.351875544
0.345006943
0.353138924
0.345782280
0.346974611
0.352352858
0.344197273
0.349228859
0.349942446
0.351883411
0.348973989
0.355067730
0.359203815
0.348434448
0.365012884
0.343516827
0.350516796
0.363658190
0.354107618
0.348899841
0.359548330
0.344442844
0.349710226
0.350425720
0.347809315
0.349048615
0.344645023
0.351470470
0.356658936
0.355810642
0.363898039
0.347435951
0.348338366
0.344018221
0.350919485
0.345858812
0.349417210
0.353355885
0.369980574
0.346746922
0.358254910
0.369683027
0.353639841
0.346897364
0.346180677
0.346213341
0.343118191
0.349182129
0.358808994
0.348647118
0.349283457
0.349426746
0.348319292
0.352650642
0.358464003
0.361714363
0.357531548
0.359920740
0.352988482
0.348655939
0.354370594
0.353935242
0.358690977
0.350544930
0.347834349
0.347688675
0.356734276
0.348614931
0.355143309
0.353188276
0.352211475
0.363789558
0.355144501
0.348019838
0.357043743
0.354696989
0.353606701
0.371710062
0.347333908
0.348485708
0.353701115
0.371411800
0.349472284
0.358514309
0.349115372
0.356940269
0.348817110
0.361167192
0.353653431
0.354353428
0.348035097
0.352610588
0.348497152
0.360367298
0.369710207
0.353018761
0.350751638
0.365091801
0.372210264
0.360157490
0.350852251
0.369058847
0.371790648
0.355470181
0.360959530
0.366043806
0.346208334
0.366492510
0.357488632
0.355641127
0.344280481
0.356073141
0.352232456
0.357786655
0.346415043
0.354172945
0.345973969
0.353907585
0.354260921
0.375661373
0.356798410
0.360431910
0.349668026
0.346179485
0.356524706
0.356649637
0.355449200
0.360632420
0.355633497
0.347296000
0.358854532
0.371189356
0.353800774
0.350074768
0.352453947
0.352896452
0.354507923
0.362013578
0.368328333
0.355085373
0.368075848
0.355259657
0.347213745
0.347185135
0.365047455
0.358269453
0.348043680
0.356197357
0.373839378
0.358101368
0.360163689
0.368182421
0.364209175
0.360213995
0.365787745
0.364616632
0.351501942
0.356360674
0.366493940
0.349295139
0.365705013
0.352242708
0.347011328
0.350149632
0.363035917
0.345791101
0.356807232
0.350704670
0.349785089
0.347116947
0.369258404
0.351251841
0.350891590
0.350551605
0.347158432
0.349578857
0.349801064
0.347035170
0.344901800
0.351732731
0.353752136
0.355507374
0.361623526
0.356256008
0.350110292
0.345736742
0.343623638
0.349406958
0.350849390
0.353342772
0.369417429
0.352763891
0.366016150
0.345587254
0.356173277
0.353930235
0.344879866
0.354967356
0.352923155
0.350049734
0.378180981
0.346893072
0.353245497
0.347889662
0.349239588
0.344422102
0.357192993
0.344545603
0.357116938
0.345456362
0.355176449
0.350624323
0.352690697
0.348997116
0.356535435
0.362843275
0.351987362
0.369211197
0.349408150
0.351290703
0.349835157
0.368918180
0.348547220
0.342706203
0.345884323
0.346961260
0.348684072
0.346436739
0.359338760
0.358448505
0.369493723
0.356707335
0.351396084
0.356407881
0.350823164
0.374230623
0.354483128
0.359775305
0.344573736
0.351171970
0.352487803
0.352294207
0.350308895
0.367986917
0.350292444
0.372047424
0.347463608
0.348941088
0.365240574
0.360122919
0.350070238
0.350868702
0.356798887
0.341951609
0.349391937
0.361505032
0.363922119
0.350710392
0.359460354
0.374587774
0.351145029
0.352465868
0.349966764
0.352465153
0.347676754
0.372320175
0.352103949
0.353494644
0.343600988
0.355429649
0.347575903
0.350139618
0.351680994
0.360796690
0.351613283
0.358106613
0.351329565
0.350171328
0.357916594
0.364125967
0.358073235
0.349047899
0.360516310
0.346369982
0.376352787
0.352873325
0.355023861
0.351282358
0.360861063
0.359352112
0.360208750
0.349853992
0.362897158
0.357286692
0.347701788
0.350678921
0.346438169
0.352071285
0.345164537
0.361669779
0.346857786
0.351115465
0.364504576
0.356405497
0.366825819
0.353459120
0.365026236
0.362638235
0.357683420
0.354915142
0.341624498
0.351103783
0.346691132
0.348003149
0.344843388
0.357351542
0.361266136
0.358568668
0.352832556
0.357853651
0.366925240
0.354540110
0.350943089
0.354276657
0.350734949
0.348356247
0.349368811
0.352427244
0.352605343
0.354240179
0.346755028
0.353436232
0.346604109
0.342123747
0.360481262
0.347444057
0.354533911
0.350728989
0.352793455
0.364775896
0.349799633
0.356954813
0.362691641
0.351816416
0.364552259
0.365313530
0.354894400
0.359806061
0.354289532
0.349204063
0.358272552
0.351726532
