0.009150982
0.008722782
0.008669853
0.008765936
0.008646011
0.008660793
0.008615494
0.008673668
0.008616686
0.008637428
0.008669615
0.008661032
0.008699656
0.008701324
0.008787155
0.008942842
0.008851767
0.008942366
0.008931637
0.008708000
0.008681536
0.008804798
0.008654833
0.010069847
0.010364532
0.010350466
0.010374069
0.010376930
0.010362625
0.010379553
0.010335684
0.010351658
0.010347843
0.010306835
0.010278940
0.010292053
0.010231972
0.010291100
0.010279655
0.010432720
0.010293484
0.010257483
0.009405136
0.008681536
0.008678436
0.008650780
0.008629799
0.008657217
0.008602858
0.008631468
0.008607149
0.008658886
0.008659363
0.008695126
0.008692980
0.008683443
0.008652210
0.008676767
0.008705139
0.008679152
0.008689642
0.008720398
0.008669615
0.008661032
0.008640051
0.009182930
0.010355949
0.010342836
0.010372400
0.010373592
0.010348797
0.010337114
0.010334492
0.010341167
0.010357380
0.010313749
0.010329723
0.010264397
0.010268450
0.010262489
0.010298729
0.010301590
0.010289192
0.010290861
0.010317802
0.008726835
0.008714676
0.008625507
0.008668184
0.008611679
0.008636713
0.008604765
0.008644104
0.008613348
0.008677483
0.008632421
0.008637190
0.008610487
0.008646965
0.008727074
