0.275102139
0.009492397
0.005594969
0.004464626
0.004571199
0.004553318
0.004657745
0.051959991
0.006253481
0.004649878
0.004478216
0.004746675
0.004508734
0.004468203
0.004467487
0.001989603
0.006339550
0.004537582
0.004820347
0.004479170
0.004785776
0.004459620
0.004484177
0.002050638
0.006990433
0.004547358
0.004678965
0.004479408
0.004476309
0.004767418
0.005154610
0.002111435
0.006820440
0.004497290
0.004793406
0.004502773
0.004469872
0.004480362
0.004482269
0.001986742
0.007111311
0.004559994
0.004474401
0.004476547
0.004490614
0.004472733
0.004464865
0.002093554
0.006667376
0.004496813
0.004513264
0.004480839
0.004480362
0.004452944
0.004459143
0.002029896
0.006698608
0.004499435
0.004496574
0.004493475
0.004482031
0.009972811
0.004487514
0.007609844
0.007130384
0.004521847
0.004482985
0.004482269
0.004470825
0.004462719
0.004476786
0.001926422
0.006916285
0.004532337
0.004467487
0.004480600
0.004470348
0.004468679
0.004470587
0.001928568
0.006447554
0.004517078
0.004466295
0.004487276
0.004469633
0.004454374
0.004452467
0.001935005
0.007170677
0.004516602
0.004482031
0.004472256
0.004476547
0.004726648
0.004467964
0.002463818
0.006708384
0.004488707
0.004484892
0.004476070
0.004486561
0.004827738
0.004476070
0.001943350
0.007329226
0.004515648
0.004488707
0.004476547
0.004464149
0.004449129
0.004467726
0.002092123
0.006525993
0.004493952
0.004476786
0.004482269
0.004469633
0.004672050
0.004476309
0.002117872
0.191581249
0.004702330
0.004493952
0.004473209
0.004465342
0.004462481
0.004449844
0.002060890
0.006253004
0.004479647
0.004466534
0.004481792
0.004462719
0.004891157
0.004459381
0.001998186
0.006914854
0.004481792
0.004484177
0.004471540
0.004470348
0.004455328
0.004452467
0.002125978
0.006984949
0.004489899
0.004462481
0.004464149
0.004471540
0.296334505
0.004692078
0.002175570
0.006673813
0.005454063
0.004478216
0.004475832
0.004466534
0.004876375
0.004463196
0.002394915
0.006893873
0.004493713
0.004464865
0.004552364
0.004465103
0.004462481
0.004449606
0.004692554
0.007043839
0.004528999
0.004515171
0.004480839
0.004476309
0.004465580
0.004461050
0.002253771
0.006980896
0.004486799
0.004477262
0.004463196
0.004466534
0.004473686
0.004466534
0.002134562
0.006417036
0.004494190
0.004488945
0.004475832
0.004477024
0.004470587
0.004466772
0.002225876
0.007439852
0.004732370
0.004645348
0.004540682
0.004493475
0.004490376
0.004488945
0.002201319
0.006920815
0.004523516
0.004486084
0.004501343
0.004466772
0.004473925
0.004477501
0.002429724
0.007126331
0.004481316
0.004495621
0.004494190
0.004517317
0.004467726
0.004464388
0.001926661
0.006868124
0.004542351
0.004468918
0.004503489
0.004984379
0.004621267
0.004475832
0.001948357
0.007076263
0.004523039
0.004504681
0.004514456
0.004466534
0.004470110
0.004464149
0.002045870
0.007460356
0.004523993
0.004501104
0.004470348
0.004441500
0.004460812
0.004474878
0.002106428
0.006939173
0.004480839
0.004464865
0.004464149
0.004461050
0.004466057
0.004480362
0.002223015
0.006707430
0.004488945
0.004476070
0.004478455
0.004457712
0.005473137
0.004604578
0.002001762
0.007338762
0.004528046
0.004491806
0.004524946
0.004812956
0.004477501
0.004762888
0.002038002
0.007102013
0.004485846
0.004527092
0.004471779
0.004467964
0.004452705
0.004484177
0.002172709
0.007122993
0.005258322
0.004470348
0.004464149
0.004480362
0.004733562
0.004457474
0.005258560
0.006832361
0.004513502
0.004478693
0.004482508
0.004499674
0.004460096
0.004460573
0.001940012
0.006634235
0.004522800
0.004504442
0.004465580
0.004470348
0.004469156
0.004470348
0.001915932
0.007081032
0.004503727
0.004512072
0.004486799
0.004461765
0.004447937
0.004449844
0.002097368
0.007441521
0.004526854
0.004476309
0.004477501
0.004468203
0.004452944
0.004452944
0.002024889
0.006921530
0.004490852
0.004473209
0.004476786
0.004471064
0.004470825
0.004441500
0.001862049
0.006799698
0.004508257
0.004467726
0.004447699
0.004453421
0.004517317
0.004477262
0.002059698
0.006604195
0.004512548
0.004482508
0.004473686
0.004468918
0.004464388
0.004464865
0.001933575
0.006625652
0.004500151
0.004458189
0.004467726
0.004457474
0.004466057
0.004447699
0.002405167
0.006543875
0.004508495
0.004467249
0.004462957
0.004466295
0.004689693
0.004465580
0.001938581
0.006923437
0.004506588
0.004474640
0.004478693
0.004465818
0.004458904
0.004446983
0.002043247
0.006568432
0.004502296
0.004483461
0.004465342
0.004457235
0.004468203
0.004459143
0.001939774
0.006968737
0.004486561
0.004464149
0.004489183
0.004450798
0.004517078
0.004482031
0.002805471
0.005840778
0.005595207
0.004490614
0.004494905
0.004465818
0.004471302
0.004494190
0.003374577
0.006779671
0.004540205
0.004455566
0.004508257
0.004461527
0.004469156
0.004456758
0.001918077
0.006846666
0.004490376
0.004523039
0.004477739
0.004476070
0.004471302
0.004470825
0.002262831
0.006868124
0.004501820
0.004470587
0.004469872
0.004480600
0.004467487
0.004481077
0.002347469
0.006812334
0.004511595
0.004532576
0.004475117
0.004467964
0.004458427
0.004449606
0.002105474
0.006567955
0.004539251
0.004485130
0.004478455
0.004470825
0.004459620
0.004461765
0.001976967
0.006947517
0.004494667
0.004475832
0.004480124
0.004491091
0.004471064
0.004469633
0.002137661
0.007578850
0.004491329
0.004494667
0.005037546
0.004467249
0.004467487
0.004460096
0.002055168
0.007000208
0.004520178
0.004481316
0.004477739
0.004475355
0.004473925
0.004467726
0.001931429
0.006913900
0.004514217
0.004467249
0.004456282
0.004482508
0.004472256
0.004461288
0.002106667
0.006970406
0.004526615
0.004482269
0.004457235
0.004475355
0.004474163
0.004469633
0.001935720
0.006488323
0.004511118
0.004476309
0.004470825
0.004479647
0.004467726
0.004477024
0.001929760
0.007221222
0.004520416
0.004487276
0.004491329
0.004484892
0.004472733
0.004496574
0.002261400
0.007851362
0.004509926
0.004534483
0.004482746
0.004465342
0.004459858
0.004472017
0.001993418
0.007084370
0.004509687
0.004462719
0.004458666
0.004454136
0.004460573
0.004472256
0.002168417
0.006745338
0.004510641
0.004471540
0.004472494
0.004460812
0.004475832
0.004474640
0.001938343
0.006937742
0.004481077
0.004460573
0.004504442
0.004460812
0.004462242
0.004459620
0.002140522
0.007211447
0.004543543
0.004485130
0.004548073
0.004490376
0.004480839
0.004486084
0.002562523
0.006875277
0.004485607
0.004494667
0.004476547
0.004458904
0.004468679
0.004472971
0.002157688
0.006714106
0.004503250
0.004465103
0.004467964
0.004459858
0.004457474
0.004465342
0.002290964
0.006932020
0.004507303
0.004452705
0.004470587
0.004451513
0.004469156
0.004454374
0.002132654
0.006996155
0.004508972
0.004480362
0.004477262
0.004477262
0.004976273
0.004475594
0.001933575
0.007155895
0.004497766
0.004473925
0.004482031
0.004478931
0.004475355
0.004470825
0.001945019
0.006981611
0.004553080
0.004513264
0.004496098
0.004475594
0.004461527
0.004464149
0.002074480
0.006849289
0.004501343
0.004502773
0.004476309
0.004473209
0.004482269
0.004456758
0.002029419
0.007150173
0.004534245
0.004467010
0.004461288
0.004452705
0.004467249
0.004465342
0.002175093
0.006761789
0.004521132
0.004481316
0.004467964
0.004473448
0.004470825
0.004466772
0.002050877
0.006711006
0.004478455
0.004465103
0.004471540
0.004475355
0.004475355
0.004487991
0.002190828
0.007028103
0.004518270
0.004461288
0.004462481
0.004533291
0.004479647
0.004474401
0.002246618
0.007084846
0.004572868
0.004507303
0.004464388
0.004485846
0.004459143
0.004462481
0.002073050
0.007401466
0.004512310
0.004502058
0.004487276
0.004487038
0.004469156
0.004462004
0.002043247
0.007157803
0.004502058
0.004522085
0.004510880
0.004476309
0.004471779
0.004451036
0.002089977
0.006974936
0.004518747
0.004477024
0.004465580
0.004476786
0.004484177
0.004471064
0.002129555
0.007271051
0.004484892
0.004494429
0.004478455
0.004454613
0.004487514
0.004466295
0.001936436
0.007016420
0.004501343
0.004497766
0.004474640
0.004478216
0.004472733
0.004466534
0.002169609
0.007433414
0.004509687
0.004472971
0.004482746
0.004472971
0.004488945
0.004471540
0.002452850
0.006990910
0.004523516
0.004453421
0.004467010
0.004463196
0.004475117
0.004476309
0.002149582
0.006966114
0.004490614
0.004464865
0.004462004
0.004473448
0.004444599
0.004455328
0.002040386
0.007047415
0.004498959
0.004485846
0.004503489
0.004456997
0.004457474
0.004455566
0.002103329
0.006972313
0.004494429
0.004478216
0.004449368
0.004464388
0.004457474
0.004468679
0.002196550
0.006618261
0.004518270
0.004475355
0.004476309
0.004468441
0.004440546
0.004459143
0.002092123
0.006563663
0.004512310
0.004487038
0.004478693
0.004460812
0.004460335
0.004466295
0.002007008
0.006963015
0.004483461
0.004465342
0.004473209
0.004465103
0.004462242
0.004452467
0.002037764
0.006541252
0.004528046
0.004502773
0.004458189
0.004454613
0.004469156
0.004461288
0.002106667
0.006639004
0.004493237
0.004474878
0.004467249
0.004475355
0.004476786
0.004471302
0.001950979
0.007012844
0.004526138
0.004478931
0.004496098
0.004559517
0.004660845
0.004456520
0.002185345
0.006954908
0.004481316
0.004489899
0.004461527
0.004463911
0.004464149
0.004466057
0.001943588
0.006876230
0.004484177
0.004466057
0.004471302
0.004459381
0.004465103
0.004475832
0.002158642
0.006899118
0.004486561
0.004523277
0.004464388
0.004475832
0.004505873
0.004463196
0.002082586
0.005712032
0.005452871
0.004473686
0.004480839
0.004472017
0.004457235
0.004467249
0.001938581
0.007253647
0.004517794
0.004501343
0.004501581
0.004444122
0.004458904
0.004460812
0.002132416
0.006649494
0.004493713
0.004466772
0.004480600
0.004475117
0.004453897
0.004471302
0.001947403
0.005808353
0.005318403
0.004510403
0.004472017
0.004462719
0.004449368
0.004466295
0.002164602
