2.566788197
0.805796862
0.805261135
0.830009460
0.761961937
0.813213110
0.817576408
0.820554972
0.811752081
0.817471266
0.792995214
0.789443016
0.780969381
0.811701775
0.791783810
1.010368586
0.987418890
0.828538179
1.098554611
0.824662685
0.788157463
0.720477819
0.792357445
0.785815477
0.752477169
0.819147110
0.806941509
0.812289953
0.810261250
0.829140902
0.770256996
0.788805485
0.797109604
0.813193798
0.814480543
0.772889137
0.813063860
0.782430172
0.818741798
0.765740156
0.795998335
0.770009041
0.779920578
0.791316986
0.802201748
0.797073126
0.781784773
0.801196098
0.794373274
0.778042078
0.804544449
0.806057215
0.820120096
0.739155293
0.808249712
0.795214653
0.828237057
0.760373831
0.819148302
0.787562609
0.813539028
0.751623154
0.798201084
0.789136887
0.825460911
0.800222158
0.808304310
0.793665886
0.736013889
0.777233839
0.781303644
0.788083315
0.813611031
0.790207863
0.779510736
0.775681257
0.819564342
0.808447361
0.805108070
0.781063080
0.766069412
0.749247074
0.807168245
0.768789530
0.821709633
0.759236813
0.810783148
0.767274380
0.782597542
0.820374012
0.814399481
0.793458939
0.838633776
0.796407700
0.837816477
0.792353630
0.814456463
0.799960375
0.823261499
0.838498831
