0.002374172
0.001117468
0.001144886
0.001131535
0.001162529
0.001092434
0.001163244
0.001176119
0.001173735
0.001108885
0.001109362
0.001129866
0.001265526
0.001121044
0.001128435
0.001104355
0.001151085
0.001100302
0.001094580
0.001142025
0.001191616
0.001162052
0.001161814
0.001130104
0.001150131
0.001104832
0.001171350
0.001110077
0.001176596
0.001193047
0.001268864
0.001093864
0.001142979
0.001157045
0.001258373
0.001115322
0.001143217
0.001133442
0.001155138
0.001087427
0.001199484
0.001144886
0.001137257
0.001097679
0.001140356
0.001106501
0.001205206
0.001086950
0.001160145
0.001091003
0.001152515
0.001085758
0.001115799
0.001089811
0.001105547
0.001147270
0.001085758
0.001151800
0.001094103
0.001166582
0.001100779
0.001082897
0.001137018
0.001092434
0.001169682
0.001147985
0.001094818
0.001164198
0.001130342
0.001090288
0.001193523
0.001075983
0.001196861
0.001141071
0.001175880
0.001109123
0.001196623
0.001100779
0.001195431
0.001091242
0.001090050
0.001087189
0.001114368
0.001113176
0.001109838
0.001093864
0.001129389
0.001080036
0.001117468
0.001105309
0.001136780
0.001081705
0.001148462
0.001092911
0.001201868
0.001094580
0.001144648
0.001082182
0.001152515
0.001128912
0.001121044
0.001114607
0.001094103
0.001096487
0.001131535
0.001094818
0.001080990
0.001102209
0.001095533
0.001086473
0.001091957
0.001096964
0.001097441
0.001144648
0.001101732
0.001080751
0.001101255
0.001078129
0.001091242
0.001095533
0.001083374
0.001103401
0.001086473
0.001086473
0.001079798
0.001088142
0.000584126
