0.215662479
0.009751797
0.004516602
0.003163338
0.002616882
0.002733946
0.002649069
0.093446255
0.005874872
0.003595591
0.002739191
0.003372669
0.002674818
0.002940416
0.002657652
0.001743793
0.006812096
0.002871037
0.002641201
0.002806902
0.002620935
0.002943993
0.002615213
0.001806736
0.004923344
0.003510475
0.003103971
0.003158092
0.002969027
0.002843380
0.002619743
0.001554489
0.005441904
0.003031254
0.002620220
0.003201723
0.002609253
0.002609491
0.002606869
0.001894236
0.005706549
0.002679586
0.003327608
0.002646208
0.002959728
0.002620697
0.002617836
0.001756191
0.204424143
0.003483295
0.002893686
0.003061295
0.002953768
0.002603054
0.002613068
0.001523972
0.006101847
0.003750563
0.003005743
0.003000975
0.002625465
0.002948999
0.002616644
0.002338409
0.005811453
0.002751589
0.002899170
0.002871037
0.002626657
0.002614260
0.002904177
0.002053976
0.005735159
0.003098488
0.002663136
0.003057957
0.002622604
0.002609491
0.002929449
0.001598120
0.004523277
0.003926992
0.002637863
0.002758980
0.002957106
0.002620697
0.002845287
0.001465559
0.005549192
0.002778530
0.002804279
0.002703905
0.002614737
0.002617836
0.002621889
0.001879930
0.006384611
0.002747059
0.002637625
0.002759218
0.002628088
0.002613544
0.002606392
0.001826048
0.005841970
0.002914906
0.005217552
0.003579378
0.002696514
0.003042459
0.002697706
0.001809835
0.005694389
0.003015995
0.002891302
0.002862453
0.002831459
0.002623081
0.002620459
0.002076864
0.005489349
0.003088951
0.005171537
0.002966404
0.002615452
0.002618551
0.002613306
0.001544952
0.005807400
0.006619930
0.002862930
0.002841711
0.002609491
0.002608061
0.002599955
0.001665354
0.005176306
0.003081560
0.002724171
0.002989769
0.002624512
0.002610683
0.002613783
0.001958847
0.005743027
0.003525496
0.002832651
0.002887487
0.002674341
0.002634048
0.002617359
0.001738787
0.005728483
0.002810717
0.002713680
0.002867937
0.002642393
0.002628326
0.002642870
0.001731634
0.005367279
0.002816677
0.002714634
0.002770424
0.002619982
0.002611637
0.002607107
0.001491785
0.006011724
0.003171444
0.002793789
0.002850771
0.002657652
0.002614021
0.002646208
0.001746893
0.005523443
0.002798796
0.002880096
0.002888680
0.002643824
0.002621889
0.002618790
0.001702309
0.005894899
0.002796173
0.002738714
0.002843380
0.002626419
0.002627850
0.002647638
0.001672268
0.005822659
0.002855301
0.002719402
0.002773523
0.002642870
0.002624512
0.002623081
0.001845121
0.006360769
0.003867626
0.002721310
0.002825260
0.002798796
0.002604008
0.002604485
0.001552105
0.005516768
0.002797604
0.002621889
0.002996445
0.002607584
0.002600431
0.002599001
0.001409054
0.005428553
0.002715588
0.003825188
0.002830744
0.002709389
0.002607584
0.002983809
0.001421690
0.005974531
0.002771616
0.002698421
0.002887011
0.002617121
0.002619267
0.002603054
0.001510859
0.006154060
0.003013849
0.002945662
0.002953291
0.002630949
0.002613544
0.002601147
0.001569510
0.005657673
0.002733946
0.002634048
0.002791643
0.002619028
0.002612829
0.002856255
0.001776457
0.005532980
0.002730131
0.002658606
0.002859592
0.003220797
0.002608061
0.002604723
0.001506805
0.005305529
0.003483772
0.002603054
0.002705812
0.002637148
0.002613544
0.002609730
0.001769543
0.005812407
0.002906322
0.002923489
0.002799034
0.002621412
0.002613306
0.002618551
0.001556873
0.005580902
0.003235817
0.002613544
0.002834797
0.002611876
0.002594948
0.002608538
0.001560211
0.005757570
0.002789497
0.002613544
0.002792597
0.003204823
0.002602816
0.002603292
0.001458168
0.005666971
0.002794504
0.002630949
0.002695560
0.002612114
0.002607822
0.002602816
0.001561642
0.006478786
0.002792120
0.002920151
0.002923012
0.002609968
0.002600431
0.002610922
0.001565456
0.005608559
0.002758741
0.002605200
0.002864838
0.002623796
0.002616644
0.002601862
0.001709223
0.006028891
0.002909184
0.002684355
0.002768040
0.002602100
0.002600908
0.002597570
0.001513481
0.005522966
0.002794027
0.002831697
0.002666235
0.002619743
0.002602339
0.002606392
0.001515865
0.005716085
0.003054857
0.002642393
0.002718687
0.002650023
0.002603769
0.002609491
0.001719713
0.005836010
0.002728701
0.002637625
0.002866983
0.002615929
0.002605915
0.002606153
0.001495838
0.005712271
0.002855062
0.002618551
0.002783060
0.002599478
0.002693653
0.002602339
0.001499414
0.005152464
0.003486395
0.002675295
0.003868103
0.002621174
0.002650261
0.002611399
0.001571178
0.005561352
0.003098726
0.002661228
0.002857685
0.002617598
0.002609730
0.002645731
0.001660347
0.005855799
0.003145218
0.002682924
0.002914429
0.002637386
0.002626419
0.002626657
0.001733541
0.006294727
0.002812386
0.002747536
0.002883196
0.002628326
0.002626181
0.002634525
0.001688242
0.005867243
0.002865314
0.002762556
0.004016161
0.002645254
0.002621174
0.002714157
0.001863480
0.005594730
0.002839565
0.002722979
0.002866507
0.002696276
0.002648354
0.002641201
0.001812696
0.006201029
0.002695560
0.002699852
0.002733946
0.002601862
0.002607822
0.002604485
0.001410961
0.005707979
0.002692699
0.002631426
0.002773762
0.002608061
0.002617598
0.002600431
0.001530647
0.005868673
0.002775669
0.002611637
0.002816677
0.002608538
0.002606153
0.002597809
0.001616240
0.005100489
0.002846956
0.002695322
0.002820015
0.002602816
0.002611876
0.002605677
0.001578093
0.005818605
0.003014088
0.002644777
0.002830029
0.002645016
0.002612591
0.002603292
0.001437902
0.005801439
0.002698183
0.002618074
0.002804995
0.002605677
0.002601862
0.002593756
0.001550436
0.005609035
0.002801418
0.002676487
0.002882719
0.002625227
0.002601385
0.002618551
0.001514673
0.005888939
0.003169298
0.002944708
0.002999544
0.002606869
0.002614498
0.002614737
0.001553774
0.005590200
0.002737522
0.002622366
0.002659559
0.002619505
0.002596378
0.002613068
0.001411915
0.005567074
0.002703667
0.002664804
0.003043652
0.002619267
0.002602816
0.002601624
0.001498461
0.005546093
0.002768755
0.002667189
0.002850771
0.002611876
0.002593279
0.002598524
0.001577377
0.005474329
0.002801657
0.002696037
0.002807856
0.002604961
0.002593517
0.002610445
0.001433849
0.005795956
0.002778530
0.002938032
0.002726555
0.002620697
0.002605915
0.002613544
0.001701355
0.005747318
0.002838135
0.002644777
0.002874374
0.002608776
0.002606869
0.002593279
0.002215147
0.005662680
0.002850533
0.002667427
0.002745867
0.002609968
0.002597809
0.002599955
0.001539946
0.005588055
0.002710104
0.002624750
0.002685547
0.002613544
0.002594233
0.002618074
0.001547098
0.006029129
0.002776384
0.002918720
0.002758265
0.002601147
0.002616882
0.002607822
0.001648188
0.006088734
0.002720594
0.002965689
0.002757072
0.002616644
0.002596855
0.002600670
0.001529694
0.005728483
0.002750158
0.002613783
0.002712965
0.002610207
0.002617598
0.002596617
0.001505613
0.005387068
0.003028393
0.002672911
0.002778292
0.002605438
0.002597094
0.002612591
0.001541615
0.005521536
0.002764940
0.002683401
0.002813101
0.002609253
0.002604961
0.002613306
0.001511097
0.005685091
0.002729654
0.002617359
0.002724171
0.002605200
0.002611160
0.002604961
0.001524925
0.005686045
0.002783298
0.002638102
0.002686024
0.002600908
0.002602100
0.002605915
0.001458168
0.005817652
0.002786160
0.002671242
0.002836466
0.002611160
0.002607822
0.002597094
0.001543522
0.005982399
0.003179550
0.002704382
0.002787828
0.002610922
0.002610445
0.002611637
0.001503706
0.005199671
0.002700806
0.002827883
0.002829075
0.002610207
0.002600431
0.002602100
0.001485825
0.004725695
0.004375935
0.002618074
0.002956629
0.002606392
0.002603769
0.002606630
0.001493454
0.005636215
0.002705336
0.002622843
0.002859831
0.002618313
0.002611160
0.002599001
0.001528025
0.007379055
0.003005743
0.002677917
0.002924204
0.002623796
0.002599478
0.002618313
0.001594543
0.005972385
0.002841473
0.002738237
0.002909184
0.002633095
0.002766848
0.002629995
0.001672268
0.005720377
0.002920628
0.002626419
0.002684832
0.002601385
0.002604246
0.002602816
0.001578808
0.005710363
0.002757549
0.002640247
0.002732754
0.002596617
0.002606869
0.002604485
0.001518965
0.005720615
0.002721071
0.002849340
0.002768993
0.002609253
0.002620697
0.002604723
0.001553297
0.005558968
0.002797842
0.002649307
0.002833128
0.002610207
0.002615690
0.002605915
0.001494169
0.005703211
0.002700567
0.002612114
0.002758026
0.002622843
0.002607107
0.002612114
0.001471519
0.005405664
0.002705812
0.002632380
0.002812862
0.002606392
0.002596378
0.002595901
0.001482964
0.005973101
0.002776384
0.002640724
0.003014565
0.002600193
0.002604008
0.002593756
0.001554728
0.005873442
0.002749681
0.002646446
0.002816916
0.002611637
0.002610922
0.002612114
0.001498699
0.005498409
0.002748251
0.002668381
0.002754688
0.002631187
0.003165245
0.002617359
0.001481533
0.005462408
0.002736092
0.002697468
0.002744198
0.002616644
0.002605438
0.002614498
0.001544952
0.005901337
0.002765179
0.002642632
0.002780676
0.002613783
0.002604961
0.002597809
0.001518488
0.005730629
0.002764225
0.002676964
0.002648830
0.002793550
0.002615690
0.002602100
0.001504898
0.005814791
0.002791643
0.002688646
0.002850771
0.002619028
0.002625465
0.002603769
0.001520634
0.005612612
0.002768040
0.002649307
0.002864122
0.002624512
0.002603054
0.002611160
0.001493216
0.006094933
0.002768040
0.003067493
0.002847672
0.002617121
0.002600670
0.002608299
0.001573563
0.005857706
0.003014088
0.002710581
0.002784014
0.002602100
0.002611637
0.002602577
0.001425028
0.006202698
0.003038883
0.002936125
0.003050804
0.002612114
0.002596140
0.002609730
0.001423120
0.005765676
0.002847672
0.002685070
0.002786398
0.002607346
0.002610207
0.002598763
0.001538038
0.004953623
0.002784491
0.002686262
0.002806187
0.002616167
0.002612829
0.002628565
0.001605988
0.005492926
0.002696753
0.002624273
0.002787352
0.002641916
0.002601385
0.002596378
0.001637459
