2.637149096
1.094872475
0.907489061
0.845897675
0.834506512
0.896205187
1.053435326
0.932028770
0.868539333
0.928510666
0.952939987
0.893209934
0.865461111
0.953859568
0.913070679
0.928317785
0.929628134
0.904908419
0.866068363
0.862549782
0.887881994
0.867858410
0.904428005
0.909890890
0.904312372
0.868885994
0.884050608
0.890496969
0.915186405
0.880446196
0.887742281
0.895195961
0.845517397
0.875081301
0.870414734
0.867103815
0.905470371
0.915945292
0.921489239
0.925669432
0.919389009
0.898154736
0.879858494
0.845787048
0.897687435
0.907846212
0.915824652
0.923746824
0.869088888
0.900371313
0.926191330
0.909744024
0.894290686
0.928092957
0.913609505
0.884163618
0.916214705
0.911927700
0.885667562
0.854806900
0.876042604
0.897432327
0.918603659
0.921587467
0.945361853
0.907171011
0.865129232
0.884381294
0.898540020
0.854866505
0.928972244
0.911523819
0.895337582
0.926628351
0.885779858
0.852208376
0.949150562
0.821883678
0.894574404
0.886826754
0.816738129
0.857264280
0.846695423
0.894798040
0.870622158
0.925637245
0.869387627
0.876418352
0.890530825
0.896633625
0.944557905
0.927260876
0.916663170
0.841539860
0.844170332
0.861465693
0.902055264
0.895025969
0.858878851
0.864923716
