0.002527475
0.000787020
0.000777721
0.000772953
0.000777245
0.000789404
0.000771284
0.000790358
0.000759125
0.000759363
0.000764847
0.000763178
0.000764847
0.000756979
0.000766516
0.000931740
0.000823736
0.000945807
0.000815392
0.000977516
0.000946283
0.000938177
0.000941515
0.000955582
0.000973940
0.000928879
0.001018286
0.000899076
0.000972509
0.000881433
0.001000643
0.000897884
0.000950098
0.000879526
0.000945807
0.000930548
0.000999451
0.000870228
0.000939131
0.000933409
0.000806570
0.000957251
0.000933409
0.000927448
0.000954866
0.000928164
0.000906944
0.000788927
0.000916719
0.000957727
0.000969887
0.000897646
0.001062632
0.000934362
0.000972033
0.000931978
0.001030445
0.000946760
0.000997782
0.000889778
0.000951290
0.000879288
0.000851393
0.000896454
0.000874281
0.000857115
0.000768900
0.000795603
0.000775099
0.000805378
0.001569986
0.000794411
0.000802279
0.000755072
0.000754595
0.000797987
0.000766277
0.000838995
0.000831366
0.000795603
0.000765324
0.000754356
0.000755072
0.000771284
0.000769854
0.000782967
0.000751257
0.000815868
0.000793695
0.000818014
0.000764370
0.000828743
0.000811577
0.000926733
0.000761986
0.000786543
0.000782251
0.000863075
0.000750542
0.000761747
0.000769377
0.000769377
0.000751972
0.000783205
0.000766993
0.000769138
0.000763178
0.000842333
0.000766754
0.000778913
0.000755310
0.000800133
0.000766754
0.000796556
0.000751495
0.000759363
0.000775576
0.000907898
0.000754595
0.000772953
0.000770092
0.000770092
0.000869036
0.000759840
0.000762224
0.000751495
0.000505447
