0.045723200
0.034577847
0.034738302
0.034484625
0.034496069
0.034273386
0.034310818
0.034336805
0.032996416
0.035178900
0.034327507
0.034311771
0.034391880
0.034363747
0.034329176
0.034295559
0.034307957
0.032257557
0.035397291
0.034314394
0.034308672
0.034312963
0.034470558
0.034266233
0.034290552
0.034291267
0.032244921
0.035892487
0.034345388
0.034301996
0.034291744
0.034251213
0.034309387
0.034300804
0.034281731
0.032266855
0.035379410
0.034450293
0.034289122
0.034274817
0.034292221
0.034270525
0.034292698
0.034312010
0.032222271
0.033558607
0.034580469
0.034542561
0.034450769
0.034352779
0.034311771
0.034286022
0.034279346
0.032263517
0.031425714
0.034686804
0.034714937
0.034555197
0.034304857
0.034292221
0.034260511
0.034271717
0.032249928
0.031586885
0.030384541
0.030945301
0.030927896
0.030815840
0.030776262
0.030761003
0.033425331
0.032519341
0.034153938
0.034748554
0.034557104
0.034991741
0.034469128
0.034310102
0.034297705
0.034349442
0.032273531
0.030312300
0.030876875
0.030992031
0.031176090
0.030964375
0.030796051
0.031207561
0.034554482
0.032578230
0.033537388
0.034583092
0.034561634
0.034446716
0.034303427
0.034287214
0.034296036
0.034285307
0.032253027
0.033112288
0.034587145
0.034536123
0.034441710
0.034286737
0.034288883
0.034302473
0.034274817
0.032264471
0.031628847
0.034633636
0.034594536
0.034642220
0.034473181
0.034285307
0.034256458
0.034290314
0.032259941
0.033580065
0.034669876
0.034565926
0.034409285
0.034271240
0.034277678
0.034262896
0.034286022
0.032243729
0.030434608
0.030596733
0.030976057
0.030760288
0.030907393
0.034583330
0.034558058
0.034536600
0.032267809
0.033724308
0.034558058
0.034560442
0.034394264
0.034296989
0.034275055
0.034286737
0.034275293
0.032284498
0.033529520
0.034587860
0.034535885
0.034570217
0.034316301
0.034293175
0.034308434
0.034320354
0.032237768
0.030902386
0.034635782
0.034597635
0.034548759
0.034289122
0.034311533
0.034269810
0.034286261
0.032259464
0.032469273
0.034312963
0.034552574
0.034528255
0.034338474
0.034280062
0.034444094
0.034443140
0.032311916
0.030718803
0.034803867
0.034580708
0.034532547
0.034410715
0.034332037
0.034304619
0.034272671
0.032265902
0.031272411
0.034625530
0.034562349
0.034527063
0.034295082
0.034341097
0.034288406
0.034351826
0.032242060
0.030376673
0.030168056
0.031001329
0.030888557
0.034635782
0.034566402
0.034568071
0.034269810
0.032236576
0.032312632
0.034571886
0.034534931
0.034450769
0.034320593
0.034317017
0.034306049
0.034274578
0.032244444
0.032949448
0.034559727
0.034527302
0.034423828
0.034302473
0.034319162
0.034423828
0.034301281
0.032295465
0.031126499
0.034814835
0.034552336
0.034526348
0.034296751
0.034276009
0.034272671
0.034279823
0.032273769
0.031184673
0.034565687
0.034609318
0.034585476
0.034320593
0.034302950
0.034281015
0.034299612
0.032260180
0.031164646
0.034193277
0.034541130
0.034539700
0.034280062
0.034292221
0.034267187
0.034267902
0.032244921
0.032799482
0.034584522
0.034379959
0.030891418
0.030879498
0.030949831
0.030746937
0.030827522
0.029117584
0.030988455
0.034745693
0.034568787
0.034597635
0.034309387
0.034301758
0.034304619
0.034312963
0.032260418
0.031862259
0.034596443
0.033945322
0.033469915
0.033261061
0.033261538
0.033194780
0.034147739
0.032498121
0.030833244
0.034575701
0.034556150
0.031347752
0.030711889
0.030753374
0.030758619
0.030696154
0.028774977
0.030552864
0.030291796
0.030998468
0.030796289
0.030790567
0.031079531
0.034555674
0.034547329
0.032478094
0.032625437
0.034021854
0.030944347
0.030809402
0.030760527
0.030709028
0.030608416
0.030973673
0.029115915
0.030528307
0.030969381
0.030987024
0.030974150
0.030957937
0.032995939
0.034533978
0.034559727
0.032327175
0.031386614
0.034611702
0.034255028
0.034254551
0.034234047
0.033985376
0.034129143
0.034527779
0.032498360
0.030207157
0.030691385
0.030859947
0.031972170
0.034548044
0.034548283
0.034476042
0.034275055
0.032269478
0.030673504
0.030306816
0.031066179
0.030799389
0.030768156
0.030847311
0.034573317
0.034533501
0.032478333
0.030484915
0.030609846
0.032825470
0.034561872
0.034528255
0.034385204
0.034301519
0.034290075
0.032233715
0.030149221
0.030867815
0.031060457
0.030990839
0.030773401
0.032660723
0.034562111
0.034580469
0.032657146
0.030465603
0.030656815
0.033154249
0.034563541
0.034588575
0.034389257
0.034286499
0.034333944
0.032341003
0.031176567
0.030359268
0.031209707
0.031018257
0.031748056
0.033208370
0.033210039
0.033206940
0.031108141
0.030435324
0.032976627
0.034544230
0.034541845
0.034376860
0.034330606
0.034302235
0.034423351
0.032367468
0.030198574
0.030778646
0.030867338
0.031152487
0.032889605
0.032955885
0.032838345
0.032701969
0.030739069
0.030443192
0.030823708
0.030991077
0.031189203
0.030938148
0.030781269
0.031344414
0.034553051
0.032504559
0.030241728
0.030430555
0.030948162
0.033230066
0.034558296
0.034548759
0.034382105
0.034301281
0.032282829
0.035435438
0.034599304
0.034493685
0.034266233
0.034303665
0.034260511
0.030880928
0.030717611
0.028908968
0.030096531
0.030933619
0.031024456
0.033709288
0.033701658
0.033530951
0.033500910
0.033443451
0.031310558
0.030184269
0.030866146
0.031030893
0.030990362
0.030987978
0.031628847
0.033410788
0.033012867
0.031090736
0.033033609
0.034593105
0.031347990
0.030760050
0.030758858
0.030745506
0.030597210
0.030611038
0.028837204
0.030179977
0.030367613
0.030946016
0.031011581
0.030859947
0.032713890
0.033225536
0.032945395
0.030991793
0.030565739
0.030595303
0.031316757
0.031421423
0.031320095
0.031203270
0.031197071
0.031200409
0.030115604
0.031295300
0.034673929
0.034546614
0.034580469
0.034027815
0.030870199
0.030751944
0.030779839
0.028903723
0.031044483
0.034124374
0.032197714
0.031462431
0.031367302
0.031378984
0.031187057
0.031413317
0.031741381
0.030269623
0.030791521
0.031026602
0.030982494
0.030993938
0.032921314
0.033098698
0.032964706
0.030968428
0.030344725
0.030790806
0.033162832
0.033271790
0.033243895
0.032956600
0.032896519
0.032938480
0.030976057
0.030261993
0.030417919
0.030927658
0.030779600
0.031051636
0.032699108
0.032744884
0.032654285
0.030575991
0.030233145
0.030491352
0.031769514
0.031203747
0.031238556
0.031245708
0.031184912
0.031055212
0.030132532
0.032142878
0.034583569
0.034595251
0.034534693
0.033910513
0.030846596
0.030743837
0.030751467
0.028867960
0.030609131
0.030811787
0.031173229
0.030950069
0.030948400
0.030757189
0.030739546
0.030707359
0.032159090
0.030263424
0.030612707
0.030839443
0.030756950
0.031778336
0.033072472
0.032897949
0.032696486
0.030765533
0.030255556
0.032789230
0.034553289
0.033918381
0.033566713
0.033512831
0.033485174
0.031282425
0.028924942
0.030165195
0.030734539
0.030826330
0.030753374
0.031775236
0.032919884
0.032911062
0.032698393
0.030762911
0.030155897
0.033147097
0.034575939
0.034291029
0.034301758
0.034281254
0.034255981
0.031041145
0.028908968
0.030691385
0.034643173
0.034561634
0.034402609
0.031033754
0.030635357
0.030721664
0.030751467
0.028909683
0.030420780
0.034914494
0.034731388
0.034745455
0.034444332
0.034387350
0.034306288
0.030960083
0.028979778
0.030501366
0.034430981
0.034598351
0.034464359
0.030733585
0.030607462
0.030744314
0.030744553
0.028916121
0.030451059
0.030940533
0.031031847
0.030988932
0.030961752
0.030753613
0.030750513
0.031617641
0.031155348
0.030179501
0.030767918
0.030832291
0.030742884
0.031944752
0.032967329
0.032691240
0.032706976
0.030724764
0.031315327
0.032806158
0.030868292
0.030782461
0.030739784
0.030758142
0.030621052
0.030649424
0.030756950
0.030533075
0.032466173
0.032699585
0.032654285
0.032696009
0.034427404
0.034543991
0.034551382
0.032284021
0.031039000
0.034082413
0.032663822
0.031907082
0.031626940
0.031622410
0.031702280
0.031815290
0.032377243
0.031166553
0.033190250
0.033165216
0.032759190
0.032816648
0.034448862
0.034593344
0.034826279
0.032331705
0.030634880
0.032442331
0.033586502
0.034607887
0.034577370
0.034450769
0.034317017
0.034300804
0.030411005
0.030428886
0.030879974
0.031018734
0.030997753
0.030936718
0.031568527
0.033135891
0.032916546
0.030972242
0.030929327
0.032722712
0.033669233
0.034528017
0.034511566
0.034463882
0.034293175
0.034320831
0.030493498
0.030188799
0.030756474
0.030969143
0.030964613
0.030770302
0.030767918
0.034089565
0.034542322
0.032525539
0.030765772
0.033512115
0.033642292
0.031545162
0.030741930
0.030753136
0.030756235
0.030616283
0.028899193
0.031231880
0.030299664
0.030977011
0.030793428
0.030763865
0.030765295
0.030674934
0.030629158
0.030721903
0.030430794
0.030931950
0.030809402
0.030754566
0.031841993
0.032725573
0.032683134
0.032713175
0.030551672
0.030162811
0.030212164
0.031190395
0.030982256
0.030853271
0.030740499
0.030759335
0.030746460
0.029924393
0.030429602
0.030471087
0.030750990
0.030744314
0.030726671
0.031904936
0.032939434
0.032703161
0.030749559
0.030437708
0.030951738
0.031337976
0.031648874
0.031608582
0.031606197
0.031507254
0.031484842
0.030263186
0.030571461
0.030762196
0.031011581
0.030980587
0.030774593
0.030753851
0.032144308
0.032723427
0.030750751
0.030650616
0.032848120
0.032935143
0.034063339
0.034549952
0.034547806
0.034350395
0.034280062
0.032234907
0.030684710
0.030249119
0.030955315
0.030873537
0.030740499
0.030782938
0.031374454
0.032682657
0.030759811
0.030343771
0.032610893
0.033026457
0.032718420
0.031002283
0.030732155
0.030745268
0.030782938
0.028969049
0.031600237
0.031592607
0.030973673
0.030837774
0.030767441
0.030800343
0.030681849
0.031108856
0.030257225
0.030287266
0.030653000
0.030972719
0.030728579
0.030787230
0.032830477
0.032922983
0.032917500
0.030764103
0.030763149
0.033065081
0.033632040
0.033518553
0.033479214
0.033239126
0.033197165
0.033201218
0.030447721
0.030438900
0.030761242
0.030975580
0.030953884
0.030769110
0.030734062
0.030973673
0.032446861
0.030543089
0.030006886
0.030809879
0.031038523
0.031662941
0.033224583
0.033224583
0.033262014
0.033003807
0.031128883
0.030183077
0.030895233
0.031026602
0.030958652
0.030944586
0.030730009
0.030719519
0.031706810
0.031241179
0.030159950
0.030799150
0.030912876
0.030730724
0.030908823
0.032739878
0.032876968
0.032730103
0.030757904
0.030332327
0.030166626
0.030985355
0.030987024
0.030752659
0.030790091
0.030694246
0.030600786
0.028770208
0.030545712
0.034681320
0.034762621
0.034517765
0.034291744
0.034266233
0.030948639
0.030745029
0.028928280
0.030630112
0.034606218
0.034647226
0.031790257
0.030933857
0.030719995
0.030740499
0.030599594
0.028758526
0.030840874
0.030548573
0.030932903
0.030746460
0.030742407
0.030774117
0.030595303
0.031968594
0.030755043
0.030659914
0.034529924
0.034558058
0.034135818
0.030870676
0.030753851
0.030955791
0.030748129
0.028770685
0.031409502
0.031531096
0.030976772
0.030753851
0.030775547
0.030866385
0.030699730
0.031149149
0.030267477
0.030177116
0.030364990
0.030965805
0.030979633
0.031808615
0.033120871
0.032936335
0.032910347
0.030945778
