0.370409727
0.365481377
0.369575024
0.361661911
0.374085188
0.357420683
0.356876850
0.337980747
0.360903502
0.339412928
0.365989685
0.358596087
0.357087374
0.354842901
0.344513178
0.366004467
0.359220743
0.356945276
0.355458021
0.353788614
0.358985662
0.347680330
0.370641708
0.365176201
0.365497112
0.355590582
0.365549326
0.337482929
0.355852842
0.354168653
0.344702721
0.339140654
0.328058958
0.338602304
0.364141226
0.353089094
0.337192774
0.357206106
0.342364788
0.349956274
0.336622715
0.351506710
0.338270664
0.344650984
0.345838070
0.359303474
0.348265171
0.330228806
0.341031790
0.345016479
0.329995394
0.342666149
0.334126472
0.332720518
0.345288992
0.341274500
0.332927942
0.345277786
0.339260578
0.341747522
0.347130537
0.331078053
0.350498915
0.342742443
0.357009172
0.356383324
0.332247496
0.336913586
0.341582060
0.365341663
0.361509085
0.347792387
0.358066320
0.338527441
0.363709688
0.341664076
0.340689182
0.328950405
0.338757515
0.327570438
0.341896296
0.332128763
0.332789183
0.353589773
0.338733673
0.350400686
0.330448627
0.330412626
0.342619658
0.331197023
0.342039108
0.337300301
0.337796688
0.323947191
0.342871189
0.341820478
0.327899694
0.334636688
0.338249445
0.344285488
