0.009291172
0.008777142
0.008722782
0.008727312
0.008752823
0.008787870
0.008740664
0.008732080
0.008702755
0.008737087
0.008732557
0.008691072
0.008691072
0.008690596
0.008683205
0.008658171
0.008654594
0.008661747
0.008689642
0.008689165
0.008696556
0.008677006
0.008698225
0.008791208
0.009128332
0.009156942
0.009199858
0.009203434
0.009171247
0.009197235
0.009196758
0.009205103
0.009258270
0.009169817
0.009256124
0.009218693
0.009191036
0.009140491
0.009135962
0.009144306
0.009181261
0.009156227
0.009176731
0.009181261
0.009175062
0.009537935
0.010056257
0.010115147
0.010231733
0.010181904
0.010165930
0.010081053
0.010039330
0.010033607
0.010058641
0.010045052
0.010069132
0.010023355
0.010040760
0.010032177
0.010048628
0.010054827
0.009933233
0.009933710
0.009932041
0.009244919
0.008707762
0.008710384
0.008692265
0.008694410
0.008720160
0.008713961
0.008673668
0.008702278
0.008723736
0.008732557
0.008675575
0.008715153
0.008675098
0.008695602
0.008681774
0.008680820
0.008670568
0.008694649
0.008687019
0.008704424
0.008676529
0.008710623
0.008678198
0.008697748
0.008763075
0.009298563
0.009285450
0.009244442
0.009282589
0.009242058
0.009170294
0.009150982
0.009124756
0.009117603
