0.236168623
0.006149292
0.002742529
0.010012388
0.004370689
0.002773762
0.002631664
0.002474546
0.004214287
0.002705812
0.002677917
0.002502441
0.004139662
0.002677679
0.002650499
0.002450943
0.004243612
0.002933502
0.002670765
0.002485991
0.004525661
0.003447533
0.002657175
0.002534389
0.004479647
0.002735138
0.002665281
0.002491474
0.004131317
0.002819538
0.002657413
0.002471924
0.004127979
0.003079176
0.002647161
0.002460957
0.004506826
0.002755880
0.002652884
0.002512932
0.003998995
0.002737999
0.002652645
0.002511740
0.004450321
0.002647161
0.002647638
0.002485037
0.004347086
0.002837896
0.002785921
0.002444029
0.004335403
0.002870560
0.002715349
0.002451181
0.004255772
0.002635241
0.002636671
0.002460957
0.004307032
0.002634525
0.002648830
0.002451181
0.004230976
0.002913237
0.002663612
0.002490997
0.004530191
0.002737284
0.002718210
0.002554655
0.004393101
0.002951860
0.002648354
0.002525568
0.004485369
0.002702713
0.002640963
0.002609253
0.005119562
0.002736092
0.002918959
0.002472639
0.004167318
0.002712488
0.002645493
0.002756119
0.004363775
0.002726316
0.002663136
0.002515554
0.004451275
0.002671719
0.002716780
0.002451897
0.004265070
0.002640247
0.002950191
0.002629280
0.004524708
0.002970457
0.002636671
0.002463102
0.004610300
0.002815723
0.002625704
0.002452612
0.004474878
0.002705812
0.002676249
0.002686739
0.004636049
0.003216267
0.003031731
0.002449751
0.004886389
0.003323555
0.002806664
0.002471209
0.004627466
0.002696991
0.002642870
0.002491236
0.004285812
0.002709627
0.002647877
0.002526999
0.004426241
0.002707958
0.002660275
0.002459288
0.004292727
0.002778053
0.002641678
0.002446175
0.004188061
0.002935886
0.002679348
0.002513885
0.004167795
0.002881527
0.002805710
0.002492666
0.004229069
0.002765179
0.002633095
0.002485037
0.004551172
0.002760887
0.002840281
0.002467394
0.004633904
0.002795696
0.002771854
0.002548933
0.004371881
0.002733231
0.002770901
0.002473354
0.004160881
0.002928734
0.002634764
0.002528191
0.004346371
0.002760887
0.002646208
0.002507925
0.004366398
0.002696753
0.002759933
0.002490282
0.004328728
0.002682209
0.002682924
0.002512455
0.004517555
0.002785444
0.002702713
0.002559900
0.004357815
0.002774715
0.002846479
0.002459049
0.004248619
0.002669573
0.002626181
0.002475977
0.004438162
0.002643347
0.002648592
0.002444983
0.004544735
0.002778292
0.002744198
0.002587557
0.004384995
0.002676249
0.002646446
0.002477169
0.005104303
0.003119707
0.002657413
0.002476931
0.004518032
0.002683640
0.002787828
0.002496243
0.004163980
0.002683401
0.002681732
0.002471209
0.004733801
0.002710342
0.002640724
0.002448797
0.005137682
0.003222466
0.002691746
0.002501249
0.004289865
0.002671480
0.002976894
0.002533197
0.004381895
0.002682924
0.002679825
0.002547026
0.004462481
0.002780199
0.002653599
0.002457380
0.005354881
0.003395319
0.002650738
0.002485514
0.004438639
0.002650023
0.002768040
0.002484322
0.004331350
0.002723455
0.002645493
0.002471447
0.004390478
0.002657413
0.002643824
0.002458572
0.004410505
0.002963781
0.002636671
0.002497911
0.004575253
0.002674580
0.002647161
0.002468348
0.004285812
0.002646685
0.002691984
0.002457380
0.005293131
0.003158808
0.002691984
0.002454519
0.004144669
0.003144503
0.002650499
0.002563238
0.004607677
0.002738237
0.002699614
0.002527237
0.004513741
0.002681255
0.002632618
0.002524614
0.004521132
0.002708435
0.002648830
0.002480984
0.004471302
0.002673149
0.002649546
0.002458334
0.004295111
0.002651691
0.002638817
0.002465963
0.004115105
0.002840757
0.002647638
0.002480745
0.004418850
0.003014088
0.002952337
0.002521038
0.004430771
0.002725601
0.002657890
0.002492666
0.004805565
0.002708673
0.002680063
0.002503395
0.004595757
0.002774715
0.002643108
0.002526999
0.004463434
0.002801657
0.002633095
0.002470493
0.005212069
0.003160477
0.002724171
0.002490759
0.004374266
0.003064871
0.002741098
0.002563953
0.004303694
0.002679348
0.002677202
0.002491474
0.004616499
0.002728939
0.002633810
0.002440929
0.004319906
0.002664566
0.002622843
0.002456903
0.004751444
0.002928019
0.002730608
0.002581120
0.004441023
0.002645969
0.002631903
0.002517939
0.004635811
0.002708435
0.002640963
0.002498865
0.004319668
0.002663851
0.002905369
0.002477407
0.004631996
0.003079414
0.002697229
0.002554417
0.004374743
0.002700090
0.002655983
0.002458334
0.004589558
0.002680540
0.002649307
0.002456903
0.004206181
0.002670765
0.002631664
0.002449512
0.004548550
0.002779007
0.002660990
0.002537727
0.004621029
0.002693653
0.002629042
0.002481461
0.004345655
0.002675772
0.002631187
0.002456665
0.004571676
0.002675295
0.002950907
0.002484560
0.004679918
0.002978802
0.002732038
0.002591372
0.005184889
0.003124475
0.002908468
0.002671719
0.004353523
0.002678156
0.003104448
0.002467871
0.004243135
0.002721548
0.002642393
0.002480745
0.004402399
0.002707720
0.002659559
0.002484083
