0.330367565
0.082433462
0.081332684
0.083364248
0.081602812
0.083668947
0.081397057
0.081639290
0.089552402
0.084665060
0.080460072
0.088062286
0.081489325
0.081441641
0.085836172
0.088452101
0.088033199
0.086073875
0.079770565
0.085868359
0.087950230
0.081492424
0.079727888
0.082026243
0.085422039
0.082645655
0.082616329
0.081808567
0.085616350
0.084465504
0.085151196
0.086855412
0.080404282
0.086440563
0.089569092
0.081784964
0.087106228
0.083747149
0.081742048
0.086351871
0.088042736
0.090243340
0.085716486
0.082810402
0.087778568
0.085099459
0.082204342
0.085931778
0.076895714
0.086963654
0.091251850
0.082758904
0.082888842
0.087222338
0.088652611
0.084806919
0.082639694
0.086152077
0.087291956
0.090145350
0.085007191
0.086878777
0.081520796
0.082648277
0.081581593
0.089121103
0.085896492
0.087982178
0.085944891
0.084008694
0.088094234
0.088335037
0.087261438
0.089335203
0.090286255
0.088266373
0.088254690
0.086100817
0.083959579
0.088309526
0.087781429
0.082288504
0.086586237
0.084993124
0.085651398
0.087612391
0.085315943
0.085357666
0.091826439
0.095001459
0.086719990
0.090201139
0.088444710
0.087574959
0.094235420
0.100320339
0.103849888
0.092438459
0.102217674
0.097005606
