0.001645565
0.000788212
0.000780344
0.000765562
0.000815153
0.000761509
0.000770807
0.000755787
0.000762701
0.000755310
0.000760555
0.000756741
0.000763178
0.000784874
0.000770092
0.000821590
0.000776768
0.000772238
0.000771999
0.000808954
0.000770569
0.000794888
0.000753403
0.000874281
0.000766993
0.000779390
0.000764847
0.000805140
0.000766277
0.000779152
0.000765562
0.000818491
0.000757456
0.000756025
0.000762224
0.000778913
0.000749588
0.000765800
0.000766039
0.000756741
0.000745773
0.000772715
0.000749111
0.000761271
0.000766039
0.000758410
0.000749111
0.000985384
0.000791550
0.000849485
0.000795841
0.000828505
0.000758886
0.000844955
0.000774622
0.000851870
0.000851631
0.000857353
0.000810862
0.000920296
0.000790596
0.000770092
0.000797987
0.000818253
0.000758410
0.000766039
0.000761509
0.000821352
0.000823021
0.000784636
0.000748634
0.000756979
0.000764370
0.000769138
0.000751734
0.000764847
0.000747442
0.000758648
0.000763655
0.000760078
0.000745058
0.000777245
0.000747681
0.000837326
0.000754118
0.000786066
0.000756979
0.000779152
0.000756979
0.000823021
0.000748396
0.000806332
0.000756502
0.000822067
0.000754356
0.000772476
0.000762701
0.000758886
0.000750303
0.000768423
