0.020180941
0.005561590
0.005316496
0.013646126
0.008611441
0.005392313
0.005277872
0.005169153
0.008269787
0.005606413
0.005319595
0.005073309
0.008879185
0.006102324
0.005636692
0.005573750
0.008987904
0.005695581
0.005291939
0.005136251
0.008269548
0.005569696
0.005251646
0.004910231
0.008662939
0.005465508
0.005238771
0.005053043
0.008503437
0.005409479
0.005253553
0.005011797
0.008266211
0.005537510
0.005273819
0.005064964
0.008030176
0.005390644
0.005241394
0.004941225
0.008118868
0.005528927
0.005267382
0.005074978
0.008445024
0.005522013
0.005272627
0.005045652
0.008566380
0.005524158
0.005691767
0.005092382
0.008323908
0.005436659
0.005300522
0.005146980
0.008428812
0.005507469
0.005273819
0.005067825
0.008762360
0.005418777
0.005281448
0.005049229
0.008543253
0.005467892
0.005295992
0.005084515
0.008128405
0.005617380
0.005282640
0.004935265
0.008616686
0.005707979
0.005798101
0.005189896
0.008346796
0.005413055
0.005261898
0.005075455
0.008488417
0.005464554
0.005290031
0.005148888
0.008741856
0.005505323
0.005219460
0.005047321
0.008299828
0.005436897
0.005313396
0.005095720
0.008233309
0.005421162
0.005326033
0.005259275
0.008285284
0.005562544
0.005376816
0.005101442
0.008670092
0.005657434
0.005760670
0.005125046
0.008649826
0.005480051
0.005330086
0.005111217
0.008271694
0.005546093
0.005266190
0.005128622
0.008226395
0.005706310
0.005689144
0.005509377
0.012135983
0.005654812
0.005528688
0.005748749
0.010714054
0.005378723
0.005245686
0.005036831
0.008464575
0.005408525
0.005279064
0.005034685
0.007970333
0.005382538
0.005285740
0.005029202
0.009015799
0.005437851
0.005227566
0.005061388
0.008394241
0.005450010
0.005253553
0.005065441
0.008920908
0.005423069
0.005305290
0.005213737
0.011219501
0.005530596
0.005299807
0.005076647
0.008397818
0.005401611
0.005226374
0.005120039
0.009945631
0.005974770
0.005288363
0.005126476
0.009106398
0.005753994
0.005944014
0.005129576
0.008207560
0.005418062
0.005292892
0.005074739
0.010317802
0.005538702
0.005265951
0.004932880
0.008504152
0.005681992
0.005304098
0.005096197
0.008556843
0.005433559
0.005275488
0.005124092
0.008257627
0.005612135
0.005316496
0.005046368
0.008704424
0.005493402
0.005538702
0.005246401
0.008010864
0.005412102
0.005278826
0.005160093
0.008677006
0.005358219
0.005265713
0.005126953
0.008450508
0.005577564
0.005299807
0.005035639
0.009047031
0.005581141
0.005297422
0.005076647
0.008323908
0.005415916
0.005280972
0.005001545
0.008422852
0.005416155
0.005306959
0.005341768
0.008400440
0.005576134
0.005341530
0.005014420
0.008755684
0.005439520
0.005415201
0.005048275
0.008616686
0.005406141
0.005275965
0.005075693
0.008537769
0.005762815
0.005275965
0.005025387
0.009345293
0.005473852
0.005477428
0.005102158
0.009539127
0.005713224
0.005580425
0.005385637
0.008449316
0.005453587
0.005286455
0.005087137
0.008194447
0.005430460
0.005307436
0.005105495
0.011350155
0.005446434
0.005298138
0.005037546
0.008243322
0.005737305
0.005303383
0.005084038
0.008288860
0.005461216
0.005367041
0.005111456
0.008596182
0.005445957
0.005263090
0.004956484
0.008747339
0.005800724
0.005255222
0.004996300
0.008114576
0.005457163
0.005285501
0.005026579
0.008520842
0.005702496
0.005245447
0.004938841
0.009492397
0.005375862
0.005228519
0.005003929
0.008162260
0.005736113
0.005442381
0.005103588
0.009805202
0.005456209
0.005212545
0.005096197
0.009306192
0.005428553
0.005298615
0.005130768
0.008616447
0.005780935
0.005255938
0.005070210
0.011210680
0.005983114
0.005717039
0.005453825
0.008194208
0.005676746
0.005292177
0.005106688
0.008399725
0.005498886
0.005282640
0.005188465
0.008208036
0.005378485
0.005245686
0.005067110
0.008470058
0.005422115
0.005224943
0.005062819
0.008308172
0.005325794
0.005270481
0.005088329
0.008912325
0.005560160
0.005649328
0.005004883
0.008887768
0.005379915
0.005252600
0.005063534
0.008342981
0.005539894
0.005292654
0.005005360
0.008771420
0.005527735
0.005355358
0.005080223
0.008155584
0.005411148
0.005310297
0.005140543
0.012144566
0.005736113
0.005521297
0.005389214
0.010759830
0.005481958
0.005611181
0.005109072
0.008538723
0.005445242
0.005275249
0.005031586
0.008263350
0.005378008
0.005233049
0.005104303
0.008114338
0.005896091
0.005301476
0.005089283
0.009230614
0.005373240
0.005288124
0.005286694
0.008108616
0.005448818
0.005288839
0.005010128
0.010828972
0.005462885
0.005277634
0.005102158
0.011170387
0.005394459
0.005257607
0.005076647
0.010877609
0.005417109
0.005313158
0.005112886
0.008875847
0.005406618
0.005258799
0.005337000
0.009843111
0.005457163
0.005332947
0.005194664
0.008814335
0.005764961
0.005397320
0.005211353
0.009310484
0.005946636
0.005635262
0.005410671
0.009003401
0.005597115
0.005462885
0.005370617
0.012380838
0.005513191
0.005346775
0.005182028
0.008594751
0.005482435
0.005515337
0.005100965
