0.127937555
0.111716986
0.108845472
0.110089540
0.107640982
0.113938570
0.108465433
0.108368635
0.109474659
0.104897738
0.107452154
0.109673977
0.110267878
0.113500118
0.106661081
0.113981962
0.110925674
0.108403444
0.107151985
0.103055716
0.110032558
0.109441519
0.115958691
0.111913919
0.110206366
0.109426022
0.109582186
0.107355356
0.107977867
0.123275518
0.118568182
0.111746788
0.108828783
0.107829571
0.111957312
0.113897085
0.123020172
0.110511065
0.106866360
0.109869480
0.105906963
0.115813255
0.109411240
0.112143278
0.111009121
0.112686157
0.108344316
0.106651783
0.105982780
0.117460012
0.106750250
0.109472990
0.116060019
0.106594563
0.116108418
0.113627911
0.112763405
0.116497993
0.105129480
0.109717607
0.119464636
0.103157043
0.116841555
0.106550694
0.104508638
0.105633259
0.115427017
0.115111828
0.104922056
0.113065958
0.107056618
0.108945131
0.112813950
0.114776373
0.107765913
0.112210751
0.107239962
0.114130735
0.103574753
0.114739180
0.104517937
0.109504461
0.107438087
0.117301702
0.115259886
0.113990068
0.105605125
0.110955000
0.120508432
0.109875917
0.115288019
0.111991167
0.115614176
0.110600233
0.113317013
0.113287449
0.117749929
0.109431982
0.113133669
0.105341673
