0.003320932
0.001910925
0.001496315
0.001878023
0.001674175
0.001635790
0.001700401
0.001526356
0.001750231
0.002934933
0.001582146
0.001390934
0.001809120
0.001450777
0.001783133
0.001493454
0.003592014
0.001416206
0.001415253
0.001561165
0.001833916
0.001923084
0.001613855
0.001816273
0.001473188
0.001598835
0.001611471
0.001603603
0.001490116
0.001649618
0.001479864
0.001612425
0.001552105
0.001784801
0.001392841
0.001592875
0.001623631
0.001999378
0.001456022
0.001658440
0.001719952
0.001588345
0.001702547
0.001585722
0.001476049
0.001653910
0.001561880
0.001615763
0.001521587
0.001648903
0.001611948
0.001641989
0.001420498
0.001537323
0.001599073
0.001678705
0.001428843
0.002145052
0.001445293
0.001535177
0.001684904
0.001738310
0.001490116
0.001629114
0.001568079
0.001576900
0.001560450
0.001594067
0.001553059
0.001964331
0.001442432
0.001658440
0.001651049
0.001429558
0.001759529
0.001454115
0.001570940
0.001490593
0.001552343
0.001579762
0.001513720
0.001552105
0.001449108
0.001609087
0.001506090
0.001554251
0.001453161
0.001566410
0.001479864
0.001543522
0.001440763
0.001543045
0.001510620
0.001548052
0.001410007
0.001632690
0.001481771
0.001532793
0.001384974
0.001376629
