0.014173269
0.004386663
0.004252195
0.004353285
0.022690773
0.007295609
0.004736185
0.004321814
0.004007339
0.004267931
0.007394314
0.004660606
0.004111528
0.003867626
0.003991604
0.007902861
0.004518270
0.004626989
0.004069805
0.004084349
0.006907463
0.004713535
0.004375935
0.004027367
0.004117012
0.007494926
0.004514456
0.004208565
0.004093170
0.004173279
0.007466078
0.005104303
0.004554272
0.004032135
0.004235268
0.007386446
0.005645514
0.004336357
0.004197121
0.004197836
0.007074118
0.004984617
0.004603624
0.004265308
0.004218817
0.007544279
0.004401922
0.004359484
0.004237413
0.004415035
0.007420540
0.004619360
0.004207611
0.004274368
0.004200220
0.007643223
0.004788876
0.004084587
0.003883839
0.003988266
0.007107258
0.004839420
0.004370451
0.003997326
0.004073858
0.009713173
0.008111954
0.007004738
0.005640268
0.005831718
0.007293701
0.004866838
0.004263878
0.003953695
0.004047394
0.007391214
0.004597664
0.004098654
0.004150391
0.004293442
0.007011652
0.004804373
0.004400730
0.004038095
0.004090071
0.007510662
0.004734039
0.004231691
0.003928423
0.003998995
0.007402182
0.004789591
0.004378080
0.004013062
0.004586458
0.007407188
0.004710436
0.004069567
0.003811121
0.003921032
0.008927584
0.004792690
0.004281282
0.004085064
0.004092455
0.007670403
0.004636288
0.004071712
0.004350662
0.004311800
0.007634640
0.004521847
0.003914118
0.003869772
0.003961086
0.007298946
0.004540205
0.004398823
0.004142523
0.004038572
0.007136106
0.004574299
0.004219532
0.004176378
0.004102468
0.009354830
0.004688263
0.004064560
0.003850698
0.003912449
0.007027388
0.004600525
0.004643679
0.004163504
0.004127741
0.007769585
0.004657984
0.004262209
0.004186153
0.004259109
0.007466793
0.005124331
0.004653454
0.003934622
0.004109621
0.007127047
0.004304171
0.004383326
0.004117012
0.004003525
0.007356882
0.005086899
0.004680634
0.004017353
0.004181385
0.007527828
0.004642010
0.004182100
0.003938437
0.004043579
0.007300138
0.004522085
0.004203796
0.003934145
0.003995895
0.007293463
0.004476070
0.004025698
0.003714561
0.003821850
0.007777214
0.004677773
0.004356146
0.004040956
0.004224300
0.008929253
0.006128311
0.004394293
0.004204750
0.004149437
0.007431030
0.004600048
0.004309177
0.004166603
0.004202604
0.007266998
0.004534721
0.004614353
0.004174471
0.004152536
0.007097006
0.004697800
0.004487514
0.004290819
0.004183054
0.007673740
0.004786730
0.004424095
0.004191399
0.004175901
0.007779360
0.005231857
0.004496813
0.004390955
0.004322290
0.007419825
0.005012274
0.004506826
0.004323244
0.004061222
0.007107735
0.005095243
0.004487276
0.004182100
0.004343033
0.007521629
0.006155729
0.005205154
0.004853010
0.004898548
0.007057190
0.004593134
0.004241943
0.004229069
0.004359007
0.007366419
0.004415989
0.004262686
0.004140615
0.004192114
0.007161379
0.004696131
0.004377842
0.004211664
0.004175186
0.007006645
0.004314661
0.004080296
0.003830671
0.003937960
0.007531404
0.004831553
0.004153252
0.004144907
0.004168510
0.008206367
0.004219294
0.004633665
0.004443884
0.004137039
0.007317781
0.004909039
0.004476309
0.004209280
0.004308462
0.007427454
0.004405975
0.004219294
0.004023314
0.004112005
0.007382631
0.004777670
0.004037380
0.003840923
0.003911495
0.007289410
0.004625320
0.004540682
0.004001379
0.003996849
0.007489681
0.004715204
0.004344702
0.003811598
0.004039526
0.007718086
0.004652500
0.004039526
0.003867865
0.004232168
0.007601976
0.004780293
0.004526138
0.003996372
0.004054546
0.007514954
0.004471064
0.004101515
0.003867149
0.004015684
0.007462263
0.004474640
0.004222155
0.004275799
0.004307747
0.007249355
0.004537106
0.004041910
0.003810167
0.003900051
0.007620811
0.004476786
0.004223347
0.003966331
0.004166842
0.007178307
0.004656553
0.004066229
0.003751993
0.003997326
0.007655382
0.004346132
0.004168749
0.003938675
0.004364729
0.007405758
0.004731178
0.004269838
0.004534721
0.004177570
0.008100748
0.007097721
0.004036903
0.003907442
0.003976583
0.006909132
0.004380703
0.004039526
0.003796577
0.003877401
0.006941795
0.004777431
0.004301548
0.004066706
0.004062653
0.010351181
0.005673170
0.004116774
0.004081249
0.004135847
0.008679867
0.006196499
0.003992081
0.003837347
0.003902912
0.008953810
0.006231785
0.004522800
0.004135847
0.004133940
0.007041931
0.004751921
0.004193544
0.004276514
0.004128456
0.008019686
0.004710436
0.004195929
0.003911257
0.004456043
0.007432222
0.004544258
0.004028082
0.004282713
0.004139185
0.007348776
0.004799843
0.004102468
0.003904819
0.003977060
0.007143021
0.005014181
0.004304409
0.003984928
0.004010201
0.007431030
0.004990578
0.004575491
0.004139423
0.004249573
0.007224321
0.005084276
0.004420757
0.004285097
0.004503250
0.006879807
0.004662037
0.004080772
0.003989697
0.004209757
0.007554770
0.005276918
0.004434347
0.004185915
0.004193068
0.007735491
0.004490376
0.003878355
0.004010201
0.003906012
0.007146597
0.006446362
0.005061388
0.005161762
0.004840851
0.007604122
0.005132914
0.004539490
0.004009008
0.004143238
0.007776499
0.004986525
0.004469156
0.004034042
0.004251480
0.007565498
0.004633188
0.004314184
0.003865719
0.003950596
0.007526398
0.004848957
0.004388571
0.004234314
0.004252672
0.007693768
0.004934311
0.004386425
0.004170656
0.004177809
0.007408619
0.005016088
0.004329920
0.004037142
0.004102230
0.007459879
0.004878998
0.004299641
0.004020214
0.004305840
0.008295536
0.005255699
0.004926205
0.004774094
0.005215883
0.006995201
0.004623175
0.004286289
0.003987312
0.004323006
0.007036448
0.004714489
0.004238129
0.003976345
0.004077911
0.007519484
0.007670879
0.003929138
0.004013062
0.004088163
0.007244349
0.004756451
0.004348755
0.004328251
0.004139185
0.009485483
0.005985737
0.004188299
0.004347563
0.004337549
0.007533312
0.004675627
0.004245996
0.004457235
0.004267454
0.007878304
0.004646063
0.004029751
0.003822327
0.004035473
0.007124424
0.004662991
0.004255295
0.003980875
0.004467726
0.007408381
0.005167246
0.004597664
0.003920078
0.004000187
0.007208586
0.005854368
0.004747391
0.004461527
0.004073143
0.008401155
0.005270481
0.004779100
0.004472971
0.004760742
