0.111590147
0.082099438
0.082347631
0.083013058
0.080436945
0.082158327
0.084415674
0.082159519
0.084058285
0.084347010
0.082332611
0.083246946
0.085032463
0.097382545
0.083196640
0.082648754
0.085585594
0.084375143
0.083903313
0.083324432
0.085645199
0.083336353
0.089067459
0.082649231
0.083757877
0.085581541
0.083621740
0.085257053
0.083165884
0.084161758
0.083868504
0.083296061
0.083263397
0.082248926
0.084015608
0.086908579
0.082085848
0.085033417
0.084033966
0.084969997
0.085679293
0.084819794
0.085531235
0.087664366
0.080646276
0.084378242
0.084757805
0.081568718
0.085095167
0.084296942
0.084083557
0.082043886
0.083995581
0.083055735
0.083057404
0.082528114
0.083498478
0.079568386
0.083236217
0.083230495
0.082607746
0.082465172
0.083355427
0.083631992
0.084887266
0.080654860
0.083894491
0.086294651
0.085463524
0.087257385
0.081571341
0.085940599
0.081119299
0.082828283
0.083653688
0.083759785
0.084825039
0.084291697
0.083068132
0.083196402
0.088276148
0.084944248
0.085103512
0.082936525
0.083801508
0.084922552
0.083081722
0.085926771
0.087765455
0.083178997
0.086121321
0.086263418
0.082810640
0.087066412
0.083140612
0.081780195
0.083260059
0.082552910
0.087471485
0.084841728
