0.002827883
0.001485348
0.001619101
0.001378536
0.001717329
0.001378775
0.001382351
0.001361609
0.001401663
0.001475573
0.001397610
0.001572132
0.001567841
0.001377106
0.001409531
0.001368284
0.001415491
0.001358747
0.001494884
0.001531363
0.001541376
0.001374722
0.001364708
0.001540899
0.001475334
0.001518250
0.001399040
0.001533508
0.001395226
0.001416445
0.001420021
0.001554012
0.001393795
0.001516819
0.001369238
0.001550198
0.001461744
0.001498938
0.001390696
0.001485348
0.001408100
0.001361132
0.001369715
0.001468420
0.001435041
0.001386166
0.001442432
0.001493216
0.001369953
0.001494408
0.001492023
0.001456976
0.001420498
0.001618862
0.001401663
0.001510382
0.001395941
0.001506329
0.001375437
0.001489639
0.001489639
0.001400232
0.001368284
0.001484156
0.001394033
0.001392841
0.001578808
0.001474380
0.001413107
0.001598120
0.001382828
0.001548767
0.001381636
0.001533747
0.001410484
0.001465559
0.001376629
0.001539946
0.001375198
0.001518488
0.001475096
0.001418352
0.001369715
0.001534700
0.001370430
0.001507759
0.001386404
0.001505852
0.001427412
0.001439095
0.001490593
0.001408815
0.001363516
0.001498699
0.001376629
0.001508951
0.001395941
0.001483679
0.001462460
0.001422167
0.001379013
0.001497984
0.001380682
0.001472235
0.001371384
0.001550198
0.001396656
0.001479149
0.001376867
0.001360178
0.001371145
0.001353741
0.001365423
0.001350164
0.001372814
0.001351357
0.001425028
0.001414299
0.001480103
0.001379013
0.001529932
0.001451731
0.001346588
0.001359463
0.001468897
0.001388311
0.001522779
0.001357555
0.001363993
0.001360178
0.001371861
0.001367092
0.001362324
0.001368999
0.001408100
0.001382351
0.001462460
0.001510859
0.001519680
0.001500607
0.001383066
0.001484394
0.001360178
0.001524687
0.001363754
0.001379013
0.001354694
0.001491308
0.001368999
0.001517057
0.001553059
0.001464605
0.001364708
0.001389742
0.001361847
0.001536131
0.001381397
0.001541138
0.001382351
0.001418114
0.001386404
0.001527548
0.001433134
0.001425266
0.001385450
0.001390457
0.001383781
0.001374722
0.001360178
0.001443863
0.001355886
0.001621246
0.001362562
0.001706600
0.001382828
0.001586199
0.001375914
0.001744032
0.001394033
0.001751423
0.001440287
0.004226208
0.001481771
0.001380920
0.001394987
0.001374960
0.001380444
0.001365900
0.001402140
0.001376629
0.001408100
0.001369238
0.001436472
0.001379013
0.001622915
0.001379728
0.001780510
0.001377344
0.001691103
0.001378298
0.001725912
0.001381636
0.001670361
0.001376152
0.001981974
0.001378775
0.001383066
0.001392365
0.001537800
0.001374722
0.001682520
0.001364470
0.001372814
0.001355410
0.001378298
0.001374960
0.001395464
0.001514196
0.001486540
0.001425028
0.001410246
0.001993895
0.002001524
0.001974583
0.002081633
0.002107143
0.001492262
0.001463652
0.001430750
0.001465321
0.001437426
0.001441002
0.001429081
0.001461983
0.001447916
0.001490355
0.001444340
0.001491070
0.001439333
0.001452684
0.001450777
0.001442432
0.001678944
0.001466751
0.001484394
0.002129555
0.001377583
0.001350641
0.001422644
0.001369476
0.001357317
0.001356363
0.001361609
0.001361609
0.001391649
0.001362801
0.001507044
0.001374960
0.001505852
0.001379728
0.001507044
0.001389265
0.001496553
0.001439333
0.001441240
0.001384735
0.001410723
0.001379728
0.001413822
0.001383781
0.001419783
0.001380444
0.001408815
0.001379490
0.001423359
0.001372576
0.001412868
0.001382828
0.001417637
0.001380682
0.001432896
0.001375914
0.001421452
0.001374245
0.001418114
0.001384974
0.001421690
0.001387596
0.001413107
0.001372814
0.001415730
0.001367092
0.001420259
0.001364231
0.001482487
0.001365900
0.001543999
0.001360178
0.001533508
0.001363516
0.001543522
0.001358747
0.001562834
0.001359940
0.001572132
0.001365185
0.002215862
0.001951218
0.001977921
0.001428843
0.001539469
0.001370907
0.001419544
0.001504660
0.001419544
0.001476765
0.001403809
0.001495123
0.001405478
0.001480818
0.001406193
0.001465797
0.001408577
0.001523495
0.001405001
0.001402855
0.001412868
0.001363039
0.001405239
0.001355648
0.001399755
0.001363754
0.001404285
0.001369476
0.001406193
0.001379967
0.001402140
0.001380205
0.001400471
0.001415014
0.001401901
0.001360655
0.001439571
0.001361132
0.001407862
0.001358032
0.001399279
0.001353741
0.001402617
0.001356125
0.001421452
0.001359224
0.001401186
0.001359940
0.001410723
0.001352549
0.001564741
0.001365423
0.001439571
0.001374245
0.001417875
0.001363277
0.001433611
0.001363277
0.005256891
0.001698494
0.001754761
0.001416445
0.001376390
0.001507044
0.001358032
0.001379013
0.001409769
0.001400948
0.001380205
0.001458168
0.001397371
0.001472473
0.001368999
0.001550913
0.001368999
0.001378775
0.001364708
0.001430988
0.001363754
0.001469135
0.001369238
0.001468182
0.001360416
0.001459599
0.001364231
0.001444578
0.001365900
0.001452208
0.001354694
0.001474619
0.001366377
0.001374960
0.001372337
0.001362085
0.001360416
0.001362562
0.001347780
0.001528978
0.001365900
0.001527071
0.001363277
0.001514435
0.001371622
0.001370192
0.001350641
0.001435757
0.001358509
0.001530170
0.001358509
0.001369953
0.001363516
0.001383305
0.001371384
0.001377344
0.001354456
0.001369238
0.001441956
0.001364231
0.001479387
0.001373291
0.001473188
0.001363993
0.001572132
0.001499653
0.001369953
0.001368523
0.001482487
0.001379013
0.002084970
0.001965284
0.001424551
0.001494169
0.001485825
0.001630068
0.001416683
0.001474142
0.001373529
0.001537561
0.001397848
0.001517296
0.001362085
0.001518250
0.001381397
0.001518250
0.001379251
0.001496077
0.001382113
0.001511335
0.001387835
0.001528502
0.001374006
0.001387358
0.001369715
0.001395464
0.001369476
0.001516819
0.001370430
0.001366138
0.001361370
0.001520634
0.001430750
0.001434088
0.001365662
0.001450539
0.001361132
0.001427889
0.001401424
0.001451731
0.001381636
0.001441240
0.001387596
0.001441956
0.001418352
0.001422405
0.001402378
0.001444101
0.001395941
0.001431465
0.001379013
0.001424074
0.001377106
0.001444817
0.001363277
0.001421928
0.001376152
0.001442432
0.001383066
0.001440287
0.001389265
0.001443863
0.001409054
0.001440525
0.001402378
0.001435757
0.001388073
0.001442671
0.001407146
0.001444817
0.001400471
0.001425982
0.001404762
0.001441479
0.001392603
0.001447916
0.001369476
0.001447916
0.001370192
0.001426458
0.001420736
0.001425266
0.001415253
0.001432180
0.001420498
0.001450062
0.001442909
0.001533747
0.001433849
0.001431942
0.001399755
0.001439095
0.001432657
0.001444340
0.001405001
0.001453638
0.001415968
0.001452208
0.001388788
0.001446962
0.001407623
0.001458883
0.001414537
0.001456261
0.001405954
0.001439571
0.001381874
0.001422882
0.001402378
0.001419783
0.001400471
0.001437902
0.001415968
0.001446724
0.001409769
0.001447916
0.001397610
0.001460075
0.001384497
0.001543045
0.001361847
0.001512766
0.001541376
0.001439810
0.001426458
0.001445055
0.001442432
0.001451492
0.001405716
0.001446009
0.001403809
0.001443148
0.001366377
0.001450777
0.001386881
0.001450777
0.001406193
0.001443624
0.001357794
0.001450777
0.001388788
0.001434326
0.001381636
0.001427412
0.001406431
0.001430750
0.001384974
0.001425028
0.001386881
0.001449585
0.001375437
0.001434088
0.001386881
0.001424789
0.001401663
0.001440048
0.001377821
0.001457453
0.001408815
0.001450539
0.001529455
0.001522064
0.001431942
0.001422644
0.001351357
0.001427412
