0.021016121
0.005733013
0.005388021
0.005334377
0.014007092
0.008347034
0.006198883
0.005427837
0.005668163
0.004703283
0.007978201
0.006139040
0.005391359
0.005358696
0.004881620
0.008420229
0.006099701
0.005414724
0.005553246
0.004910946
0.008116961
0.005846262
0.005557060
0.005354643
0.004801035
0.008276463
0.005872965
0.005536795
0.005450010
0.004961967
0.007892847
0.006170750
0.005836725
0.005330324
0.004797697
0.008013010
0.006041288
0.005680084
0.005360842
0.004822254
0.010840654
0.005789518
0.005384922
0.005357981
0.004687786
0.008087873
0.010626316
0.005413055
0.005353451
0.005036116
0.008294582
0.006011486
0.005457878
0.005350828
0.004825830
0.011492014
0.007792473
0.007071495
0.005320787
0.004682064
0.008257151
0.005922556
0.005387783
0.005345583
0.004702330
0.010300875
0.006695032
0.005460024
0.005387306
0.004684687
0.007933617
0.005969286
0.005652666
0.005364895
0.004722357
0.008096457
0.005835056
0.005390644
0.005407333
0.004686594
0.008113146
0.005946398
0.005783081
0.005364418
0.004940987
0.010047913
0.005841017
0.005324841
0.005348921
0.004843473
0.007907391
0.006167650
0.005575895
0.005356073
0.004687786
0.010488033
0.005845308
0.005540133
0.005338192
0.004728317
0.010134697
0.006666422
0.005480289
0.005320311
0.004721642
0.008127213
0.005868673
0.005580664
0.005786419
0.004771709
0.010712385
0.007119179
0.005709410
0.005316257
0.004719257
0.008361101
0.005931854
0.005430698
0.005390406
0.004818916
0.008281469
0.006834269
0.005773067
0.005773306
0.005691528
0.010739326
0.006284714
0.005635262
0.005741596
0.004960299
0.008784294
0.005851746
0.005376339
0.005324841
0.005291462
0.010830164
0.005681038
0.005397797
0.005543232
0.004878521
0.010448933
0.008684635
0.005386353
0.005358696
0.004886627
0.008825779
0.006183863
0.006006718
0.005692005
0.005471230
0.010294437
0.006911516
0.005605221
0.005370140
0.005002260
0.008468866
0.005814552
0.005436182
0.005331278
0.004721642
0.007972240
0.006089449
0.005793571
0.005351067
0.004846811
0.008173466
0.006011486
0.005570650
0.005494356
0.004802704
0.007922888
0.006289482
0.005631685
0.005416393
0.004673481
0.010603189
0.007469893
0.006024122
0.005334139
0.004827499
0.008395672
0.005884409
0.005508900
0.005427837
0.004636288
0.008331299
0.005891085
0.005771637
0.005361557
0.004864216
0.008617878
0.005956411
0.005461216
0.005387545
0.005115032
0.008870602
0.006067038
0.005496979
0.005371332
0.004702091
0.008220673
0.006085396
0.005742550
0.005388737
0.004723072
0.008296967
0.005868196
0.005688429
0.005383968
0.004751444
0.007791281
0.005907297
0.005667925
0.005388260
0.004785299
0.008112907
0.005981207
0.005458117
0.005517483
0.004916906
0.008879423
0.006323338
0.005739212
0.005380154
0.005060673
0.008093119
0.006115437
0.005631924
0.005384684
0.004994869
0.010419607
0.006638765
0.005816460
0.005355835
0.004706383
0.008046150
0.005896807
0.005381107
0.005385637
0.004698038
0.010310173
0.006325006
0.005587578
0.005355597
0.004822731
0.008036375
0.005909443
0.005387783
0.005337477
0.004701138
0.008341312
0.006310225
0.005598783
0.005377293
0.004715681
0.008059502
0.006017685
0.005675316
0.005409002
0.004705667
0.008117676
0.006039143
0.005390406
0.005367994
0.004677057
0.008356094
0.005959511
0.005740404
0.005370140
0.004845858
0.010362864
0.006550789
0.005612850
0.005341530
0.004663229
0.010429382
0.007120848
0.005739689
0.005390406
0.004716873
0.010068655
0.005824804
0.005760431
0.005414963
0.004863501
0.011116505
0.006114960
0.005568743
0.005640984
0.005536556
0.008170366
0.005989313
0.005787373
0.005385637
0.004794359
0.008420944
0.005872011
0.005403042
0.005377054
0.004715204
0.008536577
0.005953074
0.005479336
0.005365849
0.004918575
0.008240938
0.006813288
0.005998850
0.005722523
0.004804134
0.009319544
0.005809546
0.005414486
0.005383492
0.004810572
0.010165453
0.005787373
0.005520105
0.005275726
0.004796982
0.010715246
0.006493092
0.005614519
0.005381107
0.004698038
0.008008957
0.006056070
0.005560160
0.005379200
0.004788399
0.009591818
0.005780220
0.005566120
0.005331993
0.004846811
0.008687258
0.005979300
0.005687237
0.005355597
0.004796028
0.008077621
0.006181002
0.005608082
0.005341291
0.004882812
0.008153200
0.006040573
0.005383968
0.005400658
0.004796982
0.007705688
0.006092310
0.005416393
0.005707502
0.004748583
0.008125067
0.005991936
0.005447149
0.005388975
0.004697561
0.008710146
0.007204294
0.005689621
0.005390644
0.004918814
0.008289337
0.005858898
0.005377293
0.005374908
0.004700899
0.008607864
0.006254911
0.005713463
0.005337000
0.004730463
0.009770393
0.005861759
0.005699396
0.005322218
0.004898548
0.008185387
0.005701542
0.005525112
0.005386114
0.004691124
0.008143902
0.006149292
0.005656004
0.005388260
0.004700661
0.009994745
0.006015301
0.005403042
0.005368471
0.004809618
0.007940531
0.006160021
0.005582094
0.005371332
0.004719973
0.010209560
0.006126881
0.005664110
0.005352020
0.004702568
0.008266687
0.006246328
0.005724669
0.005372763
0.004812479
0.008442879
0.006011248
0.006821394
0.005374670
0.004883289
0.008096457
0.006019354
0.005575418
0.005355835
0.005198717
0.008717775
0.005986929
0.005421877
0.005371809
0.004987955
0.008884192
0.005843878
0.005504370
0.005348206
0.004711866
0.008464575
0.005878687
0.005402565
0.005333185
0.004890919
0.008857727
0.006718874
0.005680799
0.006233215
0.005575418
0.008281231
0.005822897
0.005533218
0.005610228
0.004723310
0.008377552
0.005812645
0.005476236
0.005768538
0.004787683
0.007952452
0.006111145
0.005703211
0.005348682
0.004814863
0.008493185
0.005877495
0.005542517
0.005457878
0.004714966
0.007930279
0.006163359
0.005441666
0.005385637
0.004820585
0.008446932
0.005954504
0.005482674
0.005378962
0.004687309
0.008178949
0.006052017
0.006128073
0.005390167
0.004802227
0.008059263
0.006230831
0.005669594
0.005362034
0.004837990
0.008210421
0.005895853
0.005433798
0.005686283
0.004841566
0.008271933
0.005990267
0.005679607
0.005364895
0.004691601
0.008399010
0.006328821
0.005626917
0.005356312
0.004778385
0.008049488
0.006154537
0.005802393
0.005400419
0.004707575
