0.113540888
0.091321468
0.090240002
0.092403412
0.089958906
0.090468884
0.089978933
0.090424299
0.093972921
0.096458912
0.092750549
0.097735882
0.090467691
0.094375610
0.089843750
0.091678381
0.091086388
0.094687462
0.092471361
0.092703819
0.093619823
0.089951038
0.094986916
0.090998173
0.093941927
0.093487263
0.091122150
0.093670845
0.097058296
0.095524073
0.093245745
0.090376377
0.092410326
0.090312004
0.092479467
0.096294165
0.091297150
0.089295626
0.089935541
0.092500925
0.092972517
0.091309309
0.093908548
0.092365026
0.091989756
0.091158390
0.096122265
0.090089083
0.094431162
0.091252565
0.091065407
0.090980291
0.092156649
0.093187809
0.093601227
0.095966101
0.093218803
0.094370604
0.092425585
0.091219664
0.091378689
0.095924616
0.093869448
0.091565847
0.095045805
0.089798689
0.089851141
0.091227531
0.093004227
0.089865208
0.092954397
0.091652632
0.095333099
0.091127634
0.092057228
0.093843460
0.093621731
0.093206406
0.094392300
0.092284679
0.093590021
0.093027353
0.094482660
0.092157602
0.092531681
0.091408491
0.089317322
0.098839998
0.091209173
0.091017485
0.092833996
0.091355324
0.092991114
0.091334581
0.092763901
0.091474056
0.090923071
0.092117310
0.093394279
0.092894077
