0.003144979
0.001833439
0.001704931
0.001367092
0.001595497
0.001606941
0.001413345
0.001680851
0.001379967
0.001977444
0.001370430
0.001765966
0.001367092
0.001781464
0.001374006
0.001775503
0.001367092
0.001592875
0.001362801
0.001752853
0.001359224
0.001651764
0.001356840
0.002698898
0.002726555
0.002705574
0.002461195
0.002508879
0.002489567
0.002539635
0.002508402
0.001940250
0.001370668
0.002898693
0.002470732
0.001665592
0.001363039
0.001976252
0.002030134
0.001472950
0.001665115
0.001380920
0.001591206
0.001376152
0.001603842
0.001379728
0.001652479
0.001382589
0.001651287
0.001374483
0.001640081
0.001532793
0.001899719
0.001387358
0.001536369
0.001421928
0.001837969
0.001402140
0.001767397
0.001397610
0.001765490
0.001418591
0.001740456
0.001408339
0.001721144
0.001435757
0.001642704
0.001472712
0.001589060
0.001465082
0.001576185
0.001434565
0.001684666
0.001382113
0.001741886
0.001449108
0.001640797
0.001442194
0.001707554
0.001394510
0.001760483
0.001390934
0.001800299
0.001388788
0.001744270
0.001391172
0.001732826
0.001459360
0.001676798
0.001441240
0.001639128
0.001394272
0.001853704
0.001394749
0.001601696
0.001394033
0.001551867
0.001635313
0.001626015
0.001420975
0.001634359
0.001407623
0.001613617
0.001403332
0.001578331
0.001420259
0.001558065
0.001416683
0.001476049
0.001420021
0.001478672
0.001420498
0.001461267
0.001625299
0.001401901
0.001391172
0.001614571
0.001389742
0.001610041
0.001394987
0.001598597
0.001411438
0.001561165
0.001664877
0.001421690
0.001374245
0.001663208
0.001403570
0.001641035
0.001382113
0.001604319
0.001392841
0.001675844
0.001401424
0.001626253
0.001390457
0.001647234
0.001397610
0.001614571
0.001387119
0.001617432
0.001399517
0.001633883
0.001381874
0.001642466
0.001390457
0.001616478
0.001393795
0.001550436
0.001393795
0.001414537
0.001387119
0.001367092
0.001431942
0.001374245
0.001429319
0.001372099
0.001442671
0.001369715
0.001438856
0.001371622
0.001423597
0.001361609
0.001417160
0.001377344
0.001413107
0.001395226
0.001422644
0.001369715
0.001560450
0.001379251
0.001580954
0.001379728
0.001583576
0.001379728
0.001697540
0.001379251
0.001650810
0.001364708
0.001647472
0.001368046
0.001630783
0.001377344
0.001657248
0.001386881
0.001664162
0.001375198
0.001653671
0.001369715
0.001580477
0.001371622
0.001415253
0.001381636
0.001394033
0.001374245
0.001375437
0.001370907
0.001387119
0.001364231
0.001399994
0.001378298
0.001379728
0.001371384
0.001381874
0.001491070
0.001375914
0.001713991
0.001368523
0.001456738
0.001385689
0.001457691
0.001367569
0.001480818
0.001370907
0.001670837
0.001364470
0.001494884
0.001357079
0.001483440
0.001358747
0.001515627
0.001362085
0.001483440
0.001374006
0.001477718
0.001373529
0.001463175
0.001356602
0.001455307
0.001358747
0.001373529
0.001352787
0.001374722
0.001359463
0.001368284
0.001350880
0.001377583
0.001368999
0.001399279
0.001378059
0.001370192
0.001369953
0.001387119
0.001371384
0.001372099
0.001384735
0.001375437
0.001379013
0.001605988
0.001748085
0.002731323
0.001854181
0.001804590
0.001386404
0.001564026
0.001517296
0.001381397
0.001503229
0.001519680
0.001494169
0.001371622
0.001469374
0.001369715
0.001463890
0.001368523
0.001539946
0.001380682
0.001443148
0.001381874
0.001425505
0.001381397
0.001352787
0.001376629
0.001394033
0.001373529
0.001382351
0.001379251
0.001379728
0.001386404
0.001388550
0.001420259
0.001395464
0.001433372
0.001364708
0.001437187
0.001367807
0.001461744
0.001362085
0.001564503
0.001386404
0.001542091
0.001368523
0.001530409
0.001370668
0.001469851
0.001361609
0.001799822
0.001372576
0.001733065
0.001370192
0.001681328
0.001410007
0.001631498
0.001407385
0.001741171
0.001412392
0.001490593
0.001388550
0.001450777
0.001390219
0.001496315
0.001406908
0.001663446
0.001396656
0.001612663
0.001388550
0.001513958
0.001359940
0.001395464
0.001389980
0.001466274
0.001378536
0.001418352
0.001389027
0.001389980
0.001388788
0.001388788
0.001408339
0.001404047
0.001470089
0.001390219
0.001463413
0.001386166
0.001501799
0.001395702
0.001682281
0.001426220
0.001503706
0.001417160
0.001438141
0.001406908
0.001410484
0.001440287
0.001411915
0.001426935
0.001377583
0.001415491
0.001434803
0.001434326
0.001428604
0.001410007
0.001551628
0.001426697
0.001481295
0.001412868
0.001441479
0.001435518
0.001369238
0.001411438
0.001378536
0.001601934
0.001364946
0.001388073
0.001512289
0.001398087
0.001525640
0.001393318
0.005750895
0.001435280
0.002507925
0.002638102
0.001371145
0.001442909
0.001517773
0.001355171
0.001693249
0.001368523
0.001523495
0.001361132
0.001721621
0.001360655
0.001636505
0.001368046
0.001589298
0.001363039
0.001557589
0.001365900
0.001404762
0.001379728
0.001481533
0.001450300
0.001469612
0.001440525
0.001765966
0.001374245
0.001758814
0.001368523
0.001749992
0.001371145
0.001817942
0.001382589
0.001827002
0.001370430
0.001792669
0.001376152
0.001826525
0.001374006
0.001760483
0.001374722
0.001725197
0.001371622
0.001556158
0.001430035
0.001484871
0.001429558
0.001465082
0.001448154
0.001433372
0.001455545
0.001455545
0.001449823
0.001450777
0.001451015
0.001458883
0.001485825
0.001462221
0.001662970
0.001397848
0.001789808
0.001377821
0.001802921
0.001377344
0.001685381
0.001411200
0.001745939
0.001375437
0.001747608
0.001374245
0.001470089
0.001421690
0.001747131
0.001378059
0.001447916
0.001426220
0.001436472
0.001430273
0.001419306
0.001467466
0.001421213
0.001466274
0.001456499
0.001649380
0.001401186
0.001828194
0.001376867
0.001780748
0.001374245
0.001801491
0.001390934
0.001811266
0.001378775
0.001777411
0.001373768
0.001815081
0.001381159
0.001850843
0.001391888
0.001825571
0.001378536
0.001789331
0.001376152
0.001773596
0.001383305
0.001773119
0.001379013
0.001792192
0.001398325
0.001434565
0.001462221
0.001441002
0.001758814
0.001382828
0.001815319
0.001389980
0.001810312
0.001378298
0.001797438
0.001371622
0.001715899
0.001396894
0.001449823
0.001368761
0.001461506
0.001380682
0.002524614
0.002774000
0.001455069
0.001370668
0.002511501
0.002228737
0.001410484
0.001369238
0.001547098
0.001362562
0.001538992
0.001373529
0.002615929
0.001838207
0.001369238
0.001613140
0.001365900
0.001582146
0.001362562
0.001541853
0.001360655
0.001536131
0.001363277
0.001506567
0.001378536
0.001468658
0.001373768
0.001416683
0.001391649
0.001406193
0.001410723
0.001403570
0.001426220
0.001391888
0.001415730
0.001375914
0.001438856
0.001370192
0.001428366
0.001369953
0.001416922
0.001381636
0.001447916
0.001658916
0.001359701
0.001662254
0.001383305
0.001698732
0.001369715
0.001595974
0.001369238
0.001801968
0.001377821
0.001530409
0.001365423
0.001391411
0.001420498
0.001384020
0.001418352
0.001378536
0.001436710
0.001405478
0.001401663
0.001417875
0.001407862
0.001373053
0.001403570
0.001386166
0.001408339
0.001389503
0.001406670
0.001396179
0.001402378
0.001381636
0.001410007
0.001376390
0.001406908
0.001372099
0.001413345
0.001391411
0.001408100
0.001524687
0.001367807
0.001800776
0.001379728
0.001607895
0.001366377
0.001591682
0.001374483
0.001375198
0.001432657
0.001388311
0.001389265
0.001378775
0.001410484
0.001378775
0.001404047
0.001375437
0.001393318
0.001379013
0.001394033
0.001376867
0.001405239
0.001379013
0.001399994
0.001465082
