0.188395262
0.192937851
0.192640305
0.192881346
0.192746878
0.192986488
0.192871332
0.192714930
0.192836523
0.192839622
0.192670822
0.192712307
0.192738056
0.192696333
0.192883968
0.193070889
0.192674875
0.171542406
0.192220926
0.192797899
0.192768335
0.192907095
0.192823887
0.193234205
0.194492102
0.193437576
0.194665194
0.193404198
0.192923546
0.192825794
0.192714930
0.193031073
0.194835901
0.194422007
0.194339275
0.173882246
0.197601080
0.194892406
0.196101189
0.197127581
0.195825577
0.195532560
0.197426558
0.196194410
0.195433140
0.195452213
0.195476532
0.196402311
0.195545673
0.195489168
0.197436094
0.196676970
0.197422028
0.175303221
0.198348522
0.198663950
0.198275805
0.198363543
0.198583841
0.198265076
0.198431730
0.198229313
0.198221684
0.198123693
0.198333740
0.198076487
0.198260784
0.198372126
0.198308945
0.198131084
0.198432446
0.176463127
0.199796200
0.198020697
0.199202061
0.199729204
0.199888468
0.199925423
0.199654818
0.200249195
0.201413631
0.200553656
0.201553583
0.200086355
0.199713230
0.199798107
0.199853659
0.201822042
0.200207472
0.177651882
0.200398445
0.200888395
0.201366663
0.202836275
0.202541828
0.201007605
0.200885057
0.201445818
0.201193810
0.201254606
0.201003313
0.201170206
0.201283216
0.201132298
0.201114655
0.201093435
0.200997114
0.178945541
0.201323986
0.203019142
0.202722788
0.203131437
0.204505205
0.203189611
0.202686310
0.202758312
0.202610493
0.202840567
0.202601433
0.202604532
0.202834368
0.204739809
0.203068972
0.202667713
0.204763174
0.181077957
0.203981876
0.204489231
0.202933311
0.203032970
0.204681873
0.204612255
0.206012249
0.203646183
0.206208229
0.204774141
0.204109192
0.204085827
0.204249859
0.204315424
0.204127789
0.204886913
0.206315517
0.182403326
0.206298113
0.206001043
0.205765009
0.205687523
0.205938816
0.205632925
0.205693245
0.205656290
0.205867290
0.205960274
0.205911398
0.207721710
0.207556725
0.205800295
0.205862045
0.205655575
0.205705643
0.182992220
0.202678680
0.206204414
0.205879450
0.205761671
0.205946684
0.205563307
0.205883980
0.205907345
0.205747843
0.205927610
0.205984116
0.205564976
0.205679178
0.205860376
0.206674814
0.208461285
0.206071615
0.183220148
0.200333595
0.206361532
0.205589294
0.208363771
0.205642700
0.204401731
0.204252005
0.207230330
0.205680609
0.205824375
0.205897331
0.205742121
0.205070257
0.206843615
0.205926418
0.205682755
0.205973387
0.183185339
0.206556082
0.206262827
0.205667734
0.208176613
0.207249880
0.205812454
0.205827951
0.206031084
0.208582878
0.207444191
0.207107782
0.208061934
0.207509279
0.205873489
0.205750227
0.208596706
0.206878424
0.183171749
0.206429720
0.207322836
0.208036661
0.207483530
0.207638741
0.207805157
0.207605839
0.207356930
0.207413912
0.207581520
0.207221985
0.205621719
0.208251476
0.207497597
0.205676079
0.205749750
0.205836535
0.183208704
0.207718849
0.204178095
0.205794096
0.205534220
0.205738306
0.205764532
0.205975056
0.206037998
0.205834150
0.205405235
0.205955505
0.205798626
0.205718994
0.205790997
0.205777645
0.205855370
0.205876350
0.183324814
0.199578762
0.206337690
0.205233812
0.206973791
0.206071854
0.205020905
0.206684589
0.205100298
0.206763506
0.205905437
0.205797195
0.205022335
0.206861734
0.204985619
0.204285860
0.204079628
0.204114437
0.184016228
0.205725193
0.204209566
0.204092026
0.205514669
0.205794573
0.205948353
0.205913782
0.206184149
0.205600023
0.205866098
0.204136848
0.205873489
0.205858707
0.205615759
0.205709696
0.205737829
0.205960989
0.183093071
0.199876070
0.205289125
0.206682444
0.205399275
0.204447031
0.204316378
0.204255581
0.206764698
0.205835819
0.205725193
0.205062389
0.204451084
0.204128981
0.206759930
0.205064774
0.206631899
0.205327034
0.184208155
0.205763817
0.203897715
0.204273224
0.204427242
0.204080582
0.204080105
0.204265118
0.204616308
0.204076529
0.204373121
0.204464674
0.204100370
0.205345392
0.205959320
0.205476284
0.205837965
0.205970287
0.183525085
0.200620174
0.204749346
0.204376459
0.204128981
0.206629515
0.205447912
0.204423189
0.204421520
0.204142094
0.206983566
0.205683708
0.204518557
0.204605818
0.204416037
0.206579924
0.205820560
0.205622196
0.182090759
0.206485271
0.204586506
0.204385757
0.204938173
0.205804825
0.205729246
0.205758333
0.206058741
0.205752134
0.205896854
0.205970764
0.205904961
0.205946684
0.205247879
0.205866814
0.205996752
0.206136465
0.182734966
0.201987505
0.204745054
0.204302073
0.206722736
0.205434084
0.204294205
0.204048395
0.204376698
0.204298735
0.204431772
0.204317808
0.206725359
0.205607176
0.204615116
0.204231739
0.206722736
0.205305815
0.184253216
0.206901789
0.204554081
0.204302549
0.205328226
0.206251860
0.205957651
0.206027031
0.205529451
0.206099272
0.206301689
0.205167294
0.205883503
0.205154896
0.206207752
0.204229593
0.204987049
0.206011534
0.182435036
0.201704025
0.204485178
0.204340458
0.204231739
0.205023766
0.204154015
0.205150843
0.203946352
0.205211878
0.206437111
0.205427885
0.204128504
0.204213858
0.204414606
0.204354286
0.204412460
0.204227209
0.181704998
0.200965643
0.204692602
0.204337358
0.204273224
0.204326391
0.204249144
0.206470966
0.204954624
0.205048561
0.206191778
0.204634190
0.204185724
0.204184532
0.204505920
0.206449747
0.204747677
0.204381943
0.183650970
0.204742432
0.204320669
0.204563141
0.204355240
0.204397440
0.205629826
0.205839396
0.204515696
0.204117775
0.204235792
0.204211950
0.204323053
0.204222918
0.205765247
0.206088543
0.205862761
0.205705404
0.181835651
0.202274323
0.202982664
0.202852488
0.202858925
0.202828884
0.204588890
0.204204321
0.204197407
0.205232620
0.204316616
0.203869104
0.202539444
0.204766273
0.204340219
0.204220533
0.204077959
0.204110384
0.182017803
0.199158192
0.203020573
0.202640533
0.202752829
0.205125093
0.203762293
0.205247641
0.204141617
0.202766180
0.202601910
0.205327511
0.203957319
0.202652216
0.205112696
0.204177141
0.205007792
0.204093218
0.182571888
0.196812630
0.203485012
0.202364922
0.203450203
0.202350378
0.203706980
0.202676773
0.203063011
0.202853203
0.202904701
0.202672482
0.202797651
0.202729464
0.202738285
0.202486277
0.202668428
0.202903032
0.180425406
0.198177338
0.203509569
0.202577353
0.202914238
0.202741146
0.205203056
0.204192162
0.204372883
0.204533815
0.204066992
0.204999685
0.203815222
0.205055952
0.203801632
0.205167532
0.204289675
0.204236984
0.182062387
0.199956894
0.204744577
0.204300165
0.204209089
0.203241587
0.202994347
0.206275702
0.203400850
0.204764843
0.206387520
0.203673124
0.205134630
0.203285217
0.204623461
0.203484535
0.205424070
0.204197884
0.181657314
0.204852343
0.203583956
0.204316616
0.204963207
0.205916882
0.204613924
0.204347134
0.204267740
0.204371929
0.204221487
0.204771757
0.206211329
0.204569578
0.204902411
0.205925226
0.205910444
0.205845118
0.182588577
0.203734875
0.204728127
0.204271078
0.204120159
0.206433296
0.205703020
0.206738949
0.205435514
0.204340935
0.206639767
0.206182003
0.205974817
0.205853224
0.205774069
0.206929445
0.205296993
0.206681013
0.183027983
0.207665205
0.203754663
0.204477549
0.205255747
0.206007004
0.204268456
0.204252720
0.205163240
0.205715179
0.204196930
0.204146624
0.204113722
0.204367399
0.205265045
0.206011534
0.204243183
0.204159021
0.182539701
0.201948643
0.204730749
0.204190016
0.203814268
0.206456661
0.204260111
0.202920198
0.206513405
0.205636740
0.204272747
0.204385281
0.204211473
0.206656218
0.205441475
0.204142094
0.204319715
0.204271555
0.181749582
0.202921867
0.206227779
0.204600334
0.204650879
0.206306219
0.205070734
0.206317186
0.205234528
0.206039667
0.205647707
0.204964161
0.206272364
0.205071449
0.206232071
0.206044674
0.205868244
0.206014395
0.182390690
0.205330849
0.205086946
0.204381943
0.204343557
0.204291105
0.204265118
0.206635952
0.205625057
0.204255104
0.206445932
0.205919981
0.204581738
0.204358816
0.204146624
0.204189062
0.204255581
0.206490517
0.183162212
0.198665380
0.205229282
0.203406096
0.202719212
0.205523252
0.204416752
0.203683376
0.205420494
0.204264879
0.203547478
0.202701807
0.205251694
0.203837395
0.205190897
0.203692913
0.202856541
0.202443361
0.180565357
0.201153994
0.204943180
0.203709364
0.204877615
0.204329491
0.204311371
0.204328775
0.204292059
0.204407930
0.206510305
0.205951452
0.205278635
0.206319571
0.205007553
0.204451084
0.204808474
0.206174850
0.182351351
0.205462456
0.202327967
0.202836752
0.203490257
0.204330683
0.203623772
0.204451799
0.204429626
0.204247475
0.204292536
0.204228401
0.204361200
0.203713894
0.204369068
0.204272032
0.203563690
0.204465866
0.181687355
0.203913927
0.203454494
0.204129696
0.204200268
0.204321861
0.204209566
0.204365492
0.204568386
0.204308271
0.204212666
0.204489231
0.204536915
0.204279900
0.204179287
0.204455853
0.205433607
0.205883741
0.181825161
0.204556465
0.204747200
0.204357624
0.204200506
0.204174519
0.204329014
0.204450369
0.204277039
0.204249859
0.204357624
0.204231977
0.204473019
0.204216480
0.205940485
0.205576897
0.204410791
0.204411745
0.181778908
0.202914715
0.203763962
0.204070091
0.204820633
0.204184294
0.202776909
0.202789783
0.204701424
0.204349041
0.204273701
0.203875303
0.204263210
0.204429626
0.204213858
0.204154015
0.202534676
0.204692364
0.181244850
0.203791380
0.203145742
0.202624321
0.202792645
0.202649593
0.204749107
0.204129457
0.202541351
0.204175234
0.204096556
0.202778101
0.204522848
0.204196215
0.202557564
0.202546835
0.204293013
0.204169750
0.180556774
0.202960491
0.201333046
0.202721357
0.202741861
0.202750683
0.202788591
0.202639580
0.202302217
0.202798128
0.202633619
0.202331781
0.202826738
0.202869415
0.203790665
0.204454184
0.202739239
0.202863216
0.180846691
0.204017401
0.201037407
0.202885866
0.202757120
0.202840328
0.202939987
0.202899694
0.202579021
0.202862263
0.202791691
0.203308582
0.204354763
0.203684330
0.204426289
0.203113079
0.202836990
0.203403473
0.182377815
0.202168941
0.202924728
0.202570677
0.202554226
0.202682734
0.202606916
0.202850342
0.202734470
0.202784061
0.202639341
0.202742815
0.202848434
0.202803135
0.204858065
0.203123331
0.203223228
0.204797983
0.181239128
0.200148344
0.203468084
0.201641560
0.203571081
0.202790976
0.202678442
0.203060389
0.202799797
0.203004122
0.202077627
0.203494787
0.202740908
0.202803373
0.202841997
0.202803612
0.202857018
0.201812267
0.179200888
0.195492268
0.201713800
0.200833559
0.199847698
0.202150345
0.200925827
0.202220201
0.201323986
0.201241016
0.201202631
0.201306820
0.201291084
0.203813791
0.202479362
0.203232527
0.202583313
0.203533173
0.180458069
0.200966597
0.198582172
0.199630737
0.199853420
0.200095654
0.199820995
0.200434446
0.201551914
0.201564550
0.199865818
0.200267315
0.201738834
0.200086355
0.199993610
0.201632023
0.200449228
0.201644659
0.178428173
0.199166298
0.200329781
0.200129509
0.199939728
0.199995279
0.199981689
0.199860573
0.199777603
0.198611736
0.198513269
0.198431492
0.198395252
0.198537350
0.198893547
0.198964596
0.200236559
0.199325085
0.178474426
0.197314739
0.198632479
0.198675871
0.196967363
0.196908712
0.197987556
0.198414803
0.198582411
0.197606325
0.198790073
0.197868586
0.198819399
0.197446823
0.199142456
0.198548079
0.197571039
0.197087288
0.175526857
0.194518805
0.198028088
0.196559906
0.195877790
0.195894480
0.195616007
0.196531534
0.195536852
0.197780132
0.197110415
0.197046995
0.197095871
0.197116375
0.198378325
0.198106050
0.196890116
0.197003365
0.175386667
0.196953773
0.195468187
0.195625544
0.195658207
0.196445942
0.197197437
0.196101189
0.195968866
0.195779085
0.195554256
0.195563793
0.195666075
0.195801973
0.195588827
0.195030451
0.194379091
0.194276571
0.173041105
0.194127321
0.194019318
0.194530725
0.194417238
0.194261551
0.194094181
0.194612741
0.196167469
0.194981337
0.194417238
0.194464445
0.194051504
0.195295572
0.193995953
0.195363283
0.194559336
0.194524288
0.174391747
0.194868326
0.193370342
0.193282843
0.194758415
0.194452047
0.194751740
0.193870783
0.192942858
0.193132401
0.193117142
0.193006277
0.193013191
0.195109844
0.194398642
0.194587469
0.194360018
0.194322109
0.172946215
0.193673134
0.193197489
0.193127155
0.192911625
0.192839622
0.193084717
0.195598125
0.195608854
0.194258928
0.192943096
0.192929268
0.193565130
0.194471359
0.193722248
0.194615602
0.193143368
0.193133354
0.171661615
0.193519115
0.193163395
0.193095684
0.192930222
0.193055153
0.193169355
0.194519520
0.193562031
0.192978144
0.192891121
0.192966938
0.192793131
0.193138838
0.192972660
0.192746639
0.192859888
0.194367647
0.173028469
0.193876982
0.192963123
0.193275690
0.193356991
0.193165302
0.193003654
0.193157673
0.192943573
0.193036556
0.193083525
0.192904472
0.192965269
0.192749262
0.193157196
0.194720268
0.193497419
0.192967415
0.171776533
0.192853928
0.192973614
0.193168402
0.192872047
0.193086386
0.193006039
0.193182468
0.193000317
0.193050146
0.193059683
0.192897320
0.192933321
0.192969084
0.193060875
0.192939997
0.192937613
0.193025112
0.171886921
0.192285299
0.192974329
0.193073511
0.193188429
0.193134069
0.193124294
0.193250656
0.193075895
0.193208933
0.192948341
0.193289280
0.193116903
0.193186283
0.193101406
0.192983627
0.192944050
0.193229437
0.171967983
0.194006920
0.193077087
0.193145752
0.193222284
0.193253756
0.193043470
0.193279028
0.193022966
0.193110943
0.192941189
0.193120718
0.193077087
0.192998886
0.193216801
0.193094730
0.193057299
0.193188190
0.171874523
0.193068743
0.193153381
0.193013430
0.192905664
0.193016291
0.193118811
0.193088055
0.193026543
0.192945719
0.193124771
0.193164825
0.193016052
0.193168879
0.193105459
0.192894697
0.193149567
0.193195343
0.171787500
0.194092035
0.193182945
0.192874432
0.193092346
0.192898273
0.193071127
0.193136215
0.192895174
0.192831755
0.193142414
0.192914724
0.193043470
0.192964315
0.192878485
0.192972660
0.193034172
0.193064213
0.171997309
0.193835974
0.193020582
0.192938566
0.193235874
0.193088293
0.193075180
0.193081856
0.192959785
0.192938328
0.193097591
0.193080664
0.193155527
0.193023205
0.193036079
0.193141699
0.192842722
0.192891836
0.171792507
0.192806482
0.193183899
0.192931175
0.193064451
0.192856789
0.192962170
0.193065882
0.193313599
0.192981720
0.192968369
0.193022966
0.193026543
0.193061590
0.192964077
0.193054676
0.192989826
0.193127632
0.171799421
0.193534613
0.193125248
0.193049192
0.193045855
0.193082333
0.192947149
0.192919970
0.192988157
0.193514109
0.193212748
0.192919970
0.193028450
0.193018913
0.193042994
0.193008900
0.193096876
0.192945957
0.171999931
0.193928003
0.193081379
0.192936182
0.192829132
0.192989111
0.192975283
0.192941427
0.192851305
0.192948580
0.193161726
0.192970037
0.192966223
0.193136930
0.193130970
0.193485498
0.193018675
0.193115234
0.171934366
0.193996906
0.193054676
0.192981720
0.193347454
0.193320036
0.193160772
0.193100452
0.193404198
0.193108559
0.193049908
0.193003416
0.192984581
0.192930937
0.192835808
0.193121433
0.193110228
0.193128586
0.171864986
0.192852497
0.192922115
0.192882299
0.192989111
0.192870378
0.192973852
0.193212748
0.193198919
0.193125486
0.193022966
0.193127632
0.193153858
0.193168402
0.193032503
0.193029165
0.193028450
0.193111658
0.171792984
0.193035841
0.193098783
0.192993879
0.193149328
0.193213463
0.193369627
0.193107843
0.193303108
0.193260193
0.192990303
0.193387270
0.193305492
0.192957878
0.192925692
0.192973614
0.193103075
0.193070173
0.171753407
0.193505287
0.193125486
0.192929268
0.193084002
0.193184614
0.193174601
0.192911625
0.193231106
0.193127394
0.192819834
0.193034410
0.193062067
0.193061590
0.193057060
0.193071604
0.192985535
0.192953110
0.172010183
0.193578959
0.192888021
0.193173409
0.193023682
0.192909241
0.193034887
0.193206787
0.193194151
0.193076849
0.193227530
0.193037033
0.193393469
0.193032742
0.193074703
0.193108320
0.193095446
0.193040133
0.171991110
0.193713427
0.193125248
0.192903996
0.192894220
0.192810297
0.193091393
0.192950726
0.192927837
0.193047762
0.193148851
0.193153858
0.193143129
0.193215370
0.192991734
0.192921162
0.193044662
0.192975283
0.171859980
0.194039345
0.192946911
0.193091154
0.193162441
0.193072319
0.193056345
0.193204165
0.192835331
0.193077564
0.192841530
0.192946911
0.193091154
0.192995548
0.193032980
0.192943096
0.193123341
0.193079710
0.171775818
0.193181276
0.192790985
0.193279505
0.193177938
0.193243504
0.193079710
0.192956924
0.193051338
0.192893982
0.193020582
0.193018436
0.193039656
0.192933559
0.192913055
0.192989111
0.193037748
0.192982674
0.172027826
0.194476128
0.193304539
0.193355560
0.193051815
0.193190098
0.192982197
0.193084955
0.193110466
0.192960978
0.193002701
0.192903996
0.193049669
0.192881584
0.193223476
0.192802429
0.193005323
0.192979574
0.171785355
0.193562508
0.192981243
0.192873001
0.192876577
0.193088770
0.193275213
0.193018436
0.193013191
0.193155766
0.193200827
0.193262100
0.193133831
0.192988634
0.193046331
0.192964792
0.193152905
0.192819595
0.171808720
0.193106651
0.192986727
0.193054199
0.192998648
0.193134069
0.193151236
0.193200588
0.192967892
0.193047047
0.192934513
0.192982674
0.192925453
0.192939997
0.193273544
0.192917824
0.193043947
0.192886829
0.171739101
0.192238569
0.192902088
0.193080425
0.193071365
0.193064690
0.193039894
0.192961454
0.193066359
0.192917347
0.193060637
0.193122149
0.193202019
0.193132401
0.193121195
0.193063498
0.193163872
0.192843676
0.171946526
0.193271637
0.193079233
0.193064928
0.192955732
0.192953587
0.193014860
0.192977667
0.193038940
0.193017483
0.192979336
0.193151951
0.193030834
0.193047047
0.193075657
0.193070173
0.193066835
0.193048000
0.171974421
0.193233967
0.193071127
0.192970276
0.192987919
0.193017244
0.193049908
0.192949772
0.193054676
0.193140268
0.192984104
0.192900896
0.193101883
0.193014383
0.192831278
0.193132401
0.193187952
0.192919254
0.171816111
0.192421675
0.192957640
0.193029881
0.192978144
0.193146467
0.192979813
0.193250895
0.193123817
0.193031073
0.192898512
0.193308115
0.192993879
0.193100214
0.193044662
0.192918062
0.192893982
0.193101168
0.171797991
0.194077730
0.192996979
0.192908525
0.193189621
0.192996502
0.192908049
0.193070412
0.193170786
0.193044186
0.192977190
0.193169594
0.192985296
0.192921162
0.193186283
0.193087339
0.192860842
0.193120718
0.171811819
0.192818880
0.193114758
0.193038702
0.193085909
0.192923307
0.193140745
0.193081617
0.193136215
0.193284273
0.193136692
0.192930937
0.193013430
0.193170786
0.193077087
0.193114758
0.192830324
0.193102598
0.171658754
0.194087029
0.192799091
0.192973614
0.192907810
0.193093538
0.193046331
0.192793131
0.193029881
0.193113327
0.193009377
0.193101406
0.193202496
0.193120718
0.193020105
0.192848206
0.192713499
0.192955494
0.171573400
0.193504333
0.192994595
0.193046093
0.193066120
0.193102598
0.193257093
0.193375587
0.193086624
0.193109512
0.193048239
0.193097353
0.193064451
0.193323374
0.193213701
0.193118095
0.193232059
0.192875624
0.171870232
0.192764997
0.192921162
0.192922831
0.193071604
0.193171501
0.192845583
0.192972183
0.192944288
0.193106890
0.193085909
0.193050861
0.193097115
0.193145275
0.192962646
0.192898512
0.193082571
0.192934275
0.171774149
0.193930626
0.192935944
0.193124056
0.193176746
0.192933321
0.192992449
0.192981720
0.193087339
0.193349123
0.192978144
0.192956686
0.193039417
0.193091154
0.192824841
0.193224192
0.192903280
0.193068743
0.171889782
0.192826033
0.192898273
0.192978621
0.193125963
0.193009615
0.193025351
0.193258286
0.192937136
0.192926407
0.193113089
0.193154573
0.193071604
0.193146706
0.192966700
0.192975998
0.193375111
0.192956924
0.171823978
0.193992853
0.193088293
0.193023682
0.192991734
0.193248987
0.192921877
0.193126917
0.193068743
0.193167210
0.193215609
0.193034887
0.193097591
0.192947149
0.192972660
0.193146467
0.193186760
0.192899466
0.171804905
0.193287134
0.192947626
0.192924738
0.193210125
0.193123341
0.192921162
0.193192959
0.192791939
0.193016291
0.193089008
0.192931175
0.193085670
0.192861795
0.192958117
0.192980528
0.192996502
0.193212509
0.171960354
0.192919016
0.192966938
0.193307161
0.192798615
0.193142653
0.193033457
0.193192244
0.192851782
0.193082094
0.192989588
0.192997217
0.192990541
0.192989588
0.193121195
0.193107128
0.193087816
0.192950726
0.171730518
0.192783117
0.193061113
0.193006277
0.193134546
0.193140745
0.192942858
0.192909718
0.192901134
0.192874193
0.193060398
0.193092585
0.192903280
0.193005562
0.192959070
0.193259954
0.193155527
0.192930460
0.171880007
0.192648411
0.192938328
0.193092585
0.192726851
0.192817211
0.193007708
0.193050623
0.192924261
0.193303108
0.192862511
0.193054199
0.193068027
0.192889929
0.192993641
0.192959070
0.192878723
0.193125725
0.171813726
0.191940069
0.192893505
0.192945957
0.192992687
0.192890882
0.192797661
0.192952871
0.193079710
0.192969799
0.193112135
0.193277121
0.193068266
0.192983627
0.193074942
0.192846537
0.192992449
0.193094492
0.171776533
0.192837954
0.193109274
0.193094730
0.192898750
0.193063259
0.193127632
0.193261147
0.192927361
0.193173885
0.192951918
0.193201303
0.193319082
0.193078518
0.192927361
0.192903519
0.193333149
0.192835569
0.171709776
0.193016291
0.193066120
0.193025112
0.193159342
0.193060160
0.192913771
0.192989349
0.193125010
0.193301678
0.193216801
0.192879438
0.193057299
0.193116188
0.192863703
0.192949533
0.193007469
0.193019867
0.171742916
0.193486929
0.193138838
0.192888021
0.192960739
0.193063259
0.192975998
0.193043947
0.193038464
0.193334579
0.193026543
0.193010569
0.192869186
0.193173409
0.192992926
0.193010807
0.193127871
0.192962408
0.171857357
0.193298817
0.193121195
0.193044186
0.192947865
0.193137646
0.192883730
0.193131685
0.193081856
0.193135977
0.193297148
0.193215132
0.192936659
0.193182468
0.192830086
0.193060637
0.192855597
0.193103313
0.171572208
0.192425489
0.192982674
0.192963839
0.193051100
0.193137646
0.193040371
0.193170071
0.192943573
0.192997217
0.193127632
0.193055391
0.192933321
0.193106413
0.193007231
0.193158627
0.192896605
0.192913055
0.171725988
