3.530377626
3.546563625
3.580050707
3.623880625
3.654717445
3.675131321
3.711112499
3.730705976
3.777670860
3.761492729
3.748613596
3.778299570
3.781264305
3.756876230
3.754035473
3.751282215
3.739460468
3.738568783
3.743904352
3.755374193
3.734693527
3.751574993
3.734909534
3.736102104
3.738231897
3.722377062
3.729591846
3.697144985
3.733994484
3.729090452
3.740554810
3.776495695
3.742761374
3.735341549
3.751330137
3.754666328
3.721657038
3.728959799
3.717024326
3.729418039
3.742144585
3.726853371
3.716830730
3.703140974
3.710119486
3.708652496
3.701291800
3.684599638
3.666421890
3.646808386
3.624675512
3.601285458
3.578086853
3.551541567
3.551860809
3.544500828
3.540953159
3.536041737
3.534026146
3.530665874
3.539483070
3.538077116
3.537605762
3.537348032
3.532911777
3.534737110
3.536899328
3.539004803
3.541309834
3.542218685
3.547478437
3.542160034
3.536953926
3.535811424
3.537361860
3.535915613
3.538553953
3.535710812
3.545366287
3.533035040
3.545763731
3.536282778
3.535533428
3.535703421
3.533085346
3.539970636
3.530408859
3.537100554
3.539588928
3.534147501
3.534136295
3.538090944
3.539170504
3.533076286
3.545373917
3.540807962
3.550446510
3.539892673
3.538616180
3.538892746
