0.051640987
0.051337481
0.051326990
0.051330328
0.051305294
0.051315308
0.051398039
0.051362753
0.051343918
0.051314831
0.051368237
0.051346064
0.051309347
0.051290751
0.051287651
0.051317930
0.051301718
0.051341772
0.051379204
0.051397324
0.051333427
0.051344633
0.051416636
0.051506519
0.051297665
0.051339388
0.051302195
0.051302433
0.051316500
0.051418066
0.051454544
0.051420689
0.051375151
0.051349640
0.051424265
0.051424503
0.051654816
0.051436186
0.051443338
0.051403522
0.051392317
0.051452875
0.051338196
0.051421404
0.051361322
0.051312685
0.051301241
0.051283121
0.051320791
0.051298380
0.051309347
0.051376343
0.051447630
0.051448107
0.051496267
0.051419973
0.051411152
0.051370144
0.051396370
0.051330566
0.051332235
0.051360607
0.051398516
0.051398039
0.051370144
0.051420927
0.051408529
0.051320791
0.051310778
0.051316023
0.051409721
0.051350832
0.051355124
0.051358461
0.051301241
0.051338911
0.051391363
0.051339388
0.051317215
0.051328182
0.051331043
0.051312685
0.051285505
0.051309109
0.051337481
0.051304817
0.051305056
0.051333904
0.051336765
0.051319838
0.051348448
0.051359415
0.051333189
0.051325560
0.051348448
0.051359415
0.051367283
0.051355362
0.051386595
0.051422834
0.051383495
0.051363230
0.051313400
0.051371574
0.051426888
0.051393747
0.051412344
0.051437140
0.051363468
0.051343441
0.051358461
0.051317692
0.051334620
0.051327229
0.051334858
0.051312447
0.051345348
0.051314831
0.051285505
0.051311493
0.051293373
0.051343679
0.051342964
0.051275969
0.051261663
0.051249504
0.016856909
