0.215111732
0.075582981
0.075519323
0.057174921
0.055680513
0.056037188
0.056206703
0.056039572
0.055952787
0.056183815
0.055588961
0.055484772
0.055484533
0.056072950
0.056226254
0.056075811
0.056037664
0.050424099
0.052345276
0.056960583
0.056193590
0.056379795
0.056336164
0.056175947
0.056163549
0.056086779
0.056245804
0.056312561
0.056334972
0.056377172
0.056388378
0.056320906
0.056210518
0.058988571
0.058786631
0.050621510
0.053109169
0.056867123
0.056239367
0.056331635
0.056308746
0.056588411
0.056408644
0.056445122
0.056369305
0.056612015
0.056384802
0.056652546
0.056443453
0.056658745
0.056180954
0.059036016
0.058137417
0.050572157
0.051600218
0.056732893
0.057249546
0.056583405
0.056311846
0.056595087
0.056393385
0.056822300
0.056603909
0.056392908
0.056646585
0.056760311
0.056809425
0.056558609
0.056374550
0.056895494
0.059370518
0.051609993
0.052589178
0.056972742
0.056531429
0.056379557
0.056439400
0.056756496
0.056905270
0.056633949
0.056428194
0.056496143
0.056754112
0.056802034
0.056565523
0.056605339
0.056922674
0.060022831
0.059050322
0.051041126
0.052711487
0.057423115
0.056626797
0.056789398
0.056771278
0.056700230
0.056768894
0.056565285
0.056696653
0.056741953
0.057085752
0.056780577
0.056596994
0.056860447
0.057015896
0.060267210
0.058758259
0.051186085
0.052489281
0.057374239
0.056613684
0.056953430
0.056726456
0.056806564
0.056983471
0.056896210
0.056800604
0.056877136
0.056752920
0.056809902
0.056792259
0.056815624
0.057110786
0.060858965
0.059053898
0.051023722
0.052945852
0.057806969
0.057041168
0.056981564
0.057014227
0.056802511
0.056795359
0.057014227
0.056814194
0.057045937
0.056911469
0.057130337
0.056844711
0.057039261
0.057169437
0.060251236
0.058333635
0.050959110
0.053737402
0.057708263
0.057247162
0.057256222
0.057235718
0.057610512
0.057157516
0.057049513
0.057198048
0.057305574
0.057107687
0.057057619
0.057159185
0.057198286
0.057309151
0.060145378
0.058635235
0.051273346
0.053666592
0.057700157
0.057182074
0.057253838
0.057193756
0.057372570
0.057218790
0.057197332
0.057171583
0.057275295
0.057167292
0.057418585
0.057212830
0.057228327
0.057577610
0.060899019
0.058452845
0.051597595
0.055661201
0.060526609
0.058899403
0.057235479
0.057287931
0.057309628
0.059800148
0.060049295
0.060132027
0.058583498
0.057189226
0.057238340
0.057593346
0.060430288
0.060393095
0.060400248
0.060373783
0.053737164
0.052666187
0.057997704
0.057225466
0.057753086
0.060428381
0.060416937
0.060413361
0.060892105
0.060435534
0.060364246
0.060319901
0.060382605
0.060300589
0.060378313
0.060317993
0.060479879
0.060291052
0.053712845
0.057044744
0.060143709
0.059992790
0.060108185
0.060425043
0.060849428
0.060337305
0.060371161
0.060315847
0.060373306
0.060403347
0.060331345
0.060341358
0.060354948
0.060292959
0.060346365
0.060335398
0.053773642
0.060111761
0.060825825
0.060314178
0.060370445
0.060291767
0.060335636
0.060305595
0.060878515
0.060332775
0.060342789
0.060340405
0.060376406
0.060431242
0.060429335
0.060308456
0.060350657
0.060297728
0.053729773
0.059078217
0.060862541
0.060457230
0.060383081
0.060327291
0.060314894
0.060312748
0.060396194
0.060309649
0.060351610
0.060338736
0.060371161
0.060339928
0.060374022
0.060357332
0.060407162
0.060341358
0.053692579
0.060967684
0.060415506
0.060335636
0.060338974
0.060315609
0.060383320
0.060372353
0.060399294
0.060307026
0.060350418
0.060344696
0.060422421
0.060321331
0.060357809
0.060302973
0.060336113
0.060304642
0.053690434
0.061303854
0.060651064
0.060329676
0.060379267
0.060320377
0.060339928
0.060308695
0.060501814
0.060341835
0.060378313
0.060374498
0.060376644
0.060324430
0.060420990
0.060341835
0.060446262
0.060367823
0.053922653
0.059366703
0.060933828
0.060536385
0.060452461
0.060420752
0.060576439
0.060368061
0.060386658
0.060343981
0.060365438
0.060333252
0.060360909
0.060305357
0.060418129
0.060327530
0.060366392
0.060319424
0.053705215
0.058274508
0.060938120
0.060418129
0.060379267
0.060316324
0.060400009
0.060317993
0.060379028
0.060376406
0.060382843
0.060315132
0.060396910
0.060334921
0.060380936
0.060331821
0.060352325
0.060302258
0.053700686
0.058721781
0.060917139
0.060407162
0.060360670
0.060333729
0.060652256
0.060354710
0.060405254
0.060317278
0.060366392
0.060332060
0.060374975
0.060411930
0.060400963
0.060563326
0.061418533
0.060981750
0.054184198
0.059201241
0.061352491
0.060990572
0.060644150
0.060386896
0.061325788
0.061286926
0.060863733
0.060860872
0.060882092
0.060827971
0.060891867
0.060847998
0.060896873
0.060911655
0.060895920
0.060839415
0.054149389
0.060943127
0.061720610
0.060843229
0.060606480
0.060427427
0.061920404
0.061734915
0.061403275
0.061378717
0.061540604
0.061145544
0.061073065
0.062023878
0.061829329
0.061345100
0.061402798
0.061322689
0.054192543
0.059572697
0.061454535
0.060853720
0.060836792
0.060369253
0.061010361
0.061310768
0.060873985
0.060849428
0.060896397
0.060834169
0.060930490
0.061876059
0.061781883
0.061466455
0.061125755
0.060970068
0.053885698
0.060802460
0.061933756
0.060865164
0.060711861
0.060611248
0.061140299
0.061351299
0.060895443
0.060917854
0.060994864
0.060453892
0.060508251
0.061886549
0.061685801
0.061352968
0.061105251
0.060843706
0.053779840
0.061876297
0.061669111
0.060798883
0.060565710
0.060387135
0.061890602
0.061733007
0.061439753
0.061389685
0.061415672
0.060996771
0.060899496
0.060902357
0.060895205
0.060866356
0.061791420
0.061838150
0.054623842
0.059287786
0.061952114
0.060848713
0.060780048
0.060338974
0.061073303
0.061356306
0.060939074
0.061153173
0.061938524
0.061497927
0.061478615
0.061368227
0.061428547
0.061381102
0.061507940
0.061350346
0.054202318
0.060905457
0.061953545
0.061406374
0.061302423
0.060873032
0.061046362
0.060873032
0.060883522
0.060854912
0.060915709
0.060835600
0.061161757
0.061838865
0.061722517
0.061324120
0.061439276
0.061355114
0.054641962
0.061794758
0.061818838
0.060831070
0.060652733
0.060347557
0.061312199
0.061308622
0.060897827
0.060916424
0.061135530
0.060842037
0.060901642
0.061835766
0.061852694
0.061327696
0.061398506
0.061346292
0.054180622
0.061774969
0.061892748
0.061388969
0.061364174
0.060914993
0.060872555
0.060853958
0.060919523
0.061112642
0.061919689
0.061550379
0.061370611
0.061322927
0.061374426
0.061371326
0.061403513
0.061349154
0.054261684
0.061839342
0.061418533
0.061398029
0.061242580
0.060835600
0.060898066
0.060925484
0.060924530
0.060907364
0.060874224
0.060861826
0.060895205
0.060969114
0.060904741
0.060855150
0.061382771
0.061892986
0.054800987
0.062483311
0.061833382
0.060907602
0.060683966
0.060321093
0.061333895
0.061323643
0.060888290
0.061080694
0.061998367
0.061710835
0.061433315
0.061340570
0.061257839
0.060827494
0.060890913
0.060836792
0.054174185
0.062228680
0.061900854
0.060849190
0.060697556
0.060337782
0.061158419
0.061350346
0.060911417
0.061300039
0.061903954
0.061465263
0.061368704
0.060817957
0.060626984
0.060397387
0.061309814
0.061292171
0.054164648
0.061247110
0.061882973
0.060836554
0.060735464
0.060326815
0.061242104
0.061348438
0.061059237
0.061317205
0.061930180
0.061441183
0.061396837
0.061388016
0.061292410
0.060865164
0.060898781
0.060859203
0.054182529
0.061508894
0.061865091
0.060852528
0.060823202
0.060367823
0.060418367
0.060356379
0.060399532
0.060472488
0.061437368
0.061121225
0.060910702
0.060858727
0.060949087
0.060844183
0.060913801
0.060883999
0.054202557
0.059511900
0.061429739
0.060915232
0.060912132
0.060330629
0.060761929
0.061370134
0.061028957
0.060867548
0.060907364
0.060641050
0.060385466
0.061276436
0.061394691
0.060866833
0.060915232
0.060871124
0.054211855
0.059641361
0.061974525
0.061341763
0.061254263
0.060862303
0.061133623
0.060839891
0.060354233
0.061017036
0.061921120
0.061452389
0.061427593
0.061655045
0.061347485
0.060911417
0.060997725
0.060851097
0.054191113
0.062066078
0.061358929
0.060997963
0.060690880
0.060441494
0.060890198
0.061328411
0.060949564
0.060846329
0.060923815
0.060839415
0.060920477
0.060866117
0.060892105
0.060854673
0.060891390
0.060823441
0.054210663
0.059882641
0.061942339
0.060904264
0.060840607
0.060301781
0.060961246
0.061359406
0.060919762
0.060871840
0.061058760
0.060958624
0.060882092
0.062045097
0.061817646
0.061361551
0.061434984
0.061343670
0.054204464
0.062188148
0.061315775
0.060923815
0.060825348
0.060348034
0.061107635
0.061568975
0.061041594
0.061031580
0.061045647
0.060658216
0.060392141
0.061064720
0.061385155
0.060832500
0.061259508
0.061969280
0.054774284
0.060623646
0.061454535
0.060893297
0.060896158
0.060887098
0.060988426
0.060882092
0.060920238
0.060980797
0.060902834
0.060894728
0.060923100
0.060833931
0.060868979
0.060851336
0.060908794
0.060838461
0.054164648
0.061933517
0.061422825
0.060858965
0.060829878
0.060366154
0.060989141
0.061341286
0.060922861
0.061075211
0.061960459
0.061540842
0.061431170
0.061344385
0.061393261
0.061398268
0.061365128
0.061373711
0.054696321
0.060877562
0.061907291
0.061378002
0.061300278
0.060854435
0.061653137
0.061876535
0.061404943
0.061372280
0.061456203
0.061139584
0.061043501
0.061731100
0.061896801
0.061397552
0.061426163
0.061379910
0.054320574
0.061950445
0.061408758
0.060890436
0.060864210
0.060318232
0.060916662
0.061349869
0.061013222
0.060851812
0.060881138
0.060897589
0.061056852
0.061900854
0.061799049
0.061350822
0.061397791
0.061319590
0.054189682
0.060992241
0.061419010
0.060867071
0.060727835
0.060328484
0.061131001
0.061317921
0.060877800
0.060871840
0.060892582
0.060896635
0.060883045
0.061669827
0.061911345
0.061348200
0.061407566
0.061682701
0.054371357
0.062277794
0.061852455
0.060888290
0.060672522
0.060346842
0.060892105
0.061343431
0.060966492
0.060871124
0.060894251
0.060865164
0.060940742
0.062041044
0.061818361
0.061386347
0.061405659
0.061355352
0.054191828
0.062004805
0.061494827
0.061370373
0.061331749
0.060823441
0.060895681
0.060894012
0.060945034
0.061325550
0.061937332
0.061502457
0.061388016
0.061377287
0.061237812
0.060858488
0.061693907
0.061846733
0.054645538
0.059653997
0.062009811
0.061102629
0.060761213
0.060360670
0.060451746
0.060318232
0.060365677
0.060651302
0.061431408
0.060970545
0.060938358
0.060847044
0.060911894
0.060871840
0.061364174
0.061894894
0.054895639
0.061653137
0.061840296
0.060854912
0.060637474
0.060372353
0.060973883
0.061388493
0.060928106
0.060979366
0.060916662
0.060831785
0.060870886
0.061931133
0.061939240
0.061381578
0.061392546
0.061338186
0.054199219
0.062127590
0.061390400
0.061085701
0.060397148
0.060501337
0.061418295
0.061057329
0.060903788
0.061894417
0.061941385
0.061364651
0.061382771
0.061349154
0.061400414
0.061404228
0.061424732
0.061372519
0.054646730
0.061841726
0.061420918
0.060858250
0.060436249
0.060720921
0.061964750
0.061542988
0.061412573
0.061359406
0.061397314
0.060865164
0.061325550
0.061885357
0.061477423
0.061353683
0.061427832
0.061100483
0.054195166
0.061280727
0.061070919
0.060834169
0.060369015
0.060501099
0.061936617
0.061796427
0.061417103
0.061385632
0.061423540
0.061382294
0.061439991
0.061381817
0.061456680
0.061455727
0.061438799
0.061380625
0.054627657
0.062580824
0.061029196
0.060818434
0.060458660
0.061208725
0.061905622
0.061367989
0.061462879
0.061387539
0.061426640
0.061455965
0.061419964
0.061357021
0.061385155
0.061795712
0.062464237
0.061975956
0.055109501
0.061815739
0.060914755
0.060567379
0.060376644
0.061832905
0.061876535
0.061360836
0.061419249
0.061390877
0.061379910
0.061346769
0.061414242
0.061382294
0.061456442
0.061347246
0.061404705
0.061376572
0.054636002
0.061464310
0.060896397
0.060742855
0.060458422
0.061457157
0.061961889
0.061379910
0.061408758
0.061381817
0.061419487
0.061386824
0.061447144
0.061359167
0.061443090
0.061499357
0.061403275
0.061343670
0.054665089
0.061728001
0.060926437
0.060582399
0.060380220
0.062290192
0.061810255
0.061366558
0.061459064
0.061375380
0.060895443
0.061263084
0.061977863
0.061454296
0.061411858
0.061375380
0.061383247
0.061372995
0.054657698
0.061735630
0.060915232
0.060505867
0.060503721
0.061906099
0.061751127
0.061362743
0.061464310
0.061393738
0.060970545
0.060850620
0.060899496
0.060841799
0.060928822
0.062400341
0.062412024
0.062060833
0.054807663
0.061648130
0.060891628
0.060435057
0.060400009
0.061839342
0.061839342
0.061368227
0.061430454
0.061373949
0.061433315
0.061388254
0.061413527
0.061391592
0.061413288
0.061382055
0.061509371
0.061373949
0.054619074
0.061654806
0.060936928
0.060457706
0.060544491
0.061931372
0.061758995
0.061404228
0.061440945
0.061371803
0.061409473
0.061405897
0.061522245
0.061453819
0.061457157
0.061417103
0.061399937
0.061362982
0.054629803
0.062053204
0.061048031
0.060475588
0.061053753
0.062083960
0.061681747
0.061512232
0.061570883
0.061388254
0.061424732
0.061377525
0.061454535
0.061386585
0.061408520
0.061376095
0.061427355
0.061402798
0.054625273
0.061665773
0.060918808
0.060384035
0.060544252
0.061948538
0.061710596
0.061419249
0.061514854
0.061392784
0.061447144
0.061401129
0.061451674
0.060892344
0.061224461
0.061928749
0.061609030
0.061497450
0.054667950
0.061558247
0.060914040
0.060401440
0.061022520
0.061939001
0.061565161
0.061400175
0.061433554
0.061374187
0.061433077
0.061437607
0.061450243
0.061424017
0.061561823
0.061395168
0.061444998
0.061398268
0.054639101
0.061495304
0.060903311
0.060638189
0.061588526
0.061944246
0.061424732
0.061379671
0.061451674
0.061394691
0.061453104
0.061412334
0.061450005
0.061420202
0.061414480
0.061384201
0.061455011
0.061379910
0.054659128
0.061729431
0.060752869
0.060358763
0.061841011
0.061909199
0.061646223
0.061481714
0.061691523
0.060908079
0.061228037
0.062048197
0.061604738
0.061492682
0.062580585
0.062261105
0.061973333
0.061431885
0.054719925
0.061418056
0.060419321
0.060755968
0.061973333
0.061563969
0.061437130
0.061579943
0.061439276
0.061367512
0.061431408
0.061399937
0.061411858
0.061379671
0.061569214
0.061392069
0.061397314
0.062427759
0.055544138
0.063258648
0.062980652
0.061482191
0.061232328
0.060878277
0.061566830
0.062461138
0.062030077
0.061941862
0.061931610
0.061628342
0.061438084
0.061410666
0.061421156
0.061429024
0.061440468
0.061376333
0.054687023
0.062385798
0.062237740
0.061351061
0.061130762
0.060883999
0.061946392
0.061730623
0.061434984
0.061405420
0.061419249
0.061421633
0.061424494
0.061386347
0.061434269
0.061513901
0.062470913
0.062184334
0.055168629
0.061906576
0.061019182
0.060860634
0.060408115
0.061072111
0.061968327
0.061549664
0.061449289
0.061391830
0.061563492
0.061395168
0.061442375
0.061364651
0.061552763
0.061391592
0.061402559
0.061354637
0.054670572
0.062877417
0.060941696
0.060715675
0.060412884
0.062115669
0.062453747
0.061876059
0.061933279
0.061902285
0.061976671
0.061932325
0.061949015
0.061564445
0.061498404
0.062598467
0.062305927
0.061910152
0.055110216
0.061916590
0.060920000
0.060417175
0.060994387
0.062451363
0.062093973
0.061931133
0.061950445
0.061938763
0.061967373
0.061923027
0.061877489
0.061376572
0.061644316
0.062442303
0.062152147
0.061972618
0.055110455
0.061644793
0.060790062
0.060314417
0.062120199
0.062378168
0.061982155
0.061942339
0.061934948
0.062050104
0.061951876
0.061924219
0.061928749
0.061936140
0.062063217
0.061908245
0.061977863
0.062004566
0.055124998
0.061332941
0.060614347
0.060594082
0.062999010
0.062893152
0.062490463
0.062026024
0.062134027
0.061361313
0.061904430
0.062442780
0.061982155
0.061942816
0.061943769
0.061940908
0.061961174
0.062693596
0.056071520
0.062968493
0.062517643
0.062087536
0.061962366
0.061357021
0.061796665
0.062442541
0.062052965
0.061869144
0.062967777
0.062904596
0.062523365
0.062429190
0.062479973
0.061924934
0.061939478
0.062022448
0.055144310
0.062931776
0.062451601
0.061890364
0.061697721
0.061401129
0.062530756
0.062401772
0.061990499
0.061912775
0.061953545
0.061913490
0.061965942
0.061994314
0.061987400
0.061916590
0.061968565
0.061894417
0.055115938
0.062422276
0.062198639
0.061796904
0.061463594
0.062174559
0.062480927
0.061915636
0.062414408
0.063019991
0.062564135
0.062444210
0.062559128
0.062469721
0.062601328
0.062470913
0.062463045
0.061917305
0.055505514
0.061795235
0.060957432
0.060363054
0.060698986
0.062489510
0.062212229
0.061914444
0.063036919
0.062903166
0.062480927
0.062469482
0.062536716
0.061882973
0.062497854
0.062992096
0.062601566
0.062483072
0.055568457
0.061441660
0.060818672
0.060345650
0.062615395
0.063221693
0.062670469
0.062602282
0.062485695
0.061883688
0.062355518
0.062973499
0.062606573
0.062641859
0.062489271
0.062138081
0.061951876
0.061863184
0.055112839
0.063081026
0.062524319
0.061956882
0.061899662
0.061383963
0.062100410
0.062429428
0.061918259
0.061917305
0.061907530
0.061885357
0.061955452
0.062791586
0.063012362
0.062470675
0.062512398
0.062459707
0.055108547
0.062956572
0.062319040
0.061908484
0.061708689
0.061379671
0.062393665
0.062414408
0.061984301
0.061919451
0.061990976
0.061954737
0.061970711
0.061867476
0.061965704
0.061902523
0.062035322
0.061892033
0.055111647
0.062438011
0.061978340
0.061906576
0.061449289
0.061967134
0.062743902
0.061929226
0.061958790
0.061911821
0.061950922
0.061933517
0.062148333
0.061910629
0.061946154
0.061920643
0.061945915
0.061905622
0.055136442
0.062109947
0.061487198
0.061109066
0.060925007
0.062460184
0.062365770
0.061928272
0.061975241
0.061963558
0.061980486
0.061952114
0.062001705
0.061927557
0.061986208
0.062940598
0.062954664
0.062591076
0.055582285
0.062321901
0.060953379
0.060420513
0.060864449
0.062479258
0.062382460
0.062097311
0.062107325
0.061990738
0.061944246
0.061930418
0.062169313
0.061954498
0.062103271
0.062064171
0.061970472
0.061921358
0.055134296
0.061427593
0.060750723
0.060433388
0.062949181
0.062922001
0.062451601
0.062088728
0.061952114
0.061432123
0.061819792
0.062475443
0.062224627
0.061935663
0.061939001
0.061914921
0.061968088
0.061873913
0.055109262
0.061928988
0.060958862
0.061503649
0.062467098
0.061995745
0.061980724
0.061905146
0.061940908
0.061851740
0.061914921
0.061894178
0.061431170
0.061714649
0.062468529
0.062054873
0.061961412
0.061926603
0.055142879
0.062523842
0.061967134
0.061924219
0.061944008
0.061388493
0.061877728
0.062425852
0.062025309
0.061923504
0.061903477
0.061905622
0.061981678
0.061906576
0.061966896
0.062057734
0.062010050
0.061898947
0.055122137
0.062474728
0.061862230
0.061388969
0.061191559
0.060995340
0.062471390
0.062196970
0.061962128
0.061930895
0.061947584
0.061422348
0.061793566
0.062430382
0.062132120
0.061922550
0.061956882
0.062164783
0.055259943
0.062444448
0.061489582
0.061282635
0.060920000
0.061936378
0.062549114
0.061928272
0.061974049
0.061957598
0.061971664
0.061897278
0.061992884
0.061908007
0.061964512
0.061877728
0.061943293
0.061921120
0.055785179
0.061972618
0.061190367
0.060546875
0.060987473
0.062958956
0.062452555
0.062001705
0.062155247
0.061979294
0.062016726
0.061974287
0.062119484
0.061586380
0.061470747
0.061565638
0.061582804
0.061428070
0.055572987
0.061509371
0.060924768
0.060372114
0.061974525
0.062448978
0.061949015
0.061951876
0.062209606
0.061877728
0.061953068
0.061972380
0.062082529
0.061908007
0.061988831
0.061895132
0.061944008
0.061917067
0.055155039
0.061422348
0.060781717
0.060374737
0.062119484
0.062655449
0.061990023
0.061897278
0.061991215
0.061957359
0.061976910
0.061937094
0.062007666
0.061980009
0.061962843
0.061928511
0.061960459
0.061901808
0.055137157
0.061907291
0.060952902
0.061371088
0.062502146
0.062066078
0.062060833
0.062985420
0.062772989
0.062459946
0.062173843
0.061935902
0.061419249
0.061677694
0.062507868
0.062230110
0.061948061
0.061907053
0.054945707
0.062488556
0.061961651
0.061694384
0.061549425
0.060929060
0.061213970
0.062442303
0.062147379
0.061941385
0.061938286
0.061912775
0.062062502
0.061919689
0.061921358
0.061391830
0.061431408
0.061350584
0.054645777
0.062429190
0.061928034
0.061399460
0.061232805
0.060930252
0.061804771
0.061923265
0.061451197
0.062042236
0.062469006
0.061974525
0.061960220
0.061945677
0.061822414
0.061435223
0.062245846
0.062427282
0.055144787
0.062441349
0.061724186
0.061376810
0.060972691
0.060853720
0.061875105
0.061827660
0.061460733
0.061537504
0.061435223
0.061377048
0.061431646
0.061410189
0.061425209
0.061506987
0.062469721
0.062195778
0.055108786
0.062425852
0.061539888
0.061347246
0.061096191
0.061517477
0.062473774
0.061958313
0.061936855
0.061913729
0.061647892
0.061401367
0.061556816
0.061396599
0.061423063
0.062132597
0.062460423
0.061895132
0.055135965
0.062767982
0.060907602
0.060565472
0.060410738
0.062325716
0.062643766
0.061890602
0.061947584
0.061895132
0.061959505
0.061891556
0.061950922
0.061675549
0.061431885
0.061346769
0.061419010
0.061389685
0.055203199
0.062410831
0.060935020
0.060539007
0.060398817
0.061905622
0.061845779
0.061404705
0.061431170
0.061430931
0.061446905
0.061434746
0.061455011
0.061384678
0.061453581
0.061480045
0.061465979
0.061401129
0.055592299
0.062341690
0.060958147
0.060452700
0.060853243
0.061929703
0.061599016
0.061393738
0.061430454
0.061372757
0.061416864
0.061406612
0.061504364
0.061408281
0.061447620
0.061386824
0.061450481
0.061371803
0.054660559
0.061767817
0.061074018
0.060472012
0.060862303
0.061951637
0.061559677
0.061373949
0.062279701
0.062466621
0.062064886
0.061910868
0.061981201
0.061432600
0.061412096
0.061419487
0.061472893
0.061394453
0.054660559
0.059206009
0.060946226
0.060471058
0.060625792
0.061906815
0.061655998
0.061399460
0.061465025
0.061376333
0.061450005
0.061388493
0.061450243
0.061440229
0.061473846
0.061402321
0.061557531
0.061386108
0.054671764
0.061349869
0.060891867
0.060364246
0.061235666
0.061944723
0.061483622
0.061412573
0.061450005
0.061370373
0.061478138
0.061395407
0.061438084
0.061468840
0.061430454
0.061379433
0.061382055
0.061320782
0.054641485
