1.283796310
1.081192255
1.087219000
1.081517220
1.086536169
1.091881752
1.088806152
1.093098164
1.096960068
1.098941326
1.113253355
1.132736683
1.148981571
1.149775267
1.148894787
1.155912876
1.163522959
1.150226831
1.148231983
1.142107248
1.158385277
1.165615082
1.160508394
1.160591125
1.157708645
1.154440165
1.168772221
1.160271645
1.168202877
1.169955969
1.166814566
1.163283825
1.161834240
1.151222706
1.177619934
1.164040089
1.160596609
1.158308983
1.165821791
1.158994198
1.161169529
1.173413515
1.165762663
1.154030323
1.157668591
1.170881987
1.160575390
1.163533926
1.167799473
1.164009809
1.169774771
1.173910379
1.158707380
1.165690422
1.160700083
1.169094563
1.168383598
1.166502953
1.158280849
1.170731068
1.171739340
1.170891047
1.172973394
1.173986197
1.182803392
1.173386097
1.180723667
1.174829960
1.164300203
1.172000647
1.176113367
1.184950590
1.181156397
1.189965010
1.172971725
1.194905281
1.178627968
1.179213762
1.169044495
1.181757689
1.179666996
1.179696083
1.177480459
1.179759264
1.190989256
1.178164482
1.166554451
1.176341057
1.182868958
1.171284437
1.190952539
1.177187443
1.182542086
1.179702282
1.172167778
1.168572426
1.162388563
1.171184301
1.164250374
1.167028427
