0.010820389
0.010502577
0.010358334
0.011317253
0.011394978
0.011502743
0.011302471
0.011287451
0.011298418
0.011281490
0.011294603
0.011550426
0.011284351
0.011335850
0.011267424
0.011218309
0.011195183
0.011236668
0.011206388
0.011217594
0.011210918
0.011213303
0.011186123
0.011241436
0.011365414
0.011375904
0.011365175
0.011356831
0.011374950
0.011360407
0.011352539
0.011362314
0.011349201
0.011274099
0.011280775
0.011301517
0.011258364
0.011280060
0.011300802
0.011291265
0.011299133
0.011289358
0.011274338
0.011290312
0.011298418
0.011292458
0.011280775
0.011289597
0.011265278
0.011316538
0.011259317
0.011281013
0.011300802
0.011254549
0.011276722
0.011307478
0.011291742
0.011297226
0.011300802
0.011285305
0.011276722
0.011272192
0.011293411
0.011296034
0.011271954
0.011271238
0.011279583
0.011306524
0.011284351
0.011274338
0.011276722
0.011286259
0.011278629
0.011301994
0.011286497
0.011301279
0.011286736
0.011284828
0.011284351
0.011270285
0.011273861
0.011270761
0.011282206
0.011279106
0.011284828
0.011260748
0.011264563
0.011274576
0.011275768
0.011292219
0.011277199
0.011284351
0.011286020
0.011281967
0.011279106
0.011260748
0.011299372
0.011307001
0.011286259
0.011273384
0.011310577
0.011285305
0.011301994
0.011278629
0.011315823
0.011295319
0.011281967
0.011303186
0.011282682
0.011287928
0.011299133
0.011272192
0.011295557
0.011284590
0.011403084
0.011483908
0.011473656
0.011469841
0.011476994
0.011463165
0.011472940
0.011469364
0.011476994
0.011384726
0.011359215
0.011380434
0.004237890
