0.040663242
0.004554749
0.004470110
0.016767979
0.005677938
0.004647732
0.004506350
0.004531622
0.005748034
0.004578829
0.004469156
0.004568815
0.005798817
0.004479408
0.004475594
0.004496813
0.005634546
0.004518747
0.004462004
0.004515886
0.005781412
0.004472017
0.004464149
0.004510403
0.005937099
0.004619598
0.004465818
0.004508734
0.006059885
0.004895687
0.004488707
0.004511595
0.005704165
0.004637718
0.004470587
0.004504681
0.005819082
0.004551411
0.004467010
0.004518032
0.005765438
0.004481554
0.004484892
0.004524946
0.005754471
0.004634380
0.004475832
0.004513502
0.005790710
0.004595757
0.004466772
0.004523754
0.005644560
0.004474640
0.004457474
0.004494905
0.005847216
0.004711628
0.004448414
0.004520416
0.006021261
0.004519224
0.004447460
0.004503250
0.005908251
0.004474640
0.004467249
0.004507303
0.005782604
0.004688978
0.004473686
0.004513741
0.005732298
0.004512072
0.004464149
0.004495859
0.006012201
0.004599094
0.004467726
0.004519224
0.006586313
0.004622698
0.004476309
0.004524231
0.006587505
0.004531860
0.004479647
0.004509211
0.005533695
0.004665852
0.004455090
0.004507780
0.005811214
0.004547358
0.004465818
0.004508495
0.005767345
0.004507065
0.004468918
0.004512310
0.005686045
0.004537106
0.004472494
0.004518986
0.005836725
0.004545212
0.004459620
0.004517317
0.006129026
0.004576921
0.004488468
0.004526615
0.006155252
0.004575491
0.004482269
0.004529715
0.005940437
0.004477024
0.004462957
0.004517317
0.005821466
0.004541159
0.004462719
0.004519701
0.005999565
0.004571915
0.004467010
0.004501820
0.005625248
0.004506350
0.004493475
0.004520655
0.010013580
0.004478216
0.004538774
0.004526854
0.005748987
0.004495144
0.004465580
0.004510880
0.005928516
0.004461765
0.004446268
0.004513025
0.005705595
0.004466772
0.004446268
0.004513502
0.005955219
0.004490376
0.004486799
0.004522562
0.005926847
0.004616737
0.004509687
0.004532576
0.006652355
0.004474640
0.004465342
0.004491806
0.006936073
0.004534006
0.004465103
0.004511595
0.005913973
0.004597187
0.004474163
0.004510880
0.005814314
0.004587173
0.004470825
0.004513264
0.006012201
0.004476070
0.004466534
0.004526854
0.005571365
0.004496574
0.004456520
0.004580498
0.005741835
0.004553556
0.004511356
0.004522800
0.005694151
0.004489899
0.004472733
0.004514694
0.005686283
0.004492283
0.004482746
0.004518509
0.005580425
0.004482746
0.004486084
0.004522562
0.005904675
0.004509449
0.004461050
0.004513979
0.005711555
0.004595280
0.004462004
0.004498720
0.006075382
0.004581690
0.004483700
0.004517794
0.006156445
0.004593611
0.004463673
0.004513979
0.005864859
0.004590034
0.004473448
0.004511356
0.006853580
0.004531384
0.004479170
0.004523754
0.006062984
0.004600048
0.004454851
0.004513264
0.006002188
0.004614830
0.004477262
0.004506588
0.005751371
0.004466295
0.004499435
0.004528522
0.005809069
0.004544735
0.004465342
0.004513264
0.005614519
0.004478455
0.004459620
0.004514456
0.005936146
0.004472256
0.004469633
0.004515171
0.005482674
0.004486084
0.004477978
0.004522085
0.005840540
0.004497528
0.004482508
0.004520178
0.005883932
0.004613638
0.004477739
0.004535913
0.005795240
0.004567623
0.004525423
0.004519463
0.006016493
0.004523516
0.004463911
0.004533768
0.006052971
0.004542351
0.004472733
0.004508495
0.006116152
0.004528046
0.004467010
0.004515886
0.005723476
0.004722118
0.004464865
0.004523754
0.005842209
0.004486799
0.004462242
0.004504681
0.005835056
0.004618883
0.004472494
0.004503012
0.005975485
0.004507780
0.004511595
0.004539490
0.006701708
0.004666805
0.004459381
0.004524231
0.005546093
0.004499912
0.004716635
0.004610538
0.006083727
0.004563808
0.004496336
0.004520655
0.005857706
0.004583120
0.004469156
0.004523993
0.005974054
0.004570484
0.004476786
0.004513025
0.005974770
0.004676819
0.004469633
0.004516840
0.005723715
0.004551888
0.004474401
0.004515648
0.006208658
0.004497766
0.004478455
0.004544258
0.006047010
0.004622459
0.004450798
0.004521132
0.006699562
0.004714012
0.004467726
0.004513741
0.005735397
0.004495382
0.004487276
0.004526615
0.006006479
0.004735470
0.004500389
0.004537582
0.006185293
0.004576206
0.004496098
0.004512072
0.005789518
0.004713774
0.004494190
0.004516125
0.006398678
0.004512310
0.004474878
0.004509687
0.005640984
0.004488707
0.004470110
0.004510880
0.006297588
0.004489899
0.004492998
0.004503489
0.005686283
0.004568577
0.004471779
0.004510403
0.005712509
0.004607201
0.004497290
0.004523993
0.005826473
0.004645824
0.004456520
0.004625082
0.006076813
0.004624367
0.004462957
0.004507780
0.006006956
0.004677773
0.004455328
0.004506588
0.005776167
0.004600525
0.004507780
0.004503727
0.005874395
0.004549026
0.004456282
0.004516363
0.005936384
0.004599571
0.004453421
0.004509687
0.006827831
0.004555941
0.004461050
0.004496574
0.005914927
0.004474401
0.004453897
0.004512310
0.006907940
0.004665375
0.004474878
0.004508257
