0.146250010
0.105403900
0.102681160
0.098358393
0.098054409
0.101891041
0.109580755
0.103569031
0.103537798
0.104410887
0.099079370
0.102916002
0.099452019
0.099524736
0.102737188
0.107830286
0.100962162
0.101797819
0.103491545
0.099696398
0.100516319
0.101630688
0.101149797
0.103517771
0.098060131
0.097897053
0.107220411
0.103765726
0.099436283
0.097821236
0.105461597
0.106373549
0.098054647
0.113183022
0.105839729
0.101563215
0.098074913
0.103754997
0.104568005
0.106104374
0.110028744
0.102020025
0.106776237
0.101635695
0.099167585
0.097766638
0.097388983
0.098572731
0.103443861
0.101122856
0.098284245
0.101409197
0.098840952
0.098268270
0.100928545
0.104859829
0.098191977
0.103439569
0.105857372
0.103733540
0.107597351
0.108285189
0.109488249
0.113102674
0.104227304
0.113617659
0.111409664
0.103867292
0.102151394
0.101094007
0.112215281
0.109221697
0.111045599
0.120362997
0.116484404
0.111575127
0.109111071
0.110420465
0.100333452
0.113853931
0.103846312
0.109825850
0.101927996
0.108006716
0.108530998
0.104622126
0.102544308
0.108240604
0.111008644
0.103294849
0.110353470
0.113758564
0.103993893
0.109274864
0.109094620
0.108392477
0.106992722
0.104830265
0.112556696
0.102413893
