0.001562595
0.001142979
0.001168251
0.001113892
0.001138449
0.001098394
0.001147270
0.001159191
0.001138687
0.001162767
0.001145601
0.001142979
0.001127005
0.001199484
0.001131058
0.001092911
0.001091003
0.001091957
0.001084566
0.001121044
0.001099110
0.001130581
0.001084805
0.001113176
0.001131535
0.001147032
0.001085997
0.001137018
0.001131296
0.001129627
0.001157284
0.001120567
0.001086235
0.001131058
0.001087427
0.001119614
0.001076937
0.001124620
0.001080751
0.001110315
0.001114130
0.001143932
0.001092434
0.001115084
0.001164913
0.001095772
0.001121044
0.001077890
0.001132965
0.001076460
0.001132250
0.001104116
0.001092672
0.001085520
0.001130104
0.001088858
0.001121759
0.001092672
0.001168728
0.001083851
0.001160622
0.001103878
0.001101017
0.001122475
0.001110792
0.001093388
0.001143217
0.001149893
0.001094818
0.001089573
0.001119375
0.001108408
0.001121521
0.001083374
0.001100063
0.001091719
0.001126766
0.001096964
0.001114130
0.001085520
0.001148462
0.001095057
0.001140356
0.001096249
0.001181126
0.001076460
0.001100540
0.001098871
0.001095533
0.001089334
0.001116514
0.001079321
0.001095057
0.001146078
0.001088858
0.001075506
0.001085997
0.001127720
0.001091719
0.001070499
