0.563219309
0.010208845
0.004300594
0.004052401
0.004508495
0.004042864
0.004089117
0.004466057
0.004614592
0.004227877
0.004753590
0.005097151
0.007492542
0.006065845
0.007575750
0.003962994
0.004673958
0.004556894
0.004318953
0.004249096
0.004079580
0.003944635
0.004482031
0.004597902
0.004361153
0.004048586
0.004712820
0.004255295
0.004516602
0.004628658
0.005009651
0.004419088
0.003834248
0.004407644
0.003818750
0.003780842
0.004108191
0.004038334
0.004643202
0.004220724
0.004372835
0.005035639
0.005001783
0.004262209
0.004127264
0.004970074
0.004583120
0.004172564
0.004912138
0.004535198
0.004005671
0.003987312
0.004592419
0.003737688
0.004427433
0.004422665
0.004319906
0.004139185
0.004016399
0.004254341
0.004096031
0.004257202
0.004572868
0.003880024
0.003877163
0.003773451
0.004192591
0.004348040
0.004448414
0.004557848
0.004374027
0.003975153
0.003874779
0.004626989
0.004163742
0.004435539
0.003805876
0.004457951
0.004516840
0.004128695
0.005228519
0.004723787
0.005019426
0.004391193
0.004737139
0.004741192
0.004049301
0.004127264
0.004368782
0.004479885
0.004671574
0.004815102
0.004171371
0.004746675
0.004229546
0.004627943
0.004910469
0.004328012
0.004980564
0.004144907
0.004317284
0.003953218
0.004153728
0.003799677
0.004495621
0.004941225
0.004488945
0.004437685
0.004647493
0.004436016
0.005676746
0.004002810
0.004212856
0.003686905
0.004079103
0.004656792
0.004177332
0.004459143
0.004024029
0.004193068
0.003983259
0.004201174
0.004293919
0.004397154
0.004771709
0.004744768
0.004071474
0.003939390
0.004135847
0.004437208
0.004448891
0.004882574
0.004267216
0.004391432
0.004568815
0.004487991
0.004326820
0.004214287
0.004131556
0.004456758
0.004581690
0.003801107
0.004431486
0.004246712
0.004077435
0.004489660
0.004260540
0.004134417
0.003922701
0.004044056
0.004840136
0.004373312
0.004205942
0.005017757
0.004649639
0.004133463
0.004517078
0.003746510
0.004369020
0.004461050
0.004418612
0.004762888
0.004037619
0.004137993
0.004926920
0.004067183
0.004387379
0.004142284
0.004708529
0.004499197
0.004497528
0.004091740
0.004352093
0.004511595
0.004886150
0.004121304
0.005014658
0.004320145
0.004959106
0.004130363
0.004494429
0.004164219
0.004149437
0.004490614
0.004680395
0.004036188
0.004329443
0.003839493
0.005044937
0.003930569
0.004269361
0.004008770
0.004538536
0.004146576
0.004429102
0.004401922
0.004132032
0.004214764
0.004183054
0.004065990
0.004187822
0.004307747
0.004678965
0.004751205
0.004000664
0.004275560
0.004487991
0.004634857
0.004611254
0.004199743
0.004094124
0.004259825
0.004086256
0.004167080
0.004320860
0.004600763
0.004096031
0.004071474
0.004238844
0.004064083
0.005100727
0.003985882
0.004198551
0.004109621
0.004420996
0.004050016
0.004207850
0.004479885
0.004356384
0.004435539
0.004156113
0.004135847
0.004894733
0.004295588
0.004399776
0.004230261
0.004656553
0.004428625
0.004155397
0.004644871
0.004491806
0.004965305
0.004714012
0.004410744
0.004358530
0.004621506
0.004534483
0.004443407
0.004302740
0.004591703
0.004672289
0.004113436
0.004359722
0.004680634
0.004178762
0.004003763
0.004962921
0.004101038
0.004820108
0.004356146
0.004451752
0.004200459
0.004470587
0.004236221
0.004593134
0.004283428
0.004266262
0.004086018
0.003959179
0.003807783
0.004054308
0.003758430
0.004424810
0.003780603
0.004287481
0.004132748
0.005820036
0.003876448
0.004017115
0.004081726
0.003878593
0.004219294
0.004297256
0.003757715
0.004098892
0.003760815
0.005036354
0.004323244
0.006243706
0.005103350
0.005134583
0.004945517
0.005207539
0.004421473
0.004708052
0.003869534
0.004524469
0.004118919
0.005098820
0.004138470
0.004293919
0.004430532
0.003814220
0.004876137
0.003780127
0.004640102
0.003771782
0.004396200
0.003814220
0.004207850
0.003889561
0.004857779
0.004534245
0.004281759
0.004252195
0.004554749
0.004098654
0.003947973
0.003773451
0.004158497
0.004030943
0.004470348
0.003978252
0.004448175
0.004102230
0.004369259
0.003761530
0.004107714
0.003770113
0.004339695
0.003765106
0.004599571
0.003823280
0.004165888
0.003906488
0.004578829
0.003841400
0.003831625
0.004376411
0.004358053
0.005178928
0.004530430
0.004320621
0.004320860
0.004552364
0.004061222
0.004134178
0.003754854
0.004388809
0.004549265
0.004476309
0.004302025
0.004558563
0.003808737
0.005062580
0.004141331
0.004091263
0.003994703
0.004028320
0.004251719
0.004484892
0.004240274
0.005033731
0.003816128
0.004476070
0.003944635
0.005119801
0.004018784
0.004657507
0.004085302
0.004356384
0.003990412
0.004382610
0.003979206
0.004643202
0.003787756
0.004348278
0.004342079
0.003959656
0.003905058
0.004338026
0.004077911
0.004228115
0.004339457
0.004066467
0.003993273
0.004272461
0.003801346
0.004573345
0.004257679
0.004400253
0.004032612
0.004596949
0.003819227
0.004508495
0.004230976
0.004612207
0.003836870
0.004038095
0.004419327
0.004112959
0.003920078
0.004256725
0.004406929
0.003885508
0.004593849
0.004382372
0.004653931
0.004084826
0.004609585
0.004165649
0.004410982
0.004147291
0.004699707
0.003761530
0.004569530
0.004162073
0.004347324
0.004076719
0.004463196
0.004869938
0.004285097
0.004438877
0.004484892
0.004428625
0.004095316
0.004593849
0.004067659
0.003861666
0.004053354
0.003918648
0.004074812
0.004331112
0.004121780
0.004134178
0.004621744
0.003762722
0.003836155
0.003974438
0.004206419
0.004202127
0.004106522
0.003780603
0.004444599
0.004298687
0.004351854
0.003892899
0.004346848
0.004309177
0.004148483
0.004636049
0.004005671
0.003959894
0.004779577
0.004026890
0.004584789
0.004002571
0.004163504
0.003899097
0.004393339
0.004125595
0.004607677
0.003930330
0.004835367
0.004278898
0.004611015
0.003994942
0.004322052
0.004284620
0.004340887
0.004618168
0.004377842
0.004233360
0.004511356
0.003989697
0.004740238
0.004217148
0.004764080
0.004244566
0.004937410
0.004221201
0.004369020
0.004481077
0.004187822
0.004110336
0.004297256
0.004547834
0.004153728
0.004835844
0.004113436
0.003918171
0.004708529
0.004335642
0.004347324
0.004100561
0.004041433
0.004429817
0.004858255
0.004077673
0.004265547
0.004292488
0.004373074
0.004104853
0.004351854
0.004499912
0.004957438
0.004276752
0.004184246
0.004322052
0.004439116
0.004644394
0.004224062
0.005091190
0.004633188
0.003996372
0.004498243
0.003993750
0.004639149
0.004158735
0.004337549
0.004981756
0.004201889
0.004456520
0.004570484
0.004371643
0.004652023
0.004225969
0.004472971
0.004124641
0.004657030
0.004231215
0.004126787
0.004587889
0.004859447
0.004421234
0.005156517
0.004142761
0.003975391
0.003967524
0.004400730
0.004473448
0.004320860
0.005134583
0.004627228
0.004548073
0.004516840
0.004078388
0.004467010
0.004601479
0.003846884
0.004694462
0.004628658
0.004319191
0.004553080
0.004848003
0.004683971
0.004319429
0.004074335
0.004575014
0.004399061
0.004608870
0.004536390
0.004335403
0.004086018
0.004282951
0.003928661
0.005030870
0.004251242
0.004495621
0.003998041
0.004687071
0.003976107
0.004542589
0.004552603
0.004558802
0.004345417
0.004309893
0.004350662
0.004368544
0.004349232
0.004172802
0.004418850
0.004906178
0.003948212
0.004707575
0.004477262
0.005187988
0.004271269
0.003866434
0.004184961
0.004565477
0.004329920
0.004432917
0.004137278
0.004623652
0.004265547
0.005351305
0.004735470
0.005054235
0.004338980
0.004324436
0.004080296
0.004695177
0.004415274
0.004673243
0.004485607
0.004631281
0.004603624
0.004777431
0.005025148
0.004655123
0.004134417
0.004380465
0.004137993
0.004397869
0.004315138
0.004305363
0.004409790
0.004587650
0.004261017
0.004779577
0.004303694
0.004416466
0.004142761
0.004663229
0.004681110
0.004507303
0.004017591
0.005107403
0.004012823
0.004578352
0.004539728
0.004252434
0.004659653
0.004750967
0.004130125
0.004304409
0.004384995
0.004241467
0.004244089
0.004311323
0.004153013
0.004665613
0.004130840
0.004947901
0.004340649
0.004224539
0.004240513
0.004226446
0.004335880
0.004093170
0.004443884
0.004033327
0.004344225
0.004480600
0.004444122
0.004192829
0.004524708
0.004247427
0.004237175
0.004476309
0.003941536
0.004595995
0.004178047
0.004677534
0.004333973
0.004536629
0.004673481
0.004203320
0.004339695
0.004414082
0.004150391
0.004471779
0.004317999
0.004855633
0.004198313
0.004212141
0.004264593
0.004265308
0.004434824
0.004536152
0.004681110
0.004264832
0.003792048
0.004138708
0.004514456
0.004042625
0.004256964
0.004517317
0.003991842
0.004297256
0.004738569
0.004398584
0.004272461
0.004487514
0.004400015
0.004285574
0.004246950
0.004363060
0.004408598
0.004297733
0.003906250
0.004344225
0.004668474
0.004806042
0.004292250
0.004478693
0.004352093
0.004776478
0.004125595
0.004736662
0.004409552
0.004662991
0.003986120
0.032070398
0.007421017
0.006346941
0.004746914
0.004098892
0.004117727
0.004154682
0.004436016
0.004151106
0.004100084
0.004171133
0.004216909
0.004713535
0.004050016
0.004367828
0.004185200
0.004232407
0.004255295
0.004089594
0.003953218
0.004096270
0.004338503
0.004260302
0.004282236
0.004547596
0.004237413
0.004777670
0.004004717
0.004684210
0.004184961
0.004168749
0.004210949
0.004353523
0.004006863
0.004203081
0.004559755
0.004441977
0.004310369
0.004410744
0.003885508
0.004263401
0.004313231
0.004531145
0.003898621
0.004193306
0.003998041
0.004425764
0.004708052
0.004457712
0.004541874
0.005052805
0.004436970
0.004638672
0.004597664
0.004634380
0.004323483
0.004309416
0.004359722
0.004230738
0.004131794
0.004054546
0.004096746
0.004362106
0.004283667
0.004203081
0.004127502
0.004047871
0.004205227
0.004180908
0.004197121
0.004137278
0.004137039
0.004127979
0.004081249
0.004311085
0.004229069
0.004120588
0.004097223
0.004119873
0.004317999
0.004098415
0.004088163
0.004360437
0.004085541
0.004331350
0.004106045
0.004097700
0.004100084
0.004512548
0.004074335
0.004683018
0.004144430
0.004383564
0.003971338
0.004589319
0.004259109
0.004135132
0.004059315
0.004303932
0.004223585
0.004324913
0.004050732
0.004217863
0.004257202
0.004450321
0.003958941
0.004097939
0.003982067
0.004166603
0.003972292
0.004120588
0.004238844
0.003965139
0.004223585
0.004539251
0.004319429
0.004014492
0.004511356
0.004189730
0.004159212
0.004449368
0.004525423
0.004254341
0.004111052
0.004407644
0.003986835
0.004340410
0.004153490
0.004481554
0.004005432
0.004048347
0.004112005
0.003965139
0.003983021
0.004136324
0.004315138
0.004523993
0.004086256
0.004409552
0.004363537
0.004214525
0.004206181
0.004699945
0.004421234
0.004354477
0.004279137
0.004435778
0.004320383
0.004405975
0.004149199
0.004243612
0.004234076
0.004150629
0.004002333
0.004137278
0.003982544
0.004038572
0.003935099
0.004016399
0.004433870
0.004454136
0.004438639
0.004229546
0.004397631
0.004039049
0.003943443
0.004252672
0.004194736
0.004321814
0.003975391
0.004274130
0.003951788
0.004161835
0.004065990
0.004470110
0.003978014
0.004830599
0.004014730
0.004476309
0.004309654
0.004278183
0.004018784
0.004346848
0.004422903
0.004171848
0.004218817
0.004322052
0.005869627
0.005136490
0.004746675
0.005140066
0.005154371
0.004587650
0.004190445
0.004253387
0.004048347
0.004134893
0.004042387
0.004069805
0.004071474
0.004088402
0.004036427
0.004714251
0.004501343
0.004220009
0.004396915
0.004264355
0.004247427
0.004090786
0.004066944
0.004059553
0.004316568
0.004215479
0.004460573
0.004276037
0.004685879
0.004403114
0.004272938
0.004328489
0.004348516
0.004264355
0.004205942
0.004033089
0.003977776
0.004056931
0.003950357
0.004011154
0.004296303
0.004193544
0.004925489
0.004225016
0.004566908
0.004242420
0.004496574
0.004219770
0.004231453
0.004562855
0.004353285
0.004301071
0.004289627
0.004213810
0.004458904
0.004246950
0.004256725
0.004316330
0.004351377
0.004188061
0.004301310
0.004029751
0.003971815
0.004255056
0.004355907
0.004415751
0.004286051
0.004433155
0.004466772
0.004424095
0.004247427
0.004024267
0.004054070
0.003959179
0.003996134
0.004249811
0.004340172
0.004338980
0.004337549
0.004403591
0.004380941
0.004401922
0.004321814
0.004462004
0.004320860
0.004497766
0.004903078
0.004292011
0.004401922
0.004236460
0.004300356
0.004328966
0.004375935
0.004140854
0.004088879
0.004063129
0.004232168
0.004223347
0.004866362
0.004526854
0.004684687
0.004126072
0.004211426
0.004187107
0.004292727
0.004406452
0.004273653
0.004110336
0.004079580
0.004114866
0.004116058
0.004095316
0.004051924
0.003920317
0.004098892
0.003939390
0.004040956
0.003926039
0.004033089
0.004058599
0.004046679
0.004050016
0.004196405
0.004035950
0.004178047
0.003980637
0.004172325
0.004014015
0.004033089
0.003947735
0.004043102
0.004007816
0.004138470
0.004173040
0.004273415
0.003967524
0.004046917
0.004235268
0.004375935
0.004064560
0.004086018
0.004188776
0.004200935
0.004050255
0.004374504
0.004081011
0.004042387
0.004071236
0.004061460
0.004050493
0.004085302
0.004355192
0.004225016
0.004049301
0.004403353
0.004029512
0.004059315
0.004043818
0.004035950
0.004102468
0.004038334
0.004085302
0.004200935
0.004071474
0.004083395
0.004049778
0.004097939
0.004051447
0.004058361
0.004042864
0.004090786
0.003987312
0.004054308
0.004271507
0.004039288
0.004117727
0.003975868
0.003946781
0.003937960
0.003950596
0.003948689
0.003965378
0.003959894
0.003978491
0.003973961
0.004153490
0.004168510
0.003906727
0.003960848
0.003968954
0.003973246
0.003971815
0.004259825
0.004003048
0.003961802
0.003979683
0.004009724
0.004131317
0.003975391
0.003946781
0.003975153
0.003921270
0.003947020
0.003943920
0.003940105
0.003952503
0.004517555
0.004261017
0.004099369
0.004172087
0.004074097
0.004169226
0.003999949
0.004033804
0.003956556
0.004005432
0.003946543
0.004310846
0.004123688
0.004172325
0.004304647
0.004297018
0.004017591
0.004405737
0.004098892
0.004175901
0.004200220
0.004233599
0.003935575
0.004030228
0.004015446
0.004117250
0.003893375
0.004106045
0.003983736
0.004114628
0.003911734
0.004101515
0.003884315
0.004091501
0.004017830
0.004019499
0.003977060
0.004049540
0.003978491
0.004404545
0.003931284
0.004021168
0.004084110
0.004231930
0.004487276
0.003957510
0.004779100
0.004591703
0.004392862
0.004452944
0.004270077
0.004142284
0.004410744
0.004180431
0.004296064
0.004136086
0.003859997
0.004124641
0.003936768
0.003925085
0.003959894
0.003938198
0.003931284
0.003941536
0.003958464
0.003929138
0.003945112
0.004087925
0.004096985
0.004023552
0.003950596
0.003954411
0.004235506
0.004381895
0.004330397
0.004254580
0.004148483
0.004006624
0.004244089
0.003963947
0.004509449
0.004361153
0.004028797
0.004417419
0.004347801
0.004300356
0.004187107
0.004302502
0.004390478
0.004344940
0.004333496
0.004081726
0.004059553
0.004195690
0.003942490
0.004060030
0.004083395
0.004121542
0.004087687
0.004157782
0.004182339
0.004046440
0.003957748
0.003959417
0.003982306
0.004005671
0.003968716
0.004030466
0.003982067
0.004062653
0.003890991
0.004018545
0.004072905
0.003977299
0.003929377
0.004247189
0.004276276
0.004185677
0.004053354
0.003988028
0.003969908
0.003969193
0.004041433
0.003984928
0.004298687
0.004485607
0.004251003
0.004093170
0.004094601
0.004028559
0.004020691
0.004025698
0.003934622
0.004142523
0.004244566
0.004160643
0.003987789
0.004085779
0.004076004
0.003989458
0.003987074
0.004020452
0.004159689
0.004015207
0.003947258
0.003956079
0.004081964
0.003997326
0.004009008
0.004236937
0.004261494
0.004176378
0.004303932
0.004174471
0.004185200
0.003995180
0.004005909
0.004032135
0.004165173
0.004328728
0.004363537
0.004303694
0.004230499
0.004435539
0.004222870
0.004138947
0.003943682
0.004173756
0.004373074
0.004366159
0.004177809
0.004309177
0.004028797
0.004013777
0.003912449
0.003991842
0.003934622
0.004020691
0.004046917
0.004157305
0.004169941
0.003924131
0.004186392
0.004092693
0.004300117
0.003953695
0.003983021
0.004215479
0.004116297
0.003903151
0.004159212
0.005026579
0.004117489
0.004137278
0.004224300
0.003944874
0.003909826
0.004090309
0.003882885
0.003951311
0.004219055
0.003943682
0.004106998
0.003942013
0.004120588
0.003927469
0.004122496
0.004109383
0.004320145
0.004159689
0.004088879
0.004157305
0.004363060
0.004321337
0.004348993
0.004110813
0.004334211
0.004153728
0.004127979
0.004209518
0.004137516
0.004171610
0.004072428
0.003970385
0.003994942
0.003952026
0.004023075
0.003964663
0.004031658
0.003980637
0.004030704
0.003955603
0.004025221
0.003981113
0.004033566
0.003974438
0.004003763
0.003936291
0.004028082
0.003970385
0.003998041
0.003946066
0.003992081
0.004011631
0.004013777
0.004129887
0.004295349
0.004166603
0.004343033
0.004186153
0.004235744
0.006588697
0.004089594
0.004200697
0.004083395
0.004453659
0.004206657
0.003962517
0.003951073
0.004139662
0.004083633
0.004091263
0.004280090
0.004471540
0.004378796
0.004063368
0.003908634
0.003966570
0.003971815
0.004009008
0.003923416
0.004007339
0.004327059
0.004256010
0.004098415
0.004021168
0.003960133
0.004010916
0.003923893
0.003973246
0.004040718
0.004269600
0.003933430
0.004014015
0.004033089
0.004363537
0.004381180
0.004225254
0.004356146
0.004347801
0.004432678
0.004315376
0.004239798
0.004003048
0.004119635
0.003993511
0.003955126
0.003979921
0.003985405
0.003967524
0.003981829
0.003951073
0.003928661
0.003981113
0.003975868
0.004007578
0.004202366
0.004196405
0.004109621
0.003963947
0.004353285
0.003943682
0.004313469
0.004327536
0.004240274
0.004278898
0.004224062
0.004427195
0.004313946
0.003787994
0.004511595
0.004273653
0.003976107
0.007861853
0.006073236
0.004428148
0.004405737
0.004962444
0.004217386
0.005216599
0.004453421
0.004193544
0.004480362
0.004111290
0.004482985
0.004003763
0.004188538
0.004003286
0.003978968
0.004045963
0.005022049
0.004349232
0.004373312
0.004089355
0.004352093
0.004028320
0.004207373
0.004008532
0.004081488
0.004033566
0.004079580
0.004029751
0.004084826
0.004191399
0.004089832
0.004025936
0.004136562
0.003968000
0.004123449
0.004049063
0.004147053
0.004083633
0.004385710
0.004093647
0.004104376
0.004035711
0.004317522
0.004183769
0.004091501
0.003968239
0.004127979
0.004001379
0.004165411
0.004040480
0.004172802
0.004187346
0.004204750
0.004033804
0.004223347
0.004121542
0.004201174
0.004103184
0.004178047
0.004038334
0.004250288
0.004078150
0.004213333
0.004031181
0.004153013
0.004024506
0.004154921
0.004013538
0.004321814
0.004201651
0.004185677
0.004103184
0.004223347
0.004060984
0.004210472
0.004030228
0.004152060
0.004129171
0.004212856
0.004143953
0.004179955
0.003985167
0.004182816
0.004003286
0.004202604
0.004047394
0.004169941
0.004004478
0.004116058
0.003978491
0.004184008
0.003943920
0.004148960
0.003991365
0.004227638
0.003961563
0.004178524
0.003962278
0.004174471
0.004003525
0.004220247
0.004024982
0.004173756
0.004544973
0.004138470
0.003950834
0.006252527
0.004077435
0.004368067
0.004276276
0.005377293
0.004148483
0.004113197
0.004071712
0.004075527
0.004417419
0.004040480
0.004087687
0.004339457
0.004227638
0.004146099
0.005679846
0.004138947
0.004051924
0.003994465
0.003919125
0.004095316
0.003937960
0.003963709
0.004096746
0.004414558
0.004078388
0.004136801
0.004078627
0.004172325
0.004350424
0.004471302
0.003985643
0.004085541
0.004182577
0.004012823
0.003940582
0.003977060
0.003926754
0.004059792
0.003961563
0.004305363
0.004210472
0.004410744
0.004176378
0.004349470
0.004345655
0.004234314
0.004255056
0.004652739
0.004323483
0.004132748
0.004184961
0.005105734
0.005024910
0.004480362
0.004338741
0.004622221
0.004225254
0.004324198
0.004071474
0.004342318
0.004544735
0.004480600
0.004659414
0.004396200
0.004106522
0.004762650
0.003958225
0.003938913
0.003938437
0.003998518
0.003916502
0.004010439
0.004003525
0.003978968
0.003950119
0.004212618
0.003981829
0.004062414
0.004096270
0.004172564
0.004289389
0.004220009
0.004199266
0.004317045
0.004305124
0.004112005
0.004182816
0.004317999
0.004194021
0.004312754
0.004271746
0.004804373
0.004381657
0.004285097
0.004041910
0.004135609
0.004385471
0.004179478
0.004219294
0.004146338
0.004610062
0.004241228
0.004211187
0.004137516
0.004003286
0.004093885
0.004029751
0.004197121
0.004163504
0.004256964
0.004249334
0.004148006
0.003960133
0.004213810
0.004207373
0.004350901
0.004310369
0.004221916
0.004317522
0.004580021
0.004132748
0.004413366
0.004232883
0.004318476
0.004151583
0.004232883
0.004364014
0.004193783
0.004245758
0.004193544
0.004248381
0.004521370
0.004227400
0.004380941
0.004066229
0.004055977
0.004092216
0.003975391
0.003987074
0.003962517
0.003969431
0.003986120
0.003979206
0.003960609
0.003948927
0.004127264
0.004130602
0.004023314
0.004000902
0.004225969
0.004169941
0.004302025
0.004988194
0.005055189
0.004862309
0.004648447
0.004371643
0.004451990
0.004705191
0.004432440
0.004435062
0.004360676
0.004233599
0.004496098
0.004603624
0.004543543
0.004011631
0.004050732
0.004141808
0.004270554
0.004278421
0.004258156
0.004426956
0.004417658
0.004047394
0.004178047
0.003973961
0.004106760
0.003974915
0.004067421
0.003944397
0.004021168
0.003921032
0.004247189
0.004325867
0.004400253
0.004266500
0.004200697
0.004225254
0.004208326
0.004205465
0.004305840
0.004172802
0.004229546
0.004118681
0.003965378
0.003927231
0.004210472
0.004099607
0.003987789
0.004043102
0.004000664
0.003946066
0.003981352
0.004105330
0.003983021
0.003944397
0.004140615
0.004035473
0.004019499
0.003896236
0.003978729
0.003914595
0.004112244
0.004178286
0.004303455
0.004269123
0.004246950
0.004292250
0.004324675
0.004222393
0.004123449
0.004182339
0.004143953
0.003968239
0.004155397
0.003912449
0.004395008
0.004091740
0.004313946
0.004202843
0.004772902
0.004113197
0.004188061
0.004136324
0.004179716
0.004213333
0.004205942
0.004262686
0.004161596
0.004164219
0.004157305
0.003906012
0.004015446
0.003961802
0.004017353
0.003974676
0.003995419
0.003922701
0.004108429
0.003959417
0.004019499
0.003959179
0.004165173
0.003926516
0.004205704
0.004241228
0.004441738
0.004240036
0.004215240
0.004398346
0.004249334
0.004105091
0.004441977
0.004360199
0.004259586
0.004138470
0.004142284
0.003946781
0.004019737
0.003982306
0.003993511
0.004105806
0.004219055
0.004289627
0.004265308
0.004006147
0.003972769
0.004056215
0.004012823
0.003935575
0.003971100
0.004033804
0.004195213
0.003912210
0.003962517
0.004000187
0.003979683
0.003882647
0.003960609
0.004295826
0.004040003
0.004145384
0.004212618
0.004127741
0.004214287
0.004213572
0.004386187
0.004185677
0.004248381
0.004159927
0.004145145
0.004074574
0.003966093
0.003992081
0.004008532
0.003977776
0.004197359
0.003907204
0.003918886
0.004000187
0.003959656
0.003971577
0.004460096
0.004248381
0.003988266
0.004293680
0.004225492
0.004412651
0.004354239
0.004284143
0.004327774
0.004257441
0.004158974
0.004082441
0.003976822
0.004116058
0.003983498
0.004033089
0.004033566
0.004024029
0.004011631
0.003996134
0.004032612
0.004061460
0.004049540
0.004020214
0.004010677
0.003999233
0.004022121
0.004015684
0.004186392
0.004005671
0.004005909
0.004012108
0.004017353
0.003988028
0.003993750
0.004033327
0.004015923
0.004011154
0.003998518
0.004151821
0.004021645
0.004000664
0.004016876
0.004177570
0.003996849
0.004013062
0.004007578
0.004021406
0.004247427
0.004014969
0.004003286
0.004001856
0.004031420
0.004024267
0.004170418
0.004004002
0.003996849
0.004011393
0.004015684
0.004004002
0.004012823
0.004000902
0.004163504
0.004031897
0.004087925
0.003982306
0.004014492
0.004030466
0.004080057
0.004016638
0.004035950
0.004601002
0.004371643
0.004348040
0.004834890
0.004576206
0.004292250
0.004398346
0.004125595
0.004795790
0.004245281
0.004581213
0.004350662
0.004236698
0.004384756
0.004287958
0.004363298
0.004086256
0.004286289
0.004210711
0.004049540
0.004021645
0.004006147
0.003954411
0.004179955
0.004721403
0.004103899
0.003957272
0.004129171
0.004269600
0.004174709
0.004375219
0.004803896
0.004280329
0.004737854
0.004051685
0.004745007
0.004031181
0.004698515
0.004001617
0.004090548
0.004011631
0.004015684
0.003983259
0.004002333
0.003984928
0.003971815
0.003992081
0.003986120
0.003976107
0.003993511
0.004007339
0.004177809
0.003997087
0.003991365
0.003992319
0.004032850
0.003991127
0.004008770
0.003982782
0.003997564
0.004001379
0.003991842
0.004008532
0.004012823
0.004022598
0.003996611
0.004001379
0.004033804
0.004014015
0.004000664
0.004146576
0.003963470
0.004080057
0.003993511
0.003994942
0.003996849
0.003998995
0.004000902
0.003999233
0.003979921
0.003999949
0.003989458
0.004017830
0.003991365
0.003984213
0.004016161
0.004019737
0.004011393
0.004015923
0.004004240
0.004030943
0.004006386
0.004021406
0.003994465
0.003990173
0.004001379
0.004007101
0.004005909
0.003985405
0.004400969
0.003996372
0.004016161
0.003988028
0.003983259
0.003987074
0.004156351
0.004011154
0.004129648
0.004065990
0.004033804
0.004004240
0.003973007
0.003919363
0.004240274
0.004027367
0.003977060
0.004019022
0.004019976
0.003970623
0.004013300
0.003992081
0.003988028
0.004012585
0.004010677
0.003961325
0.004030943
0.004192114
0.004010677
0.004072189
0.003974915
0.004086018
0.004077196
0.003921032
0.004048586
0.004076958
0.004024982
0.004169226
0.004061699
0.003987074
0.004021168
0.004041910
0.004063129
0.004042864
0.004045486
0.004047871
0.004052162
0.004100561
0.004077673
0.003937483
0.004235268
0.003996372
0.004223824
0.004485607
0.004118919
0.004084349
0.003973246
0.004057646
0.003955126
0.004085064
0.004054308
0.003958464
0.003945827
0.003963470
0.004140854
0.004012823
0.004295349
0.004187822
0.003991604
0.004052401
0.003991365
0.004081964
0.004035711
0.004231453
0.004178047
0.003978729
0.004090548
0.004351139
0.004053354
0.004020929
0.003962755
0.003962040
0.003951788
0.004021645
0.003993511
0.003966331
0.003997564
0.004010439
0.003991365
0.004013777
0.004007578
0.003954411
0.003953218
0.003923178
0.004098177
0.003944397
0.003952503
0.004094839
0.003983259
0.003937244
0.003975153
0.004026651
0.003979921
0.003934622
0.003967524
0.003940344
0.003957987
0.004069090
0.003960133
0.003951788
0.004198551
0.004121304
0.004281282
0.004161119
0.004042864
0.004005909
0.004017115
0.004001856
0.003956795
0.003956556
0.003735781
0.003905535
0.003942013
0.003975630
