0.003144026
0.002270460
0.001415730
0.001935959
0.001513243
0.001407385
0.001392603
0.001398325
0.001416206
0.001407146
0.001409769
0.001422167
0.001391172
0.001403570
0.001384735
0.001410961
0.001407623
0.001391411
0.001415968
0.001393080
0.001411676
0.001403570
0.001391172
0.001438379
0.001392603
0.001393557
0.001396418
0.001387358
0.001399040
0.001398087
0.001487732
0.001383781
0.001381159
0.001404285
0.001380205
0.001392841
0.001440287
0.001436234
0.001433372
0.001398802
0.001427889
0.001444578
0.001382828
0.001403332
0.001413822
0.001405716
0.001402378
0.001385450
0.001420259
0.001385450
0.001399279
0.001461029
0.001383543
0.001397371
0.001477718
0.001407623
0.001408339
0.001422167
0.001393795
0.001385212
0.001404524
0.001400709
0.001397133
0.001399279
0.001381636
0.001389742
0.001407862
0.001385689
0.001400709
0.001389265
0.001424789
0.001427412
0.001409292
0.001406908
0.001387835
0.001398802
0.001416683
0.001389265
0.001435757
0.001383543
0.001398087
0.001388073
0.001415491
0.001401186
0.001411200
0.001408339
0.001416922
0.001449108
0.001403093
0.001389027
0.001397371
0.001396179
0.001394272
0.001478434
0.001382828
0.001398087
0.001401663
0.001389503
0.001422644
0.001390934
0.001394749
0.001410246
0.001417398
0.001403809
0.001392841
0.001399994
0.001416683
0.001392365
0.001419783
0.001449823
0.001422882
0.001473188
0.001383305
0.001404047
0.001408100
0.001414061
0.001400232
0.001465559
0.001449108
0.001559973
0.001404524
0.001406908
0.001600504
0.001371861
0.001371384
0.001384497
0.001045704
