0.085784674
0.084500313
0.084598780
0.084624052
0.084485769
0.084512234
0.084282875
0.084322691
0.084399223
0.084483862
0.084646225
0.084538460
0.084429502
0.084509373
0.084502220
0.084501743
0.084508896
0.077159882
0.085550070
0.084649324
0.084509134
0.084304571
0.084328890
0.084478855
0.084473372
0.084600925
0.084466219
0.084632397
0.084559679
0.084515095
0.084476471
0.084355116
0.084377289
0.084507465
0.084414482
0.076371670
0.085833073
0.084587336
0.084803343
0.084663630
0.084534883
0.084379911
0.084468603
0.084404707
0.084454536
0.084393263
0.084499121
0.084485292
0.084401131
0.084338188
0.084463835
0.084519863
0.084519148
0.076548815
0.085543394
0.084515810
0.084496498
0.084560156
0.084419250
0.084433794
0.084575415
0.084701061
0.084409475
0.084607840
0.084487677
0.084422588
0.084247112
0.084351063
0.084529161
0.084467173
0.084490061
0.076643944
0.085649014
0.084493876
0.084335804
0.084355831
0.084463120
0.084408045
0.084452391
0.084625244
0.084389687
0.084349394
0.084427357
0.084422350
0.084459066
0.084454060
0.084485769
0.084495783
0.084552526
0.076415300
0.085733652
0.084478140
0.084479809
0.084738970
0.084557056
0.084608793
0.084481478
0.084661484
0.084492683
0.084337234
0.084330320
0.084293604
0.084417105
0.084423304
0.084539175
0.084486961
0.084457159
0.076540709
0.085677862
0.084540606
0.084454298
0.084451437
0.084453821
0.084421635
0.084613323
0.084502459
0.084362745
0.084429741
0.084373236
0.084439278
0.084387541
0.084396124
0.084522009
0.084544659
0.084290028
0.076394081
0.085575104
0.084309578
0.084435940
0.084260941
0.084352970
0.084482431
0.084335804
0.084412098
0.084466457
0.084607363
0.084541798
0.084484339
0.084286690
0.084315062
0.084372520
0.084545851
0.084512711
0.076593399
0.085543156
0.084456205
0.084429502
0.084307671
0.084279537
0.084305763
0.084469318
0.084445477
0.084502220
0.084382772
0.084329367
0.084681511
0.084449053
0.084329367
0.084397554
0.084405661
0.084540367
0.076543808
0.085577011
0.084475756
0.084418297
0.084696293
0.084540844
0.084487677
0.084595680
0.084590197
0.084552050
0.084447384
0.084623098
0.084362984
0.084502935
0.084424257
0.084462404
0.084438086
0.084312916
0.076354980
0.085673094
0.084789991
0.084462643
0.084470510
0.084329844
0.084529638
0.084342957
0.084519625
0.084446907
0.084453106
0.084767342
0.084655523
0.084625721
0.084888220
0.084518433
0.084490299
0.084401131
0.076499462
0.085672379
0.084484339
0.084478140
0.084357023
0.084547043
0.084520102
0.084474564
0.084480286
0.084331274
0.084509611
0.084311247
0.084588051
0.084494591
0.084455490
0.084430933
0.084349632
0.084381104
0.076430321
0.085654974
0.084324121
0.084337234
0.084205389
0.084354401
0.084242582
0.084265471
0.084265471
0.084466696
0.084378242
0.084314823
0.084315062
0.084328175
0.084225893
0.084241867
0.084409237
0.084385395
0.076573372
0.085500002
0.084379911
0.084365368
0.084520340
0.084566355
0.084527493
0.084490538
0.084491253
0.084410429
0.084484339
0.084437132
0.084430218
0.084603071
0.084514856
0.084496260
0.084347486
0.084491491
0.076370478
0.085705996
0.084451437
0.084597826
0.084424734
0.084517002
0.084402084
0.084521770
0.084500313
0.084600210
0.084510803
0.084553957
0.084551811
0.084508181
0.084438562
0.084467173
0.084500551
0.084308863
0.076365471
0.085617542
0.084463358
0.084409952
0.084279060
0.084222555
0.084316492
0.084416866
0.084312439
0.084257126
0.084257841
0.084434748
0.084202290
0.084288836
0.084439278
0.084236860
0.084278107
0.084380388
0.076549053
0.080056667
0.080422163
0.081323147
0.085003376
0.084525347
0.084437847
0.084498167
0.084610224
0.084507942
0.084233761
0.084458113
0.084494829
0.084239244
0.084309578
0.084283352
0.084607840
0.084441662
0.076554775
0.085489750
0.084514380
0.084330559
0.084385395
0.084697247
0.084563255
0.084529877
0.084313154
0.084266663
0.084445715
0.084269762
0.084296465
0.084406376
0.084409714
0.084473848
0.084290981
0.084332466
0.076294184
0.085573435
0.084525585
0.084316254
0.084401608
0.084510803
0.084479094
0.084539413
0.084646225
0.084597111
0.084494352
0.084312201
0.084355831
0.084476233
0.084473848
0.084453583
0.084349394
0.084476233
0.076420784
0.085568666
0.084360838
0.084638119
0.084531069
0.084512472
0.084474087
0.084495306
0.084680796
0.084387541
0.084770441
0.084430218
0.084430695
0.084444046
0.084450245
0.084335089
0.084342480
0.084506512
0.076455593
0.086157322
0.084464788
0.084435225
0.084311962
0.084470749
0.084349394
0.084398508
0.084297419
0.084278107
0.084305286
0.084334612
0.084338427
0.084347486
0.084324360
0.084377766
0.084253788
0.084240198
0.076319456
0.085682392
0.084332228
0.084427357
0.084515810
0.084583759
0.084520102
0.084413052
0.084421158
0.084338188
0.084506989
0.084411860
0.084421158
0.084370613
0.084276199
0.084365368
0.084316015
0.084364414
0.076557159
0.085763931
0.084478617
0.084435701
0.084498882
0.084469080
0.084421396
0.084376097
0.084321499
0.084414005
0.084262133
0.084347248
0.084368706
0.084469557
0.084253550
0.084612370
0.084494114
0.084540367
0.076602936
0.085669279
0.084465981
0.084516048
0.084599972
0.084542751
0.084439039
0.084543705
0.084551573
0.084629536
0.084470034
0.084470272
0.084520578
0.084651470
0.084562778
0.084381342
0.084515810
0.084383726
0.076419115
0.085614920
0.084620953
0.084530830
0.084652901
0.084333181
0.084496021
0.084370613
0.084514618
0.084594250
0.084335566
0.084398270
0.084417343
0.084444761
0.084294796
0.084412813
0.084473372
0.084205151
0.076338530
0.085424662
0.084374666
0.084384441
0.084306240
0.084340334
0.084657907
0.084468365
0.084325790
0.084297657
0.084392071
0.084413290
0.084393263
0.084474325
0.084454298
0.084526062
0.084592104
0.084434509
0.076596022
0.085611820
0.084338188
0.084268093
0.084304094
0.084322691
0.084268570
0.084318161
0.084358692
0.084333420
0.084426880
0.084479809
0.084383488
0.084256172
0.084262848
0.084321499
0.084480524
0.084423780
0.076395273
0.085624695
0.084357023
0.084347010
0.084518909
0.084481001
0.084527016
0.084466934
0.084397078
0.084571362
0.084512711
0.084659338
0.084398031
0.084348440
0.084448338
0.084390640
0.084396362
0.084400415
0.076326847
0.085593462
0.084342480
0.084545851
0.084292173
0.084386826
0.084359884
0.084542513
0.084524632
0.084414005
0.084494352
0.084719658
0.084475517
0.084476948
0.084292412
0.084429502
0.084305525
0.084302664
0.076348066
0.085324049
0.084252596
0.084337950
0.084448338
0.084227562
0.084437370
0.084327936
0.084492922
0.084453821
0.084307194
0.084554434
0.084325314
0.084360123
0.084480524
0.084383011
0.084305525
0.084317923
0.076330423
0.085596800
0.084266901
0.084341288
0.084426165
0.084397078
0.084337473
0.084471941
0.084263325
0.084348679
0.084392071
0.084441185
0.084522009
0.084377050
0.084386826
0.084377766
0.084239721
0.084218502
0.076378345
0.085690975
0.084481478
0.084559441
0.084460258
0.084270954
0.084365606
0.084395885
0.084369183
0.084476709
0.084359169
0.084410191
0.084315538
0.084366083
0.084388018
0.084353924
0.084436655
0.084407568
0.076394796
0.085679293
0.084404230
0.084268570
0.084369898
0.084337950
0.084466219
0.084376574
0.084357500
0.084453106
0.084375858
0.084195375
0.084275007
0.084264755
0.084313869
0.084474564
0.084359646
0.084225893
0.076335192
0.085913181
0.084385872
0.084563017
0.084440231
0.084517717
0.084281206
0.084375381
0.084629536
0.084437370
0.084300280
0.084369183
0.084407806
0.084427118
0.084295988
0.084348917
0.084315300
0.084276915
0.076363087
0.085458517
0.084496021
0.084442139
0.084579706
0.084294558
0.084418774
0.084399462
0.084422112
0.084431887
0.084239960
0.084322453
0.084510565
0.084343910
0.084678650
0.084325314
0.084559202
0.084278345
0.076334476
0.085754395
0.084560633
0.084352016
0.084607363
0.084505558
0.084453583
0.084299803
0.084314346
0.084403992
0.084470034
0.084493399
0.084326029
0.084309101
0.084366322
0.084305048
0.084403038
0.084285259
0.076368093
0.085554123
0.084541082
0.084456444
0.084366798
0.084419727
0.084360123
0.084348917
0.084252357
0.084270239
0.084418535
0.084548235
0.084330320
0.084292412
0.084454536
0.084432840
0.084359407
0.084290743
0.076457262
0.085596800
0.084487438
0.084474087
0.084499836
0.084393501
0.084298134
0.084317446
0.084408998
0.084436893
0.084439754
0.084420681
0.084378958
0.084337234
0.084342718
0.084261894
0.084401131
0.084430218
0.076343775
0.085711718
0.084279299
0.084452391
0.084509134
0.084330559
0.084455013
0.084297180
0.084251642
0.084409475
0.084459066
0.084338903
0.084377289
0.084461212
0.084271431
0.084306479
0.084202290
0.084522486
0.076361895
0.085741997
0.084466457
0.084341526
0.084291458
0.084638119
0.084483147
0.084619045
0.084414721
0.084353447
0.084550142
0.084430456
0.084285736
0.084296703
0.084407568
0.084315062
0.084462404
0.084502220
0.076438904
0.085539341
0.084532022
0.084520578
0.084331751
0.084274054
0.084414721
0.084519148
0.084296942
0.084331751
0.084240437
0.084256172
0.084296703
0.084322214
0.084358692
0.084465742
0.084300280
0.084511757
0.076420546
0.085532904
0.084428549
0.084468842
0.084526300
0.084576845
0.084886789
0.084399939
0.084497929
0.084369898
0.084533453
0.084511518
0.084550619
0.084494829
0.084449768
0.084396124
0.084582806
0.084289074
0.076521158
0.086123228
0.084292650
0.084301949
0.084441423
0.084403038
0.084389210
0.084298611
0.084454775
0.084326982
0.084361076
0.084396362
0.084569216
0.084619522
0.084572077
0.084497452
0.084580898
0.084356308
0.076390982
0.085679531
0.084544659
0.084332466
0.084386349
0.084472418
0.084424973
0.084289789
0.084333897
0.084535599
0.084428549
0.084419250
0.084526777
0.084934711
0.085508347
0.085051298
0.084815025
0.084459782
0.076361895
0.085906982
0.084371567
0.084304571
0.084381580
0.084654331
0.085201979
0.085014820
0.084936857
0.084491014
0.084364653
0.084522963
0.084728003
0.085408688
0.084897757
0.084793806
0.084374428
0.084636688
0.077225208
0.086408854
0.084761858
0.084404230
0.084902763
0.085744381
0.085189104
0.085008621
0.084503889
0.085132599
0.085184574
0.085156202
0.085056782
0.085101843
0.085091114
0.085024595
0.085011244
0.084974766
0.076982975
0.085862637
0.084676981
0.084498405
0.084594488
0.084921122
0.085205078
0.085051775
0.084749699
0.084942102
0.085057974
0.085186720
0.085216284
0.085819483
0.085492134
0.085812569
0.084985733
0.085514307
0.077668667
0.086167812
0.085044384
0.084598541
0.084560156
0.084551811
0.084911346
0.085974693
0.085704327
0.085544825
0.085162163
0.084994078
0.085096836
0.085198879
0.086045504
0.085816383
0.085556746
0.084945679
0.077363968
0.087200165
0.084718466
0.085479736
0.084937811
0.084962845
0.084443808
0.084571838
0.085269213
0.084888220
0.084944725
0.085056067
0.085494995
0.085639000
0.085448980
0.085352659
0.084952116
0.084841728
0.076953888
0.086222887
0.084811687
0.084545612
0.085333586
0.084922552
0.084811687
0.084817410
0.084967136
0.085897923
0.085427284
0.085288763
0.085196257
0.085231781
0.085773706
0.085547924
0.085283995
0.084876776
0.076856136
0.085797310
0.084376097
0.084464312
0.084578514
0.085952759
0.085497618
0.085300446
0.085143089
0.084980726
0.084877968
0.084907293
0.084820032
0.084706783
0.085102081
0.085837841
0.085556269
0.085504293
0.077119112
0.086073875
0.084733009
0.084671974
0.085514307
0.084836960
0.084865332
0.084470510
0.084544182
0.085417271
0.084766150
0.084964275
0.084891319
0.085315466
0.085825443
0.085502625
0.085462570
0.084847212
0.076979876
0.086140871
0.085004807
0.084777594
0.084499836
0.085347891
0.085055351
0.085041761
0.084965944
0.084809542
0.084938049
0.085016251
0.085094929
0.084805012
0.084844112
0.085766554
0.085509300
0.085449457
0.077098131
0.086239338
0.084799290
0.084649324
0.084538937
0.084505320
0.084608078
0.084477425
0.085056782
0.085396290
0.085001469
0.085015535
0.084592104
0.084387302
0.084554672
0.084657907
0.085558414
0.085024595
0.077053547
0.086266279
0.084956408
0.084836721
0.084398746
0.084408045
0.084521055
0.084455967
0.084465981
0.084672451
0.085487604
0.084973574
0.084982634
0.084750414
0.084787369
0.085344791
0.084932327
0.085047960
0.076586008
0.085713863
0.084589720
0.084609509
0.084569931
0.084507227
0.084519863
0.084414005
0.084942818
0.085392952
0.084895611
0.084788561
0.084451437
0.084403276
0.084498405
0.084548473
0.085402250
0.085095167
0.076961756
0.085485220
0.084425449
0.084526539
0.084493399
0.084543705
0.084530354
0.084601641
0.084521055
0.084412575
0.084659100
0.084505558
0.084464788
0.084606886
0.084460735
0.084326267
0.084455967
0.084295750
0.076319456
0.085561514
0.084307671
0.084307909
0.084273577
0.084285021
0.084311008
0.084305763
0.084652901
0.084519863
0.084553003
0.084553003
0.084562540
0.084470987
0.084465027
0.084335566
0.084587574
0.084482431
0.076445103
0.085566521
0.084324837
0.084272623
0.084387302
0.084329128
0.084293604
0.084453583
0.084404945
0.084397078
0.084408283
0.084383488
0.084238529
0.084533453
0.084278822
0.084235907
0.084312916
0.084309340
0.076428413
0.085792542
0.084546089
0.084599972
0.084383488
0.084354401
0.084555149
0.084565878
0.084290266
0.084364653
0.084342957
0.084218740
0.084264278
0.084351301
0.084300280
0.084229946
0.084293842
0.084297895
0.076374292
0.085647583
0.084347010
0.084410429
0.084469318
0.084336519
0.084640980
0.084495306
0.084394693
0.084272385
0.084374905
0.084321976
0.084546328
0.084650040
0.084532261
0.084435940
0.084367037
0.084539175
0.076515675
0.085771561
0.084482431
0.084551573
0.084400654
0.084280014
0.084347963
0.084448576
0.084548712
0.084373236
0.084704876
0.084607601
0.084810019
0.084644318
0.084557056
0.084552526
0.084567070
0.084486961
0.076449633
0.085523367
0.084501266
0.084360361
0.084260702
0.084290981
0.084260941
0.084361792
0.084562778
0.084507227
0.084296465
0.084364653
0.084311247
0.084447145
0.084338903
0.084282875
0.084303856
0.084403038
0.076326370
0.085820675
0.084355116
0.084400892
0.084441185
0.084290266
0.084520102
0.084552526
0.084547997
0.084382057
0.084455013
0.084321976
0.084328651
0.084494829
0.084505081
0.084481955
0.084584475
0.084508657
0.076570272
0.085453272
0.084296942
0.084362984
0.084274292
0.084412098
0.084458351
0.084293127
0.084403276
0.084517956
0.084295750
0.084278107
0.084199429
0.084316730
0.084331751
0.084318161
0.084301949
0.084438324
0.076555252
0.085522413
0.084313154
0.084457397
0.084402561
0.084342480
0.084424019
0.084457159
0.084296703
0.084279060
0.084405422
0.084365606
0.084366322
0.084504128
0.084382772
0.084479809
0.084365845
0.084321260
0.076410532
0.085655212
0.084576368
0.084434748
0.084438324
0.084772110
0.084315300
0.084706783
0.084420919
0.084359646
0.084458351
0.084506512
0.084557533
0.084665298
0.084440947
0.084485769
0.084456921
0.084602356
0.076627731
0.085565090
0.084315777
0.084514618
0.084313154
0.084468603
0.084423780
0.084347248
0.084281206
0.084217072
0.084385633
0.084460735
0.084260702
0.084311962
0.084271193
0.084393501
0.084507227
0.084276915
0.076395273
0.085721493
0.084560394
0.084577560
0.084562302
0.084473133
0.084487438
0.084496737
0.084527969
0.084621906
0.084552288
0.084594488
0.084405184
0.084501505
0.084616423
0.084458590
0.084475994
0.084257603
0.076480150
0.085496902
0.084427595
0.084361792
0.084268808
0.084433317
0.084450722
0.084403753
0.084241867
0.084473372
0.084334850
0.084357262
0.084295750
0.084597111
0.084521055
0.084252357
0.084268332
0.084360361
0.076345921
0.085765839
0.084256649
0.084215879
0.084259510
0.084396601
0.084396601
0.084268093
0.084356308
0.084378719
0.084548950
0.084513426
0.084422350
0.084320784
0.084581852
0.084282398
0.084378719
0.084363461
0.076375484
0.086764574
0.084500074
0.084273815
0.084386587
0.084252834
0.084368467
0.084445477
0.084295988
0.084380865
0.084304571
0.084416389
0.084213257
0.084326982
0.084348202
0.084251642
0.084308147
0.084326506
0.076355696
0.085959196
0.084290743
0.084311008
0.084348202
0.084431887
0.084325552
0.084339380
0.084385633
0.084421396
0.084326982
0.084426641
0.084321737
0.084341526
0.084311247
0.084391356
0.084295750
0.084329128
0.076371670
0.085551500
0.084329367
0.084576368
0.084471226
0.084436178
0.084563255
0.084522963
0.084539175
0.084363699
0.084264994
0.084451199
0.084334135
0.084367514
0.084387302
0.084442854
0.084572315
0.084517479
0.076541662
0.085578442
0.084480524
0.084480762
0.084713936
0.084554672
0.084479332
0.084507465
0.084464312
0.084495783
0.084656954
0.084393978
0.084453106
0.084412575
0.084500551
0.084346294
0.084550619
0.084330082
0.076392174
0.085460663
0.084431887
0.084684134
0.084760904
0.084679604
0.084395170
0.084469080
0.084535599
0.084459305
0.084490776
0.084268808
0.084563971
0.084470749
0.084443808
0.084624290
0.084609747
0.084544182
0.076359987
0.085497379
0.084622860
0.084441900
0.084403038
0.084403515
0.084427357
0.084467173
0.084419966
0.084296227
0.084572315
0.084447622
0.084417105
0.084555864
0.084281921
0.084458590
0.084513664
0.084367037
0.076326609
0.085653067
0.084511042
0.084353685
0.084267139
0.084512949
0.084483385
0.084395885
0.084761143
0.084404945
0.084338665
0.084353685
0.084374189
0.084413052
0.084438086
0.084578514
0.084411860
0.084389687
0.076475382
0.085682631
0.084475040
0.084373951
0.084564209
0.084646702
0.084462166
0.084336281
0.084496021
0.084446192
0.084494114
0.084469795
0.084520102
0.084543467
0.084476709
0.084472179
0.084398985
0.084531546
0.076616764
0.085828781
0.084406376
0.084322929
0.084476233
0.084460497
0.084475756
0.084523439
0.084417105
0.084362507
0.084443092
0.084456682
0.084277391
0.084371090
0.084284306
0.084346771
0.084429741
0.084290981
0.076356173
0.085450411
0.084614515
0.084658623
0.084554434
0.084567547
0.084483624
0.084507227
0.084513187
0.084489346
0.084260225
0.084417343
0.084501505
0.084507465
0.084632635
0.084398031
0.084434509
0.084545851
0.076586008
0.085526705
0.084289312
0.084396362
0.084445000
0.084280014
0.084349632
0.084358454
0.084415436
0.084381580
0.084439993
0.084396362
0.084403753
0.084347963
0.084380627
0.084399223
0.084413290
0.084513426
0.076364994
0.085698366
0.084479570
0.084444523
0.084486485
0.084432125
0.084382772
0.084503889
0.084418535
0.084482193
0.084533930
0.084592104
0.084303856
0.084402084
0.084616423
0.084597111
0.084364176
0.084433079
0.076485395
0.086218357
0.084562063
0.084669352
0.084633112
0.084583998
0.084661245
0.084935188
0.084386587
0.084502697
0.084452868
0.084574938
0.084524632
0.084973097
0.084631443
0.084489346
0.084534168
0.084469795
0.076479673
0.085847378
0.084342957
0.084283829
0.084364414
0.084559679
0.084474564
0.084424019
0.084300280
0.084319592
0.084432125
0.084505796
0.084460258
0.084275961
0.084286213
0.084340334
0.084310293
0.084321737
0.076539278
0.086783648
0.084475279
0.084378242
0.084427595
0.084276199
0.084351063
0.084221601
0.084294796
0.084486008
0.084485769
0.084317923
0.084406614
0.084448814
0.084325552
0.084340096
0.084270239
0.084475279
0.076394796
0.085718393
0.084352016
0.084348440
0.084454060
0.084243774
0.084411383
0.084562063
0.084510326
0.084307432
0.084408760
0.084302425
0.084359884
0.084532499
0.084504366
0.084492922
0.084397316
0.084467411
0.076579332
0.085536480
0.084276199
0.084253073
0.084262371
0.084406137
0.084646463
0.084382772
0.084314585
0.084515333
0.084384918
0.084293604
0.084298849
0.084367037
0.084477425
0.084461212
0.084491014
0.084454536
0.076405048
0.085695028
0.084556818
0.084560871
0.084647655
0.084484100
0.084467411
0.084604025
0.084579945
0.084522724
0.084444284
0.084475756
0.084453583
0.084547997
0.084598541
0.084607840
0.084524155
0.084471703
0.076508284
0.085582018
0.084667444
0.084536791
0.084641457
0.084599972
0.084639549
0.084569931
0.084723711
0.084414959
0.084497690
0.084426880
0.084410429
0.084523678
0.084467649
0.084415913
0.084482670
0.084494114
0.076452732
0.085743904
0.084538937
0.084711075
0.084541559
0.084646463
0.084522724
0.084660769
0.084463596
0.084517479
0.084472895
0.084447861
0.084496021
0.084536791
0.084566832
0.084543228
0.084459543
0.084552050
0.076571703
0.085605383
0.084417820
0.084511518
0.084624767
0.084521532
0.084518909
0.084525108
0.084488392
0.084435940
0.084445953
0.084508419
0.084501028
0.084405899
0.084433556
0.084645271
0.084561825
0.084594488
0.076660156
0.085437059
0.084237814
0.084536076
0.084447861
0.084448576
0.084472895
0.084497929
0.084375143
0.084289074
0.084403038
0.084389210
0.084532738
0.084582806
0.084412336
0.084383249
0.084440470
0.084466219
0.076499939
0.085541248
0.084486246
0.084445953
0.084623814
0.084576845
0.084540844
0.084581375
0.084584236
0.084538937
0.084397316
0.084581614
0.084414959
0.084516048
0.084446669
0.084446907
0.084436417
0.084482908
0.076514959
0.085723162
0.084514856
0.084431648
0.084672928
0.084453344
0.084937572
0.084708214
0.084582329
0.084580183
0.084572077
0.084453106
0.084508657
0.084556580
0.084478378
0.084678173
0.084459066
0.084539413
0.076565981
0.085480452
0.084547281
0.084531546
0.084507227
0.084583044
0.084485769
0.084422350
0.084580183
0.084628344
0.084468842
0.084524870
0.084492207
0.084479094
0.084408998
0.084589720
0.084575891
0.084412336
0.076449156
0.086667538
0.084596395
0.084523201
0.084489107
0.084347010
0.084398508
0.084603071
0.084431410
0.084394455
0.084470272
0.084584713
0.084436893
0.084462404
0.084481716
0.084405422
0.084599495
0.084532976
0.076615572
0.085644245
0.084538937
0.084491491
0.084430218
0.084505081
0.084353447
0.084486246
0.084501028
0.084544420
0.084540844
0.084478378
0.084657431
0.084554434
0.084593058
0.084495783
0.084551096
0.084537983
0.076570749
0.085486174
0.084603548
0.084578991
0.084481478
0.084435225
0.084530592
0.084396839
0.084566116
0.084450245
0.084550142
0.084347725
0.084248304
0.084524870
0.084488630
0.084365129
0.084296227
0.084291220
0.076356411
0.086068869
0.084501743
0.084457397
0.084924936
0.084576845
0.084519386
0.084565401
0.084634304
0.084499836
0.084573507
0.084414005
0.084491014
0.084369421
0.084491730
0.084502935
0.084625244
0.084642410
0.076542139
