1.609025717
1.595201969
1.600465775
1.591275930
1.600181341
1.601583242
1.601121664
1.595890999
1.597760201
1.602923870
1.603464603
1.599716902
1.596231461
1.602208376
1.601267099
1.595573187
1.585552692
1.598055124
1.599842548
1.602082491
1.597356081
1.598084450
1.600389957
1.601284027
1.594734192
1.596070528
1.599099874
1.600747585
1.593848705
1.598701954
1.591271162
1.601348400
1.594701290
1.592529774
1.594619989
1.596495628
1.597866774
1.600304842
1.596591949
1.596608400
1.595403433
1.600164175
1.596091986
1.594174147
1.599807739
1.612576962
1.610259771
1.611798048
1.612099886
1.613534927
1.610150576
1.610355616
1.612019539
1.607728481
1.604485035
1.607844114
1.597897053
1.601408243
1.595483065
1.592707157
1.602194548
1.607157469
1.595712423
1.599864483
1.595149517
1.595083952
1.602486610
1.597929239
1.606660366
1.599316120
1.600394249
1.596765995
1.597669125
1.600589991
1.596043348
1.607444525
1.603969812
1.601478100
1.602238178
1.607497692
1.598306656
1.597894430
1.600929499
1.607765913
1.598117352
1.601893663
1.588839293
1.598108053
1.600941896
1.604516506
1.601695061
1.601989508
1.596970320
1.602624893
1.610915661
1.601749420
1.603602171
1.606895447
1.596410990
1.598451614
