0.018510342
0.019600153
0.019796848
0.019780874
0.019754887
0.019781590
0.019742012
0.019730330
0.019771099
0.019625664
0.019631147
0.019637346
0.019654036
0.019670486
0.019651651
0.019636631
0.019644022
0.019656420
0.019650936
0.019635439
0.019646168
0.019661188
0.019674540
0.019628048
0.019671440
0.019628763
0.019656420
0.019731522
0.019724846
0.019799471
0.019755363
0.019668341
0.019650698
0.019684076
0.019737005
0.019711494
0.019664764
0.019683123
0.019696474
0.019678831
0.019696951
0.019683838
0.019682407
0.019737720
0.019649982
0.019755840
0.019813061
0.019695997
0.019631386
0.019704342
0.019674540
0.019718647
0.019645214
0.019658804
0.019696951
0.019720316
0.019710064
0.019686937
0.019747496
0.019735336
0.019746542
0.019712448
0.019643784
0.019645691
0.019624949
0.019670963
0.019667625
0.019646645
0.019626617
0.019618511
0.019636154
0.019656658
0.019615173
0.019636869
0.019624710
0.019617081
0.019661665
0.019670010
0.019719124
0.019667864
0.019634247
0.019651890
0.019661903
0.019682407
0.019653320
0.019656181
0.019698143
0.019671679
0.019745588
0.019755125
0.019709587
0.019694328
0.019685030
0.019687653
0.019654989
0.019666910
0.019668818
0.019669056
0.019685745
0.019714832
0.019676208
0.019674301
0.019658566
0.019693613
0.019662380
0.019634008
0.019688845
0.019617796
0.019627571
0.019616604
0.019657612
0.019704103
0.019667149
0.019671202
0.019621849
0.019671202
0.019678354
0.019632816
0.019629240
0.019658804
0.019716263
0.019655943
0.019651175
0.019605160
0.019627810
0.019618273
0.006749630
