0.005181551
0.001344442
0.001257896
0.001328230
0.002963543
0.002733946
0.001165628
0.001335859
0.001069307
0.001018763
0.002677202
0.001191139
0.001187801
0.001112938
0.001084805
0.002548933
0.001237154
0.001203060
0.001221895
0.001003265
0.002820492
0.001209974
0.001254797
0.001128435
0.001052141
0.002936363
0.001204491
0.001253128
0.001059294
0.001015186
0.002693653
0.001207590
0.001428604
0.001063108
0.001180172
0.002530813
0.001201630
0.001343966
0.001192331
0.001026392
0.002894163
0.001192093
0.001250744
0.001171350
0.001059771
0.002657652
0.001251698
0.001275063
0.001081228
0.001081228
0.002653122
0.001200676
0.001379490
0.001105785
0.000973225
0.002756596
0.001201391
0.001233578
0.001114845
0.001044750
0.002676487
0.001225948
0.001209259
0.001068115
0.001114130
0.002619743
0.001160860
0.001269341
0.001054764
0.000940323
0.002710819
0.001175404
0.001267672
0.001043558
0.001036644
0.003028154
0.001190662
0.001132727
0.001212120
0.000962973
0.002813578
0.001325130
0.001130819
0.001034737
0.000985622
0.002458334
0.001261950
0.001230001
0.001090050
0.001057386
0.002567291
0.001139879
0.001247168
0.001108170
0.001013994
0.002467871
0.001173496
0.001184225
0.001092434
0.001129627
0.002468109
0.001157045
0.001531363
0.001013756
0.001036167
0.002979279
0.001216173
0.001237154
0.001173258
0.001053095
0.002603531
0.001129866
0.001129627
0.001030445
0.000946760
0.002642393
0.001116514
0.001200676
0.001044512
0.001012325
0.002702475
0.001117706
0.001292706
0.001073122
0.000903606
0.002505779
0.001132488
0.001204252
0.001073837
0.000989437
0.002597570
0.001134872
0.001168489
0.001062393
0.000973940
0.002496958
0.001139879
0.001370192
0.001020432
0.001065731
0.002604961
0.001140833
0.001264095
0.001102448
0.001038313
0.002402782
0.001131535
0.001180887
0.001075983
0.000931501
0.002605915
0.001128674
0.001189232
0.001065254
0.000896454
0.002790213
0.001122475
0.001188040
0.001045465
0.000981092
0.002842665
0.001197338
0.001694918
0.001133204
0.001180172
0.002556801
0.001233816
0.001202345
0.001077175
0.000990629
0.002486467
0.001115084
0.001138210
0.001063108
0.000973701
0.002458096
0.001269102
0.001275778
0.001121283
0.000924587
0.002651215
0.001300812
0.001357555
0.001055241
0.001058817
0.002707243
0.001147985
0.001247883
0.001068592
0.001055002
0.002637625
0.001168013
0.001315117
0.001049519
0.000917435
0.002450466
0.001120567
0.001452684
0.001040936
0.000874281
0.002447367
0.001131296
0.001181364
0.001038313
0.001008987
0.002590895
0.001179457
0.001605034
0.001102448
0.000982523
0.002713680
0.001146317
0.001226425
0.001048803
0.001000881
0.002694845
0.001231432
0.001235962
0.001109838
0.001056910
0.002566576
0.001125813
0.001171350
0.001115084
0.000971556
0.002595901
0.001169205
0.001256704
0.001026869
0.001049757
0.002634287
0.001408339
0.001132965
0.001127243
0.000990868
0.002672434
0.001175165
0.001347780
0.001016855
0.001064301
0.002564192
0.001121044
0.001509428
0.001020193
0.000902653
0.002696276
0.001156092
0.001262426
0.001114845
0.001007557
0.002690315
0.001131773
0.001291990
0.001097441
0.000974655
0.002594471
0.001188993
0.001332760
0.001191616
0.001005411
0.002608299
0.001127005
0.001202106
0.001057148
0.001012325
0.002439737
0.001118422
0.001359224
0.001043558
0.001067162
0.002599239
0.001145124
0.001214981
0.001097202
0.001011372
0.002518177
0.001137972
0.001173496
0.001012087
0.000913858
0.002489805
0.001177788
0.001248360
0.001031876
0.000907421
0.002775431
0.001182556
0.001210690
0.001165390
0.001039505
0.002549648
0.001147270
0.001326323
0.001022100
0.001087189
0.002790213
0.001240253
0.001474142
0.001167059
0.001059055
0.002417326
0.001125336
0.001379251
0.001013994
0.000945091
0.002623558
0.001325607
0.001315832
0.001083136
0.001038074
0.002658367
0.001157522
0.001214027
0.001164675
0.001010180
0.002635479
0.001169443
0.001252174
0.001025915
0.001071215
0.002525330
0.001161814
0.001194715
0.001072407
0.001006842
0.002603531
0.001137018
0.001240730
0.001099348
0.000982761
0.002502680
0.001138926
0.001206875
0.001088858
0.001045465
0.002462149
0.001134396
0.001543045
0.001064301
0.000994682
0.002702951
0.001164675
0.001194239
0.001165390
0.000993490
0.002665997
0.001142979
0.001196384
0.001074553
0.001003027
0.002521753
0.001143456
0.001165390
0.001074553
0.001014948
0.002558231
0.001117229
0.001282215
0.001019478
0.001005888
0.002454042
0.001160383
0.001227617
0.001024961
0.000978231
0.002351761
0.001225948
0.001188278
0.001122713
0.001009703
0.002758265
0.001125097
0.001195431
0.001148701
0.000986576
0.002595186
0.001168966
0.001134634
0.001021862
0.000939369
0.002434492
0.001172066
0.001317501
0.001056433
0.000906229
0.002423286
0.001132965
0.001189709
0.001040936
0.001007557
0.002568007
0.001193047
0.001250982
0.001037836
0.000937700
0.002700806
0.001229286
0.001242876
0.001128197
0.000977278
0.002471685
0.001231432
0.001192093
0.001071453
0.000999928
0.002629519
0.001137257
0.001213551
0.001147747
0.001001596
0.002574921
0.001151085
0.001157284
0.001035452
0.001045465
0.002559423
0.001142502
0.001209736
0.001084805
0.000996828
0.002579927
0.001164675
0.001179695
0.001068354
0.000986814
0.002654552
0.001117706
0.001311779
0.001162052
0.000923634
0.002492428
0.001181841
0.001551390
0.001075506
0.000923157
0.002325058
0.001129866
0.001284122
0.001033306
0.001082897
0.002732038
0.001197338
0.001263380
0.001085281
0.000956535
0.002634764
0.001137495
0.001294136
0.001018524
0.000986338
0.002386808
0.001123190
0.001401901
0.001031399
0.000949860
0.002568007
0.001160145
0.001214743
0.001162767
0.001001120
0.002631664
0.001177549
0.001205921
0.001159668
0.000993967
0.002349377
0.001117706
0.001237631
0.001041889
0.001003265
0.002774239
0.001166105
0.001241922
0.001038074
0.000958443
0.002919912
0.001140356
0.001212358
0.001034737
0.000975847
0.002645493
0.001131535
0.001194239
0.001061916
0.000994205
0.002679348
0.001199245
0.001207352
0.001143932
0.001064539
0.002641916
0.001136541
0.001219511
0.001053333
0.001004696
0.002491236
0.001163721
0.001267433
0.001168489
0.000887871
