0.076750040
0.073559999
0.071757555
0.076180935
0.073968887
0.074350595
0.077449560
0.076084852
0.072940588
0.074066162
0.073574066
0.070010900
0.073632956
0.072930813
0.073354959
0.074221849
0.075902224
0.074151993
0.075834274
0.072322845
0.075412512
0.073333025
0.072560072
0.077398062
0.073551416
0.073879242
0.071012497
0.074496269
0.072620869
0.073290825
0.073246002
0.071609497
0.071371317
0.074691057
0.075182676
0.075383425
0.076235294
0.073626518
0.071800947
0.074961424
0.071003675
0.074479103
0.075895309
0.074414253
0.073238134
0.071662426
0.076573610
0.072798729
0.072903633
0.074175119
0.073657274
0.076593637
0.074100018
0.074885368
0.075248003
0.074555635
0.073822498
0.071850300
0.073972940
0.076915503
0.075411558
0.079436541
0.073340416
0.075157404
0.074602127
0.074817181
0.073975086
0.072799683
0.074208736
0.073265076
0.071936607
0.072508574
0.071703672
0.075062037
0.072401047
0.075049400
0.073851109
0.074321747
0.072681189
0.074790478
0.072168827
0.073665619
0.073374033
0.072271347
0.074075699
0.073073626
0.073520899
0.076601267
0.073086977
0.071381330
0.072222471
0.070543528
0.073292017
0.075322151
0.073242188
0.071321249
0.071666241
0.070713997
0.070285797
0.075176716
