0.001213074
0.000371933
0.000365257
0.000321627
0.000368834
0.000323772
0.000375748
0.000360250
0.000379086
0.000331640
0.000351667
0.000354290
0.000348806
0.000360966
0.000471830
0.000329733
0.000366926
0.000331163
0.000340462
0.000323057
0.000346422
0.000331163
0.000321865
0.000316620
0.000369072
0.000321388
0.000411749
0.000346661
0.000477791
0.000327587
0.000387192
0.000337601
0.000438213
0.000327110
0.000416994
0.000323057
0.000331879
0.000323057
0.000347376
0.000312090
0.000338078
0.000319481
0.000337601
0.000320196
0.000331879
0.000321865
0.000336885
0.000336885
0.000334740
0.000333786
0.000394821
0.000344038
0.000362158
0.000320673
0.000340700
0.000319958
0.000364780
0.000325441
0.000336409
0.000335693
0.000340462
0.000328302
0.000337362
0.000324965
0.000358105
0.000316381
0.000361204
0.000314236
0.000336647
0.000329256
0.000356674
0.000326872
0.000386715
0.000339031
0.000382185
0.000334978
0.000393629
0.000360966
0.000354528
0.000336170
0.000384092
0.000413656
0.000356913
0.000373125
0.000390291
0.000377417
0.000357151
0.000386953
0.000370979
0.000630379
0.000441551
0.000424623
0.000397444
0.000417233
0.000383615
0.000428915
0.000423908
0.000373363
0.000455379
0.000364304
0.000434875
0.000348091
0.000437498
0.000361443
0.000367403
0.000384569
0.000397682
0.000359297
0.000389576
0.000372410
0.000378847
0.000320673
0.000368595
0.000380039
0.000340700
0.000395775
0.000424862
0.000406981
0.000410795
0.000417948
0.000414133
0.000403404
0.000415802
0.000403881
0.000393152
0.000384331
0.000431299
0.000447273
0.000423431
0.000357628
0.000359535
0.000332594
0.000346422
0.000339508
0.000431299
0.000520706
0.000405550
0.000368834
0.000375509
0.000333309
0.000381708
0.000341177
0.000359535
0.000339985
0.000444412
0.000382662
0.000378609
0.000324726
0.000369549
0.000320673
0.000355244
0.000333548
0.000410318
0.000326157
0.000376225
0.000326633
0.000357628
0.000327349
0.000363350
0.000316858
0.000401974
0.000354528
0.000362873
0.000321150
0.000339270
0.000325203
0.000370979
0.000321388
0.000340462
0.000325918
0.000339985
0.000326395
0.000383139
0.000339270
0.000383854
0.000327587
0.000383615
0.000317812
0.000389099
0.000335693
0.000379801
0.000342131
0.000376225
0.000357866
0.000390053
0.000320673
0.000410318
0.000420570
0.000585794
0.000423670
0.000353336
0.000331879
0.000325918
0.000332832
0.000318527
0.000325918
0.000317574
0.000325680
0.000318766
0.000328064
0.000320673
0.000324965
0.000326872
0.000329733
0.000322580
0.000325918
0.000323296
0.000338793
0.000343561
0.000336170
0.000334978
0.000341654
0.000340462
0.000336409
0.000330687
0.000344753
0.000392199
0.000344515
0.000371456
0.000347853
0.000364780
0.000341415
0.000403404
0.000344753
0.000343323
0.000333309
0.000336647
0.000344753
0.000336885
0.000348091
0.000338316
0.000341177
0.000394106
0.000385046
0.000344515
0.000338793
0.000338316
0.000353575
0.000378132
0.000339031
0.000380993
0.000331402
0.000367641
0.000331402
0.000331879
0.000324249
0.000322819
0.000314474
0.000318050
0.000311852
0.000322104
0.000310183
0.000319242
0.000337124
0.000324249
0.000311136
0.000319481
0.000310659
0.000321388
0.000336170
0.000329494
0.000321627
0.000335455
0.000344038
0.000321150
0.000311852
0.000333071
0.000313759
0.000319958
0.000340939
0.000396252
0.000342131
0.000406265
0.000360727
0.000398874
0.000348091
0.000385284
0.000355244
0.000374079
0.000347614
0.000367403
0.000342369
0.000362873
0.000341177
0.000380516
0.000321627
0.000343323
0.000311375
0.000323296
0.000309229
0.000319481
0.000309467
0.000331163
0.000335693
0.000329018
0.000315905
0.000314713
0.000321865
0.000329733
0.000308990
0.000317812
0.000309944
0.000329971
0.000343561
0.000334024
0.000345945
0.000329256
0.000322580
0.000331879
0.000325918
0.000334263
0.000324488
0.000358582
0.000320196
0.000323296
0.000312090
0.000319481
0.000309706
0.000329018
0.000308990
0.000338316
0.000322342
0.000331163
0.000308752
0.000332832
0.000306845
0.000317812
0.000345945
0.000320673
0.000308990
0.000341892
0.000339031
0.000337362
0.000317574
0.000381470
0.000369072
0.000361204
0.000351906
0.000387430
0.000328541
0.000383615
0.000328064
0.000383139
0.000332117
0.000385523
0.000329971
0.000379324
0.000333071
0.000382900
0.000340223
0.000368834
0.000334024
0.000332594
0.000337839
0.000369072
0.000332832
0.000355959
0.000333548
0.000351667
0.000332355
0.000351429
0.000358820
0.000354528
0.000382423
0.000360727
0.000372410
0.000338316
0.000329494
0.000359297
0.000328541
0.000358820
0.000336647
0.000397682
0.000351667
0.000383854
0.000336170
0.000390530
0.000328064
0.000378847
0.000330448
0.000487804
0.000486612
0.000598431
0.000374556
0.000601053
0.000418186
0.000625849
0.000388384
0.000364542
0.000355721
0.000352383
0.000350475
0.000372648
0.000331640
0.000372648
0.000343800
0.000380039
0.000354767
0.000360250
0.000335693
0.000324011
0.000335693
0.000329018
0.000332832
0.000322104
0.000341415
0.000323296
0.000327826
0.000361204
0.000333548
0.000324011
0.000337839
0.000348806
0.000331640
0.000483751
0.000322819
0.000334263
0.000380516
0.000388145
0.000338078
0.000356197
0.000353813
0.000430107
0.000343561
0.000405788
0.000358105
0.000420570
0.000335693
0.000452757
0.000327826
0.000333309
0.000344753
0.000330210
0.000347376
0.000338554
0.000342131
0.000336647
0.000339270
0.000323534
0.000391722
0.000379562
0.000350237
0.000401497
0.000334740
0.000370979
0.000329494
0.000370264
0.000330687
0.000370502
0.000335693
0.000365019
0.000328779
0.000365973
0.000338316
0.000370026
0.000329494
0.000369310
0.000331163
0.000377178
0.000333786
0.000384092
0.000329018
0.000371218
0.000339985
0.000364780
0.000327110
0.000372887
0.000334263
0.000367403
0.000356913
0.000368595
0.000342131
0.000395298
0.000349522
0.000389338
0.000338793
0.000369072
0.000332355
0.000394344
0.000335217
0.000392199
0.000337362
0.000391006
0.000348806
0.000379801
0.000345469
0.000425816
0.000406027
0.000395536
0.000338793
0.000385523
0.000334024
0.000394106
0.000331163
0.000379562
0.000340700
0.000321150
0.000347853
0.000335693
0.000334501
0.000332355
0.000358820
0.000359774
0.000334263
0.000319958
0.000339270
0.000325203
0.000338078
0.000333309
0.000335217
0.000599384
0.000334978
0.000382900
0.000338554
0.000398636
0.000324488
0.000382185
0.000326633
0.000332832
0.000323296
0.000448465
0.000398397
0.000381708
0.000348806
0.000383854
0.000351191
0.000349283
0.000350952
0.000343561
0.000357151
0.000369787
0.000332832
0.000331879
0.000336409
0.000333548
0.000333786
0.000330448
0.000341892
0.000357389
0.000339270
0.000336647
0.000335455
0.000344753
0.000329733
0.000354528
0.000331640
0.000334501
0.000338793
0.000349998
0.000337362
0.000343323
0.000336170
0.000399828
0.000333548
0.000367165
0.000336885
0.000365734
0.000363350
0.000332832
0.000338554
0.000335455
0.000361681
0.000336409
0.000383377
0.000330210
0.000345945
0.000364304
0.000335693
0.000356674
0.000341415
0.000331163
0.000336885
0.000330210
0.000330687
0.000328779
0.000329733
0.000360250
0.000332355
0.000379324
0.000330210
0.000374317
0.000332117
0.000387669
0.000329733
0.000353575
0.000339746
0.000375032
0.000331402
0.000387907
0.000330448
0.000375986
0.000329018
0.000360250
0.000330448
0.000374079
0.000338316
0.000349760
0.000312805
0.000355721
0.000313282
