0.176977634
0.011426449
0.010035992
0.009529591
0.009338379
0.009656429
0.009313822
0.090842247
0.010424852
0.009344578
0.009337664
0.009310961
0.009324551
0.009514570
0.009424210
0.002811909
0.010694742
0.009328604
0.009720564
0.009723663
0.009539127
0.009306431
0.009309053
0.003019810
0.010579109
0.009385586
0.009511232
0.009331226
0.009324551
0.009313822
0.009511232
0.002976179
0.010996819
0.009415865
0.009318829
0.009398222
0.009333611
0.009331465
0.009482622
0.003144026
0.010675430
0.009706020
0.009325504
0.009364605
0.009550333
0.009689569
0.009330511
0.002815962
0.010612011
0.009732008
0.009333134
0.009617090
0.009319782
0.009329319
0.009552717
0.002833605
0.010675907
0.009340525
0.009370089
0.009358406
0.009361744
0.009317636
0.009688377
0.002796650
0.010982990
0.009369612
0.009700298
0.009317160
0.009340525
0.009297371
0.009315252
0.002804279
0.011426449
0.009349585
0.009359837
0.009654045
0.009469986
0.009331703
0.009758472
0.002792597
0.010627508
0.009383917
0.009344578
0.009338856
0.009326696
0.009462595
0.009333372
0.002815962
0.010650158
0.009337187
0.009371519
0.009331703
0.009388447
0.009335995
0.009349108
0.003578186
0.010985374
0.009359837
0.009336948
0.009680033
0.009315968
0.009339333
0.009339094
0.002803802
0.011178970
0.010855436
0.009354353
0.009386063
0.009318352
0.009343624
0.009346247
0.003033876
0.010829449
0.009341478
0.009317875
0.009322882
0.009325743
0.009334803
0.009622335
0.003321648
0.010777235
0.009320974
0.009316206
0.009328604
0.009318352
0.009328842
0.009645700
0.002816439
0.010349035
0.009923458
0.009362221
0.009378433
0.009311438
0.009754181
0.009351730
0.002840996
0.011006832
0.009350538
0.009326696
0.009318113
0.009346485
0.009486437
0.009340763
0.002821922
0.010822535
0.009338617
0.009325981
0.009310007
0.010878801
0.009540081
0.009335518
0.003003836
0.010824203
0.009329557
0.009329557
0.009332180
0.009337187
0.009332895
0.009335995
0.002809525
0.010904551
0.009335995
0.009319782
0.009331465
0.009330034
0.009346485
0.010626316
0.002821445
0.011017323
0.009372473
0.009378195
0.009326220
0.009330273
0.009323597
0.009349346
0.002815485
0.010940075
0.009371996
0.009370565
0.009396076
0.009319782
0.009315014
0.009329557
0.002829075
0.010662317
0.009356260
0.009862423
0.009322166
0.009331942
0.009325504
0.009340763
0.002815485
0.011031628
0.009416103
0.009370327
0.009360790
0.009332418
0.009328842
0.009362936
0.002848148
0.010926247
0.009364367
0.009387493
0.009341478
0.009322166
0.009323359
0.009352207
0.002826214
0.010981560
0.009335756
0.009318590
0.009331942
0.009316444
0.009452820
0.009546518
0.002834320
0.010760069
0.009363174
0.009332895
0.009332657
0.009371281
0.009340525
0.009343386
0.002832174
0.010497570
0.009345055
0.009327173
0.009390831
0.009333134
0.009315252
0.009338617
0.003505230
0.010841608
0.009355068
0.009328365
0.009347677
0.009309769
0.009337425
0.009334087
0.003344774
0.010897398
0.009356499
0.009370565
0.009315491
0.009330273
0.009324312
0.009329796
0.002816200
0.010753632
0.009381056
0.009320736
0.009327650
0.009323359
0.009322643
0.009331703
0.002807617
0.010539055
0.009382010
0.009341717
0.009356260
0.009331226
0.009334803
0.009344816
0.002820492
0.010916710
0.009397030
0.009340525
0.010052204
0.009344578
0.009329796
0.009333372
0.003219366
0.010766506
0.009330511
0.009324312
0.009342432
0.009324789
0.009346485
0.009343147
0.002827883
0.010361910
0.009994268
0.009312391
0.009329081
0.009306669
0.009314537
0.009335041
0.002817869
0.010755777
0.009368181
0.009335756
0.009316206
0.009313345
0.009357929
0.009339333
0.002844334
0.011111021
0.009407520
0.009408951
0.009405851
0.009325504
0.009322405
0.009321213
0.003801584
0.010941267
0.009373426
0.009317160
0.009482861
0.009308100
0.009329796
0.009332418
0.002809286
0.010944843
0.009365082
0.009345531
0.009325743
0.009330273
0.009324312
0.009340048
0.002818823
0.010468006
0.010048628
0.009309769
0.009319544
0.009324312
0.011090279
0.009355545
0.002850533
0.010860682
0.009360313
0.009323120
0.009321213
0.009937286
0.009325027
0.009308577
0.002816439
0.010862350
0.009420395
0.009327412
0.009411097
0.009324551
0.009340286
0.009328842
0.002820253
0.011109591
0.009394646
0.009328842
0.009361982
0.009311914
0.009374142
0.009344339
0.002826929
0.011114120
0.009391308
0.009361029
0.009325266
0.009326220
0.009327173
0.009327173
0.002838850
0.010899782
0.009380341
0.009355307
0.009361267
0.009327650
0.009308815
0.009332895
0.002826452
0.010456562
0.009973526
0.009318829
0.010128975
0.009319782
0.010972261
0.009373665
0.003283262
0.010913849
0.009327173
0.009371519
0.009375572
0.009338140
0.009353161
0.009353399
0.002809525
0.011437654
0.009364367
0.009360313
0.009323835
0.009481192
0.009322166
0.009327173
0.002829313
0.011067867
0.009388208
0.009379387
0.009318590
0.009339571
0.009500027
0.009333134
0.002813339
0.011010170
0.009403467
0.009328127
0.009322882
0.009306908
0.009329796
0.009331226
0.002836227
0.010970354
0.009377241
0.009342909
0.009329557
0.009308338
0.009337664
0.009312630
0.002819538
0.010866404
0.009365797
0.009318113
0.009320259
0.009325266
0.009326458
0.009331703
0.002820253
0.010700703
0.009358406
0.009334087
0.009328127
0.009344101
0.009878874
0.009352684
0.002826691
0.010469675
0.009366989
0.009312868
0.009328604
0.009324074
0.009328365
0.009341002
0.002813816
0.010674000
0.009337187
0.009328365
0.009316206
0.009304523
0.009313822
0.009339094
0.002839327
0.010981560
0.009353638
0.009311914
0.009322882
0.009324789
0.009329796
0.009358644
0.002868414
0.010999441
0.009357691
0.009314537
0.009332657
0.009330511
0.009332180
0.009339094
0.002833128
0.010941744
0.009395361
0.009344816
0.009336472
0.009326220
0.009326935
0.009323597
0.002824068
0.010681629
0.009340763
0.009322882
0.009322643
0.009325504
0.009322882
0.009331942
0.002947330
0.010234594
0.009957790
0.009354353
0.009327650
0.009333372
0.009334803
0.009328604
0.002835989
0.010967255
0.009342670
0.010071754
0.009319544
0.009310484
0.009322166
0.009332180
0.002826691
0.010953665
0.009381771
0.009318113
0.009317398
0.009315252
0.009322882
0.009332657
0.002819538
0.011142969
0.009383202
0.009329557
0.009369373
0.009323835
0.009306908
0.009348392
0.005414963
0.010398626
0.009938717
0.009326935
0.009333611
0.009306908
0.011118889
0.009365320
0.002828360
0.011228561
0.009385824
0.009335995
0.009320736
0.009338379
0.009322405
0.009327888
0.002817392
0.011092424
0.009375334
0.009337187
0.009329319
0.009331226
0.009339571
0.009336710
0.002825022
0.011222839
0.009386301
0.009352207
0.009371996
0.009330511
0.009306908
0.009339094
0.002817392
0.011307955
0.009381771
0.009332418
0.009319305
0.009338856
0.009330034
0.009723186
0.002826214
0.010746956
0.009407520
0.009320021
0.009335756
0.009342432
0.009316683
0.009320974
0.002829552
0.010592937
0.009346247
0.009317160
0.009325266
0.009335518
0.009320736
0.009328127
0.002814293
0.011134624
0.009348869
0.009342670
0.009338856
0.009319305
0.009339094
0.009332657
0.002813578
0.010829926
0.009365797
0.009342670
0.009357691
0.009326220
0.009336472
0.009336710
0.002833843
0.010902405
0.009354353
0.009321928
0.009314299
0.009323120
0.009326696
0.009322643
0.002829075
0.010447264
0.009939671
0.009332895
0.009385824
0.009339571
0.009347439
0.009332418
0.002828360
0.010833263
0.009362221
0.009332418
0.009321213
0.009337664
0.009333611
0.009352446
0.002856255
0.011070013
0.009365797
0.009320021
0.009336233
0.009313107
0.009302378
0.009332657
0.002843380
0.010283947
0.009911776
0.009335279
0.009330750
0.009328604
0.009773016
0.009348869
0.002869368
0.011231184
0.009381056
0.009351969
0.009318829
0.009313583
0.009313345
0.009358883
0.003941298
0.010304689
0.009955883
0.009327888
0.009322643
0.009319067
0.009341478
0.009347916
0.002834797
0.011011124
0.009387016
0.009356260
0.009333849
0.009314775
0.009312391
0.009322405
0.002825260
0.011034966
0.009346247
0.009320736
0.009307146
0.009317875
0.009308577
0.009326458
0.002831936
0.011464119
0.009380102
0.009315491
0.009310961
0.009328127
0.009320259
0.009323835
0.002832174
0.011336803
0.009439468
0.009354830
0.009350061
0.009352684
0.009387732
0.009464502
0.002894402
0.011101484
0.009369612
0.009346485
0.009318113
0.009316206
0.009306431
0.009316444
0.002824068
0.011099339
0.009400606
0.009359598
0.009506941
0.009334564
0.009335756
0.009341955
0.004170418
0.011313438
0.009370804
0.009334564
0.009390354
0.009314299
0.009310722
0.009315729
0.002832413
0.011132002
0.009407282
0.009423733
0.009449005
0.009333611
0.009334564
0.009361744
0.002953529
0.011080503
0.009366035
0.009363413
0.009363413
0.009310961
0.009339571
0.009329081
0.002813578
0.010780811
0.009367466
0.009363413
0.009327412
0.009323120
0.009325981
0.009328842
0.002866983
0.011052608
0.009363413
0.009317875
0.009333849
0.009305954
0.009343863
0.009335518
0.002835035
0.010904312
0.009413958
0.009348392
0.009397030
0.009319305
0.009330273
0.009850025
0.002961874
0.010728598
0.009362936
0.009348631
0.009402990
0.009343863
0.009357214
0.009468079
0.002907991
0.010774612
0.009380341
0.009332657
0.009320259
0.009345055
0.009355068
0.009375811
0.002923489
0.011037827
0.009385586
0.009341240
0.009349108
0.009337664
0.009351730
0.009359360
0.002909422
0.010973454
0.009349346
0.009348392
0.009707212
0.009449005
0.009358883
0.009372473
0.002917051
0.011173487
0.009328365
0.009335041
0.009550333
0.009380341
0.009418488
0.009406567
0.002910852
0.010903358
0.009385109
0.009335756
0.009345531
0.009341002
0.009351969
0.009367466
0.002904177
0.011065245
0.009356976
0.009344578
0.009341955
0.009347916
0.009361267
0.009363413
0.002909899
0.011439323
0.009345055
0.009378672
0.009324551
0.009353161
0.009331226
0.009358883
0.002945185
