2.253604412
0.854923248
0.860362053
0.856269360
0.842525005
1.056421041
0.853441000
0.963262796
0.836312294
0.792809725
0.770569324
0.815715313
0.856337309
0.819212914
0.850664854
0.873165369
0.858448505
0.797378540
0.810974598
0.850367785
0.839429855
0.822786570
0.842053652
0.845192671
0.847346544
0.789108992
0.860710621
0.833206177
0.800343275
0.803598404
0.841419220
0.835943699
0.809687376
0.864943981
0.827031374
0.885638714
0.865260601
0.843954802
0.807123661
0.836555958
0.897987604
0.834181070
0.843932390
0.841723919
0.833316803
0.832078457
0.873658419
0.807571173
0.849651575
0.800166368
0.820467234
0.852941036
0.865153790
0.858556747
0.844562531
0.855383873
0.809532166
0.824844837
0.851558208
0.824211121
0.888181210
0.800557375
0.852819681
0.840062380
0.849797964
0.889045000
0.847640991
0.830617189
0.831794500
0.856639385
0.856850386
0.820877314
0.831942081
0.852620125
0.881469250
0.814593554
0.797694683
0.871680260
0.791989565
0.843281269
0.843460560
0.813487768
0.833650351
0.820173502
0.832369089
0.873313665
0.837792158
0.831490517
0.787293434
0.844914436
0.790172100
0.814211130
0.817495823
0.828214169
0.840337992
0.793231964
0.875647068
0.852828741
0.792526484
0.855424166
