0.002853870
0.002669334
0.002285242
0.002272129
0.002270937
0.002266407
0.002283096
0.002278805
0.002268314
0.002273560
0.002269030
0.002284050
0.002275229
0.002264500
0.002268553
0.002268553
0.002272844
0.002270460
0.002271891
0.002303123
0.002262592
0.002305269
0.002273083
0.002294540
0.002266645
0.002265692
0.002270699
0.002302885
0.002284050
0.002281904
0.002263308
0.002270460
0.002272844
0.002283096
0.002290964
0.002263308
0.002269745
0.002306700
0.002263784
0.002273798
0.002266407
0.002313614
0.002278328
0.002294302
0.002273083
0.002263546
0.002289295
0.002271891
0.002266645
0.002296448
0.002266169
0.002269983
0.002273321
0.002272129
0.002271891
0.002265930
0.002269030
0.002273083
0.002264500
0.002272367
0.002270222
0.002272606
0.002273560
0.002278090
0.002269030
0.002264500
0.002269745
0.002288818
0.002277613
0.002276421
0.002268076
0.002271175
0.002270222
0.002278328
0.002278090
0.002270460
0.002268791
0.002270937
0.002263784
0.002272606
0.002271175
0.002274990
0.002271414
0.002265930
0.002286434
0.002261400
0.002270460
0.002271414
0.002272606
0.002272367
0.002269268
0.002271891
0.002268791
0.002273083
0.002270222
0.002276421
0.002268076
0.002271175
0.002261400
0.002262354
0.002266169
0.002284765
0.002270222
0.002274752
0.002269506
0.002281904
0.002286911
0.002277374
0.002274275
0.002285242
0.002263308
0.002275467
0.002276897
0.002264738
0.002271414
0.002264738
0.002270937
0.002284765
0.002278805
0.002273560
0.002266645
0.002272129
0.002271414
0.002274990
0.002264738
0.002265692
0.001013279
