0.014152050
0.013976097
0.014573336
0.014826298
0.014744282
0.014699936
0.014692545
0.014525652
0.014729023
0.014678478
0.014686108
0.014631987
0.014513016
0.013278246
0.015177965
0.015331268
0.015268326
0.015268803
0.015403509
0.015375137
0.015434504
0.015281916
0.015323400
0.015297651
0.015138865
0.015398026
0.015374184
0.013236284
0.015114784
0.015475750
0.015493870
0.015578985
0.015397549
0.015470028
0.015490055
0.015373707
0.015387058
0.015395641
0.015331507
0.015337944
0.015168190
0.013197184
0.015247822
0.014859676
0.015419006
0.015436172
0.015240908
0.015396118
0.015407801
0.015519381
0.015476942
0.015398741
0.015150070
0.015318871
0.015321970
0.013193369
0.015542746
0.015474319
0.015345573
0.015542984
0.015467882
0.015243769
0.015400887
0.015211582
0.015357018
0.015337706
0.015331984
0.015314817
0.015319824
0.013038397
0.015717268
0.015371561
0.015370369
0.015369892
0.015341759
0.015139818
0.015352249
0.015207767
0.015487909
0.015285254
0.015152454
0.015319109
0.015324354
0.013193607
0.015548944
0.014728546
0.015349150
0.015222788
0.015446901
0.015454531
0.015463352
0.015409231
0.015392065
0.015321493
0.015411377
0.015366077
0.015338898
0.013196945
0.015092134
0.015357256
0.015426159
0.015234470
0.015401602
0.015432596
0.015437126
0.015461922
0.015360117
0.015151024
0.015314579
0.015316725
0.015143156
0.013197660
0.015072584
0.015039921
0.015383244
0.015413523
0.015580177
0.015392780
0.015451670
0.015212536
0.015160799
0.015322685
0.015328407
0.015311480
0.015317917
0.013191700
0.014976263
0.014942646
0.015564442
0.015425920
0.015225887
0.015466452
0.015535116
0.015414953
0.015359879
0.015207529
0.015438795
0.015401840
0.015336037
0.013225079
0.015700579
0.015450716
0.015281439
0.015557051
0.015457869
0.015567541
0.015393019
0.015452862
0.015354156
0.015457392
0.015347719
0.015347481
0.015326738
0.013204336
0.016031504
0.015348911
0.015336514
0.015486717
0.015486717
0.015446186
0.015367031
0.015346050
0.015347958
0.015474796
0.015314579
0.015337706
0.015334368
0.013183117
0.015162945
0.015375376
0.015272856
0.015418291
0.015392780
0.015425920
0.015274763
0.015202045
0.015328407
0.015457869
0.015151262
0.015363693
0.015327692
0.013055801
0.015393496
0.014645576
0.015315294
0.015455484
0.015252590
0.015412092
0.015236616
0.015439749
0.015446663
0.015370607
0.015327930
0.015359879
0.015329599
0.013200283
0.015300274
0.015077829
0.015459538
0.015443563
0.015450239
0.015429974
0.015410900
0.015265942
0.015408278
0.015366316
0.015321255
0.015331268
0.015149117
0.013214827
0.015045881
0.014872789
0.015428066
0.015423536
0.015250921
0.015424490
0.015236616
0.015426874
0.015437841
0.015323400
0.015332937
0.015335560
0.015349627
0.013219595
0.015265703
0.015249252
0.015246153
0.015437365
0.015501499
0.015482664
0.015300274
0.015440702
0.015405893
0.015339136
0.015338898
0.015328169
0.015333891
0.013207674
0.015943289
0.015292406
0.015382290
0.015169382
0.015341997
0.015281439
0.015350342
0.015192509
0.015367746
0.015339613
0.015332699
0.015344620
0.015346289
0.013192415
0.015435696
0.015304804
0.015265942
0.015253305
0.015260935
0.015452623
0.015417337
0.015353918
0.015352964
0.015397549
0.015214682
0.015159845
0.015329361
0.013053179
0.015338898
0.015315056
0.015473366
0.015558243
0.015537024
0.015483141
0.015363216
0.015198708
0.015348434
0.015466213
0.015332699
0.015325546
0.015332937
0.013210297
0.015176296
0.015223026
0.015431643
0.015423298
0.015491009
0.015421867
0.015616179
0.015305042
0.015394688
0.015385389
0.015354633
0.015326023
0.015334129
0.013201952
0.015698671
0.015349627
0.015371799
0.015342236
0.015323162
0.015331984
0.015374660
0.015362501
0.015315294
0.015138865
0.015135527
0.015397549
0.015159845
0.013201237
0.015775681
0.015253782
0.015236139
0.015403509
0.015425682
0.015264034
0.015182495
0.015370846
0.015335321
0.015367746
0.015336275
0.015324593
0.015320539
0.013204575
0.015144110
0.014766932
0.015439510
0.015439034
0.015273571
0.015424252
0.015483618
0.015581131
0.015395880
0.015327215
0.015330553
0.015161753
0.015323877
0.013195753
0.015128374
0.015289545
0.015396357
0.015409231
0.015410423
0.015226841
0.015224934
0.015371799
0.015461922
0.015365362
0.015329838
0.015324116
0.015147686
0.013190269
0.015471458
0.014718771
0.015351057
0.015424490
0.015384912
0.015424967
0.015371084
0.015413046
0.015523434
0.015318155
0.015332937
0.015328646
0.015338659
0.013218880
0.015022755
0.014876366
0.015417099
0.015427351
0.015412331
0.015435457
0.015428782
0.015426636
0.015368700
0.015360594
0.015332699
0.015155315
0.015332699
0.013192177
0.015023708
0.015540600
0.015443563
0.015279055
0.015404224
0.015421629
0.015479565
0.015221596
0.015162468
0.015405178
0.015326977
0.015355587
0.015317440
0.013049364
0.015180826
0.015137911
0.015550375
0.015430450
0.015447140
0.015420437
0.015414715
0.015463114
0.015223742
0.015342236
0.015143394
0.015330553
0.015348911
0.013226986
0.015243292
0.015077829
0.015252113
0.015469313
0.015359640
0.015416384
0.015470028
0.015232801
0.015218019
0.015375614
0.015180826
0.015162468
0.015150070
0.013055563
0.015493155
0.015469074
0.015388966
0.015540600
0.015456915
0.015413284
0.015233278
0.015335321
0.015350580
0.015272856
0.015159845
0.015337706
0.015331030
0.013214588
0.015157938
0.014940023
0.015439987
0.015430689
0.015925646
0.015475750
0.015545607
0.015467167
0.015343666
0.015285492
0.015358448
0.015358448
0.015340090
0.013051271
0.015153170
0.015071869
0.015480280
0.015418768
0.015585184
0.015236378
0.015244484
0.015453815
0.015411615
0.015204668
0.015332937
0.015145540
0.015153408
0.013194561
0.015240431
0.015351534
0.015377045
0.015681982
0.015550375
0.015457869
0.015436649
0.015404224
0.015172720
0.015327930
0.015162945
0.015342474
0.015345573
0.013215542
0.015242338
0.015196800
0.015239000
0.015436888
0.015424013
0.015538692
0.015550375
0.015472889
0.015328884
0.015388250
0.015344620
0.015315056
0.015333176
0.013041258
0.015713930
0.015429020
0.015424252
0.015422344
0.015282154
0.015362978
0.015461445
0.015355587
0.015368462
0.015157700
0.015327215
0.015318632
0.015335798
0.013190031
0.015069962
0.014827251
0.015244722
0.015403986
0.015413523
0.015403032
0.015468359
0.015248537
0.015200615
0.015390873
0.015147924
0.015322447
0.015312433
0.013204098
0.015570641
0.015429974
0.015399933
0.015401125
0.015412331
0.015455484
0.015372753
0.015430689
0.015343428
0.015329361
0.015161276
0.015130043
0.015320778
0.013201714
0.015567541
0.015444517
0.015547991
0.015424013
0.015389681
0.015422583
0.015463352
0.015377045
0.015349150
0.015341043
0.015137672
0.015317440
0.015328169
0.013190508
0.015336752
0.014883995
0.015422344
0.015408278
0.015276909
0.015211344
0.015496254
0.015576124
0.015274763
0.015480757
0.015158415
0.015324593
0.015158415
0.013191462
0.015260935
0.015269041
0.015419960
0.015410662
0.015403748
0.015267134
0.015391588
0.015534878
0.015156984
0.015376806
0.015321732
0.015308380
0.015135527
0.013057947
0.015220642
0.015233994
0.015273809
0.015546560
0.015435934
0.015417814
0.015337229
0.015427589
0.015368223
0.015293598
0.015159130
0.015332937
0.015326023
0.013203621
0.015496492
0.015430450
0.015416861
0.015247107
0.015425920
0.015441656
0.015490294
0.015207767
0.015332222
0.015343904
0.015151978
0.015333891
0.015340328
0.013191223
0.015709162
0.015365601
0.015363455
0.015380383
0.015338421
0.015328646
0.015334129
0.015332222
0.015365124
0.015354156
0.015326977
0.015309334
0.015144348
0.013050556
0.015309572
0.015470743
0.015249252
0.015473366
0.015425682
0.015423298
0.015299559
0.015537977
0.015162945
0.015178919
0.015346289
0.015332699
0.015347004
0.013057709
0.015167236
0.015398502
0.015423298
0.015441895
0.015414000
0.015485525
0.015408278
0.015529394
0.015332937
0.015365601
0.015321970
0.015323877
0.015336990
0.013203144
0.015275240
0.014970779
0.015240431
0.015406609
0.015228987
0.015476227
0.015449762
0.015511036
0.015372038
0.015385628
0.015354395
0.015332460
0.015395403
0.013224840
0.014993191
0.015154839
0.015479088
0.015517473
0.015440702
0.015300274
0.015256882
0.015450954
0.015366793
0.015182495
0.015396118
0.015321255
0.015344143
0.013214111
0.015594482
0.015242100
0.015446663
0.015486717
0.015548706
0.015287399
0.015433788
0.015415192
0.015389442
0.015160084
0.015330076
0.015362501
0.015152454
0.013204336
0.015698195
0.015353918
0.015342951
0.015152693
0.015353680
0.015372992
0.015472412
0.015345812
0.015268326
0.015188694
0.015322208
0.015341759
0.015330553
0.013194561
0.015544415
0.015239239
0.015375376
0.015202284
0.015318632
0.015220165
0.015330553
0.015393257
0.015339136
0.015461922
0.015337229
0.015342474
0.015147448
0.013196468
0.015138149
0.015458345
0.015415192
0.015293360
0.015424013
0.015454531
0.015421391
0.015414715
0.015150547
0.015148401
0.015356302
0.015166044
0.015334606
0.013201714
0.015141249
0.015455961
0.015579462
0.015449286
0.015260220
0.015583277
0.015208960
0.015379429
0.015357971
0.015332699
0.015156746
0.015320778
0.015331984
0.013198853
0.015398264
0.015233278
0.015369892
0.015489340
0.015536785
0.015450478
0.015363455
0.015462875
0.015337944
0.015194654
0.015338182
0.015148163
0.015309572
0.013180733
0.015240431
0.014882088
0.015334368
0.015491486
0.015439749
0.015457869
0.015454292
0.015413761
0.015424967
0.015408039
0.015335083
0.015147686
0.015327454
0.013049126
0.015066624
0.014777184
0.015339851
0.015508652
0.015283346
0.015441418
0.015452147
0.015547991
0.015459776
0.015351057
0.015331268
0.015169144
0.015322447
0.013198853
0.015422583
0.015434265
0.015237093
0.015307188
0.015224934
0.015402317
0.015243769
0.015393972
0.015332222
0.015331268
0.015324116
0.015335083
0.015328646
0.013202190
0.015241623
0.015453339
0.015280008
0.015425205
0.015550852
0.015286922
0.015262365
0.015230894
0.015315056
0.015383959
0.015325785
0.015135765
0.015133142
0.013200283
0.015387535
0.015040636
0.015408278
0.015257835
0.015477896
0.015555143
0.015443802
0.015460730
0.015360117
0.015159607
0.015322685
0.015330315
0.015336514
0.013051033
0.015307426
0.014945984
0.015432119
0.015411139
0.015467882
0.015230179
0.015241385
0.015611649
0.015384436
0.015341282
0.015146732
0.015351534
0.015138149
0.013206244
0.015184164
0.014961243
0.015252113
0.015475750
0.015460491
0.015677214
0.015221596
0.015464067
0.015410423
0.015180349
0.015330553
0.015329123
0.015350103
0.013058186
0.015526772
0.015357256
0.015339851
0.015350103
0.015390158
0.015390635
0.015182495
0.015342236
0.015324354
0.015348911
0.015356541
0.015144110
0.015323162
0.013203382
0.015212297
0.015538454
0.015437603
0.015243292
0.015464067
0.015455246
0.015472651
0.015380144
0.015148878
0.015351534
0.015336990
0.015344143
0.015345097
0.013180256
0.015142918
0.014933348
0.015366793
0.015435934
0.015546560
0.015236139
0.015423059
0.015406609
0.015215635
0.015450001
0.015305281
0.015326500
0.015331268
0.013198376
0.015266657
0.015285015
0.015404463
0.015451193
0.015463591
0.015431404
0.015399933
0.015454531
0.015410423
0.015335083
0.015167952
0.015311956
0.015326500
0.013199568
0.015237331
0.015401840
0.015455246
0.015469551
0.015405893
0.015378237
0.015269756
0.015449524
0.015367270
0.015326977
0.015154600
0.015332222
0.015312672
0.013210535
0.015285254
0.015457630
0.015411854
0.015420437
0.015232563
0.015244007
0.015414476
0.015392542
0.015336275
0.015185833
0.015144587
0.015330553
0.015152931
0.013182878
0.015498400
0.015429735
0.015465736
0.015423298
0.015475273
0.015235186
0.015298128
0.015226364
0.015161514
0.015348434
0.015143394
0.015333176
0.015336037
0.013108253
0.015296698
0.015480280
0.015451670
0.015412331
0.015445948
0.015541315
0.015445232
0.015436172
0.015324116
0.015455961
0.015393972
0.015185118
0.015352011
0.013223171
0.015177965
0.015151739
0.015482664
0.015428066
0.015278578
0.015457392
0.015415907
0.015430212
0.015353441
0.015422344
0.015134811
0.015367508
0.015304089
0.013029337
0.015382290
0.015287638
0.015417814
0.015469313
0.015228510
0.015468597
0.015416384
0.015403986
0.015583754
0.015556812
0.015221357
0.015242815
0.015374899
0.013209105
0.015276670
0.015561819
0.015481710
0.015243053
0.015459776
0.015543222
0.015417099
0.015368700
0.015199423
0.015323877
0.015338659
0.015151262
0.015142918
0.013202906
0.016006470
0.015223265
0.015328884
0.015349150
0.015139818
0.015139341
0.015210629
0.015326023
0.015332699
0.015406847
0.015326738
0.015338898
0.015325785
0.013200521
0.015271187
0.015385628
0.015407324
0.015428305
0.015415430
0.015443563
0.015309811
0.015182018
0.015322685
0.015158653
0.015349388
0.015331984
0.015161037
0.013045549
0.015293598
0.015420675
0.015469790
0.015218973
0.015460014
0.015459061
0.015403032
0.015198231
0.015390396
0.015347958
0.015360594
0.015367270
0.015345097
0.013116598
0.015282631
0.014944077
0.015221119
0.015248537
0.015455484
0.015223742
0.015406609
0.015925407
0.015388012
0.015328884
0.015330076
0.015322685
0.015130758
0.013195515
0.015196800
0.015161514
0.015417337
0.015447378
0.015245676
0.015226603
0.015496016
0.015406132
0.015317440
0.015326738
0.015323400
0.015321255
0.015325308
0.013187885
0.015614271
0.015178919
0.015185356
0.015329361
0.015164375
0.015365124
0.015343904
0.015153408
0.015163660
0.015156031
0.015314102
0.015346289
0.015326023
0.013202906
0.015273094
0.015281439
0.015422106
0.015259981
0.015466690
0.015418768
0.015413761
0.015397072
0.015201807
0.015327454
0.015329361
0.015161991
0.015334368
0.013204575
0.015224457
0.014915705
0.015439272
0.015434265
0.015253305
0.015458822
0.015416622
0.015469074
0.015382767
0.015354872
0.015387058
0.015345097
0.015326738
0.013214827
0.015221596
0.015269756
0.015438080
0.015552282
0.015319347
0.015542746
0.015411854
0.015415907
0.015340567
0.015312433
0.015324116
0.015327692
0.015157223
0.013214588
0.015200615
0.015343189
0.015431166
0.015578508
0.015447140
0.015459776
0.015401363
0.015432119
0.015315056
0.015169382
0.015358448
0.015333414
0.015153170
0.013194799
0.015785456
0.015489578
0.015290976
0.015468836
0.015413523
0.015468121
0.015184879
0.015202045
0.015519857
0.015346050
0.015317202
0.015324116
0.015341759
0.013036728
0.015246153
0.015271664
0.015586853
0.015355110
0.015444994
0.015585661
0.015403271
0.015411615
0.015347719
0.015496969
0.015149355
0.015354633
0.015343904
0.013055801
0.015201092
0.015431404
0.015428782
0.015431643
0.015269041
0.015413761
0.015410185
0.015220642
0.015373945
0.015375614
0.015343666
0.015332460
0.015317678
0.013200760
0.015139341
0.015486002
0.015477657
0.015219927
0.015416622
0.015224934
0.015244007
0.015597582
0.015333652
0.015429497
0.015217781
0.015418530
0.015366554
0.013279438
0.015549660
0.015435457
0.015431881
0.015417576
0.015444517
0.015429735
0.015239954
0.015204430
0.015369177
0.015426874
0.015148163
0.015346527
0.015334845
0.013202906
0.015681744
0.015346050
0.015336752
0.015341759
0.015401602
0.015384197
0.015316486
0.015345097
0.015330553
0.015330315
0.015137434
0.015127420
0.015327215
0.013218880
0.015335321
0.014909506
0.015353441
0.015397310
0.015420198
0.015425920
0.015413046
0.015424013
0.015405416
0.015330076
0.015313625
0.015334606
0.015336275
0.013046026
0.015228271
0.015071392
0.015454531
0.015415668
0.015448093
0.015323400
0.015560150
0.015411377
0.015172720
0.015343189
0.015165806
0.015347481
0.015340567
0.013214827
0.015198946
0.014846563
0.015497684
0.015416145
0.015425444
0.015239000
0.015227318
0.015413523
0.015399456
0.015214443
0.015365601
0.015142918
0.015146017
0.013196707
0.015282393
0.015419006
0.015415668
0.015236378
0.015419483
0.015229940
0.015416622
0.015172720
0.015155077
0.015138388
0.015380383
0.015311241
0.015327454
0.013198137
0.014692068
0.014897108
0.015002728
0.015417814
0.015280724
0.015490532
0.015408993
0.015269279
0.015457392
0.015491009
0.015143871
0.015321016
0.015337229
0.013199806
0.015254498
0.014007330
0.015444517
0.014391661
0.014610291
0.014873505
0.014752150
0.014484406
0.014476538
0.014714479
0.014523983
0.014523029
0.014676571
0.012519598
0.015153408
0.015065193
0.015489101
0.015434027
0.015278578
0.015405178
0.015425444
0.015245199
0.015386581
0.015147924
0.015321732
0.015333176
0.015350342
0.013198853
0.015408754
0.015006542
0.015434265
0.015447378
0.015236139
0.015412331
0.015408278
0.015403748
0.015445709
0.015348434
0.015336990
0.015349388
0.015262604
0.013124943
0.015233517
0.015027761
0.015415668
0.015421152
0.015450239
0.015437126
0.015416145
0.015224457
0.015186310
0.015468121
0.015141964
0.015344620
0.015330791
0.013190985
0.015282869
0.014983892
0.015444994
0.015461206
0.015445471
0.015484333
0.015415668
0.015251398
0.015402317
0.015305042
0.015333176
0.015348434
0.015315294
0.013195276
0.014423370
0.015308142
0.015283346
0.015424490
0.015313864
0.015256166
0.015416622
0.015233994
0.015338182
0.015402555
0.015332937
0.015338421
0.015165329
0.013215065
0.014986992
0.014246941
0.014144897
0.014523745
0.014755011
0.014596462
0.014825106
0.014693022
0.014703274
0.014764547
0.014670134
0.014511347
0.014665127
0.012485027
