0.266367435
0.276360512
0.282546282
0.264261246
0.265533686
0.266400337
0.268137932
0.265399456
0.265499830
0.273033619
0.266408443
0.271392584
0.274458885
0.266175508
0.266140938
0.260534048
0.270644903
0.266171932
0.266452074
0.267615080
0.267071009
0.268734455
0.268109798
0.274045467
0.273344517
0.267978430
0.267942190
0.263077736
0.265208960
0.263895273
0.266883135
0.266047716
0.268682957
0.267799377
0.265642166
0.268735170
0.262685061
0.277676105
0.262662411
0.266755342
0.265148640
0.269930124
0.264264822
0.266327858
0.268257380
0.283506393
0.270851612
0.264773369
0.265445948
0.275881767
0.263915777
0.269132137
0.262787104
0.265051842
0.265067339
0.261767626
0.267924547
0.265590191
0.267620325
0.267493963
0.263346910
0.268669605
0.264459848
0.265444994
0.266742229
0.268790245
0.276039124
0.266805649
0.262925148
0.263372421
0.265483856
0.278534651
0.266595840
0.266882181
0.269842148
0.263848543
0.263261795
0.266052723
0.266263008
0.264689207
0.269828081
0.266537905
0.267999172
0.262763500
0.272355080
0.277352333
0.261129141
0.265316963
0.265098095
0.263550520
0.263871193
0.279649258
0.265532494
0.257432222
0.277030468
0.277568102
0.265385866
0.273834705
0.265269756
0.262204170
