0.004807472
0.004544258
0.004499197
0.004555464
0.004525185
0.004590750
0.004845142
0.004832029
0.004823208
0.004865885
0.004867077
0.004838228
0.004830599
0.004901886
0.004845619
0.004833937
0.004828215
0.004821062
0.004860878
0.004841566
0.004823208
0.004823923
0.004862070
0.004951477
0.004826546
0.004828930
0.004804134
0.004816294
0.004794121
0.004795313
0.004797220
0.004857779
0.004804611
0.004806757
0.004835844
0.004864931
0.004846096
0.004833460
0.004820347
0.004853725
0.004840374
0.004836559
0.004831791
0.004832029
0.004812241
0.004838467
0.004870415
0.004844427
0.004872322
0.004890442
0.004848480
0.004833698
0.004884243
0.004840851
0.004850626
0.004810333
0.004924297
0.004926443
0.004926682
0.004807711
0.004816055
0.004859686
0.004817486
0.004803419
0.004820585
0.004802465
0.004801750
0.004824638
0.004817724
0.004850388
0.004840136
0.004803658
0.004843950
0.004858494
0.004837990
0.004818916
0.004818439
0.004803181
0.004816055
0.004810810
0.004819632
0.004802465
0.004847050
0.004797935
0.004809618
0.004802465
0.004803896
0.004798651
0.004809618
0.004812002
0.004822731
0.004801512
0.004816055
0.004809856
0.004800320
0.004818201
0.004814148
0.004817247
0.004820585
0.004797697
0.004814863
0.004915476
0.004810333
0.004861832
0.004831791
0.004830837
0.004816532
0.004801750
0.004819632
0.004801273
0.004794121
0.004832745
0.004804134
0.004836082
0.004837751
0.004800558
0.004812241
0.004815578
0.004802942
0.004816532
0.004821539
0.004826307
0.004831553
0.004839897
0.004828691
0.004839182
0.004800797
0.004844189
0.004806995
0.004803658
0.004805565
0.004793644
0.004824162
0.004802227
0.004804134
0.004809380
0.004809380
0.004814148
0.004808903
0.004827976
0.004807949
0.004821062
0.004807472
0.004837275
0.004806042
0.004796028
0.004832506
0.004802227
0.004798889
0.004800797
0.004799843
0.004797935
0.004840136
0.004818201
0.004796505
0.004817724
0.004814386
0.004860640
0.004802704
0.004812241
0.004797935
0.004826546
0.004805565
0.004799128
0.004804611
0.004822016
0.004796505
0.004812479
0.004843235
0.004818678
0.004801512
0.004812956
0.004807711
0.004805326
0.004796982
0.004821062
0.004801750
0.004811525
0.004798412
0.004801512
0.004805088
0.004818201
0.004800081
0.004808426
0.004818916
0.004829407
0.004808664
0.004819870
0.004799366
0.004813910
0.004810333
0.004804373
0.004807711
0.004805326
0.004799128
0.004821539
0.005919695
0.004913807
0.004883766
0.004833937
0.004811764
0.004802704
0.004827738
0.004830122
0.004846096
0.004811764
0.004807949
0.004820585
0.004811525
0.004807234
0.004810333
0.004829407
0.004800558
0.004818201
0.004806995
0.004825354
0.004833698
0.004803658
0.004807711
0.004823208
0.004823923
0.004819393
0.004808187
0.004814386
0.004797459
0.004803658
0.004797697
0.004806042
0.004816055
0.004826546
0.004803419
0.004798889
0.004802465
0.004802704
0.004801989
0.004818678
0.004794359
0.004808664
0.004803896
0.004816055
0.004801035
0.004816294
0.004825592
0.004823923
0.004803658
0.004839182
0.004801273
0.004804134
0.004797697
0.004842520
0.004801273
0.004816294
0.004795074
0.004813910
0.004799843
0.004812479
0.004804373
0.004817247
0.004799604
0.004813194
0.004802465
0.004807711
0.004811525
0.004823446
0.004802465
0.004809380
0.004797220
0.004811525
0.004802227
0.004800320
0.004806757
0.004813433
0.004796743
0.004815578
0.004803896
0.004820347
0.004801035
0.004814148
0.004797459
0.004801035
0.004801035
0.004814863
0.004796505
0.004810095
0.004796505
0.004801989
0.004794598
0.004810095
0.004801035
0.004818678
0.004795551
0.004816294
0.004803896
0.004821062
0.004793644
0.004803658
0.004800558
0.004815578
0.004809856
0.004804373
0.004828930
0.004816294
0.004799604
0.004801273
0.004797459
0.004802465
0.004807711
0.004842043
0.004809380
0.004810095
0.004814863
0.004835367
0.004802227
0.004845381
0.004812956
0.004813433
0.004794121
0.004816771
0.004796267
0.004818678
0.004820585
0.004812717
0.004797935
0.004815578
0.004807234
0.004815817
0.004796505
0.004815102
0.004796028
0.004826069
0.004798174
0.004801035
0.004797220
0.004800558
0.004802465
0.004808903
0.004799128
0.004815817
0.004804850
0.004795551
0.004805565
0.004832029
0.004814148
0.004797697
0.004806042
0.004817247
0.004804134
0.004799604
0.004808664
0.004815817
0.004803181
0.004819870
0.004807234
0.004800320
0.004800558
0.004808187
0.004805326
0.004813671
0.004806995
0.004811764
0.004803181
0.004798412
0.004808187
0.004812956
0.004797697
0.004811525
0.004805565
0.004796743
0.004802227
0.004807472
0.004803181
0.004834890
0.004830122
0.004815102
0.004806280
0.004799604
0.004795551
0.004846334
0.004833221
0.004807472
0.004801512
0.004817247
0.004796267
0.004814863
0.004808426
0.004824400
0.004801750
0.004818201
0.004799366
0.004822731
0.004805803
0.004812956
0.004796982
0.004799843
0.004816294
0.004823923
0.004814863
0.004813671
0.004793406
0.004792213
0.004823208
0.004804373
0.004883528
0.004817724
0.004793882
0.004814863
0.004831553
0.004817247
0.004821301
0.004803419
0.004808903
0.004812956
0.004798651
0.004817247
0.004839420
0.004800797
0.004806280
0.004830122
0.004803658
0.004814625
0.004823685
0.004811287
0.004810095
0.004817724
0.004810572
0.004821301
0.004798651
0.004813194
0.004802942
0.004814386
0.004799128
0.004802227
0.004818916
0.004836798
0.004801273
0.004830599
0.004810810
0.004820824
0.004807711
0.004810333
0.004814386
0.004800081
0.004796982
0.004811525
0.004797459
0.004813910
0.004799843
0.004813910
0.004802942
0.004810572
0.004809618
0.004811049
0.004792213
0.004813910
0.004823208
0.004812241
0.004819870
0.004798412
0.004808426
0.004821062
0.004840612
0.004800558
0.004801989
0.004805565
0.004800320
0.004815578
0.004800320
0.004835844
0.004801750
0.004817009
0.004797220
0.004812002
0.004796267
0.004829645
0.004791021
0.004808187
0.004799843
0.004808426
0.004800320
0.004873991
0.004810333
0.004811525
0.004796267
0.004793882
0.004799843
0.004810572
0.004800797
0.004808664
0.004799366
0.004791021
0.004838228
0.004814148
0.004809856
0.004795313
0.004796982
0.004799128
0.004797220
0.004807711
0.004804850
0.004813433
0.004797459
0.004816294
0.004806519
0.004811764
0.004808187
0.004807472
0.004811764
0.004814148
0.004802704
0.004817247
0.004797935
0.004802465
0.004813671
0.004809380
0.004800320
0.004828691
0.004819155
0.004810810
0.004806519
0.004806519
0.004803896
0.004809380
0.004805565
0.004796505
0.004804611
0.004804134
0.004823685
0.004820585
0.004802465
0.004813433
0.004856110
0.004816771
0.004801512
0.004801273
0.004794359
0.004802704
0.004792452
0.004837275
0.004800320
0.004803181
0.004808187
0.004809618
0.004801989
0.004809856
0.004798889
0.004848719
0.004801035
0.004818678
0.004816532
0.004810095
0.004802704
0.004802465
0.004793406
0.004813433
0.004798651
0.004812002
0.004813671
0.004846811
0.004808903
0.004818201
0.004804850
0.004846096
0.004804134
0.004817247
0.004798889
0.004813910
0.004807711
0.004816294
0.004799366
0.004815102
0.004792690
0.004855871
0.004819632
0.004821062
0.004802704
0.004837275
0.004828215
0.004802465
0.004800081
0.004799604
0.004799128
0.004804850
0.004800320
0.004794598
0.004826307
0.004794598
0.004796267
0.004791260
0.004796505
0.004815340
0.004805803
0.004815340
0.004829168
0.004806042
0.004804611
0.004816294
0.004798412
0.004789352
0.004794836
0.004792690
