0.006928205
0.006676435
0.006669998
0.006675243
0.007275105
0.007310629
0.007307053
0.007293463
0.007314444
0.002065897
0.007174015
0.006791353
0.006765604
0.006821632
0.007024765
0.007459402
0.007320404
0.007301092
0.007308483
0.002050400
0.006963491
0.006657362
0.006630659
0.006694078
0.006691933
0.006696463
0.006916523
0.006895781
0.006877899
0.001928091
0.007101536
0.006936789
0.006952047
0.006945848
0.006940603
0.007296085
0.007322073
0.007338047
0.007321596
0.002048492
0.007104635
0.006653547
0.006648064
0.006693840
0.006663322
0.006678820
0.007228136
0.007314444
0.007326603
0.002047539
0.007017851
0.006681919
0.006651163
0.006795883
0.006636858
0.007289410
0.007288456
0.007298946
0.007290363
0.002065182
0.006973505
0.006729126
0.006648779
0.006761551
0.006774902
0.006786585
0.006813765
0.006869078
0.006862879
0.001972198
0.007103920
0.006805658
0.006993771
0.007396698
0.007317066
0.007248640
0.006935835
0.006926060
0.006876707
0.001948118
0.007090569
0.006696939
0.006697416
0.006692171
0.006692886
0.007128716
0.007332087
0.007420540
0.007365465
0.002109051
0.006999731
0.006673813
0.006706715
0.006679296
0.006708145
0.006788492
0.006767273
0.006878853
0.006889582
0.001930475
0.007042170
0.006711006
0.006692410
0.006751060
0.006767988
0.006762028
0.006843328
0.006839991
0.006847620
0.001917839
0.007037640
0.006698847
0.006642342
0.007047653
0.006645441
0.006874084
0.006805420
0.006803989
0.006855488
0.001927376
0.006999731
0.006716967
0.006728411
0.006720781
0.006695986
0.006836891
0.006801605
0.006791830
0.006858110
0.001926422
0.007137537
0.006905317
0.006768227
0.006764174
0.006731510
0.006736994
0.006814241
0.006793022
0.006827116
0.001944304
0.006951809
0.006723404
0.006655693
0.006730080
0.006726265
0.006730080
0.006875753
0.006847620
0.006827354
0.001908779
0.007068872
0.006708860
0.006734610
0.006689787
0.007002592
0.007318735
0.007323265
0.007306099
0.007329226
0.002047062
0.006944418
0.006649494
0.006657839
0.006709099
0.006826639
0.007028103
0.006861925
0.006850243
0.006852627
0.001915693
0.007067680
0.006782532
0.006743670
0.006762266
0.006768942
0.006780386
0.006835461
0.006821156
0.006815672
0.001914740
0.007037878
0.006706953
0.006702423
0.006731510
0.007149935
0.007440567
0.007373571
0.007320404
0.007297754
0.002048492
0.006980896
0.006674528
0.007196903
0.007374287
0.007303715
0.007323027
0.007307768
0.007326365
0.007294178
0.002048731
0.006982803
0.006673098
0.006683826
0.006680250
0.006641865
0.006649017
0.007035255
0.007147074
0.007241964
0.002055645
0.006947994
0.006654263
0.006645203
0.006639481
0.006651163
0.007342100
0.007329702
0.007329464
0.007305145
0.002061367
0.006990671
0.006665230
0.006666899
0.006648540
0.006714821
0.006836176
0.006827116
0.006833315
0.006873608
0.001915932
0.007007122
0.006736755
0.006669044
0.006649733
0.006669760
0.006648779
0.006818056
0.006824732
0.006814241
0.001927853
0.007030725
0.006725311
0.006635666
0.006663322
0.006646395
0.006927729
0.006835938
0.006835461
0.006857157
0.001921415
0.006956816
0.006689548
0.006808996
0.006671190
0.006638527
0.006698370
0.006910324
0.006835222
0.006836176
0.001921892
0.007215977
0.006766081
0.006665468
0.006708384
0.006699324
0.006870747
0.006851435
0.006844282
0.006859779
0.001976728
0.006968021
0.006697416
0.006664991
0.006748438
0.006749630
0.006787300
0.006844997
0.006849766
0.006840944
0.001926899
0.007193327
0.006761074
0.006749153
0.006735802
0.006734133
0.006745100
0.006847858
0.006822586
0.006856918
0.001920700
0.006949663
0.006716013
0.006733894
0.006739616
0.006778479
0.006779432
0.006834507
0.006861210
0.006861448
0.001919746
0.006956577
0.006659985
0.006671190
0.006721735
0.006707430
0.006811380
0.006813526
0.006901503
0.006891489
0.001939058
0.007144690
0.006741762
0.006868601
0.006883860
0.007204771
0.007324934
0.007308960
0.007316589
0.007296801
0.002062082
0.006970406
0.006679058
0.006783009
0.006995678
0.006894588
0.006883383
0.007125616
0.007114410
0.007124662
0.002004623
0.007041693
0.006672144
0.006668806
0.006673574
0.006671190
0.006817818
0.006822824
0.006860018
0.006866455
0.001935005
0.006965876
0.006709576
0.006664038
0.006712675
0.006846905
0.006814957
0.006910563
0.006882906
0.006855011
0.001929522
0.006989479
0.006717443
0.006706238
0.006925821
0.006945610
0.006988525
0.007152796
0.007230282
0.007228374
0.002018452
0.007239819
0.006881475
0.007287979
0.007305145
0.007318258
0.007320404
0.007309675
0.007314205
0.007328033
0.002041817
0.007009983
0.006677866
0.006654263
0.006663322
0.006940842
0.007069349
0.007048368
0.007184982
0.007201910
0.002036810
0.007035732
0.006700516
0.006798983
0.006897449
0.006756544
0.006989479
0.007118940
0.007069826
0.007130861
0.002025843
0.007096767
0.006760120
0.006711960
0.006891966
0.006909847
0.006906033
0.007094860
0.007096767
0.007090569
0.002002954
0.007087469
0.007017374
0.006823301
0.007408857
0.007312775
0.007307529
0.007322311
0.007317305
0.007321119
0.002052784
0.007014751
0.006673336
0.006668329
0.006763220
0.007035017
0.007042170
0.007081509
0.007185459
0.007176876
0.002014399
0.007252932
0.006852150
0.006875992
0.006987810
0.007297993
0.007305861
0.007297277
0.007296085
0.007297754
0.002046108
0.007136822
0.006727695
0.006753922
0.006691456
0.006712914
0.007065773
0.007131815
0.007113457
0.007206678
0.002022028
0.007055283
0.006712914
0.006755352
0.006785393
0.006740570
0.006990910
0.007165909
0.007138968
0.007186174
0.002094507
0.007108212
0.006819248
0.006797791
0.007290125
0.007309914
0.007301807
0.007316828
0.007294178
0.007312298
0.002070665
0.007287264
0.006756544
0.006691933
0.006693602
0.006671667
0.007007599
0.006993294
0.007070065
0.007130384
0.002001524
0.007089376
0.006786108
0.006952524
0.007161617
0.007331371
0.007323265
0.007306576
0.007322550
0.007315397
0.002077818
0.007055521
0.006671667
0.006658077
0.006771803
0.006997108
0.007017612
0.007133961
0.007169008
0.007204056
0.002001286
0.007259369
0.006711245
0.006656885
0.006669998
0.006652355
0.006808758
0.006811619
0.006802082
0.006866693
0.001935720
0.006974697
0.006687641
0.006688833
0.006753922
0.006694078
0.007016659
0.007048368
0.007057667
0.006963491
0.001948595
0.007502317
0.006677866
0.006688595
0.006706238
0.006765127
0.007060051
0.007073879
0.007094383
0.007191420
0.002027512
0.006942272
0.006663561
0.006700039
0.006676674
0.006848335
0.006812334
0.006829500
0.006860733
0.006872892
0.001932621
0.007043839
0.006726980
0.006791353
0.006827831
0.006797552
0.007093191
0.007284880
0.007266283
0.006889820
0.001937866
0.007049799
0.006701946
0.006766796
0.006736755
0.006752491
0.007014036
0.007077694
0.007026911
0.007132769
0.001996517
0.007112265
0.006745577
0.006717205
0.006734848
0.007081509
0.007388115
0.007221937
0.006941795
0.006944418
0.001957893
0.006986141
0.006686449
0.006671429
0.006673098
0.006649017
0.006789207
0.006798029
0.006812334
0.006895542
0.001919270
0.007061243
0.006720781
0.006646395
0.006694794
0.006689072
0.006848812
0.006788731
0.006811857
0.006865501
0.001935005
0.007070065
0.006702900
0.006681681
0.006666183
0.006798506
0.006832600
0.006795645
0.006791592
0.006810188
0.001925945
0.007087708
0.006686926
0.006643057
0.006680250
0.006813288
0.006811380
0.006827116
0.006861210
0.006864786
0.001918077
0.006970882
0.006677389
0.006687403
0.006664038
0.006773472
0.006700516
0.006833553
0.006817341
0.006854773
0.001951694
0.007064581
0.006675005
0.006648779
0.006669521
0.006651402
0.006791830
0.006789684
0.006798267
0.006856441
0.001925945
0.007492781
0.006757259
0.006702662
0.006759167
0.006683826
0.006788731
0.006791830
0.006801844
0.006869555
0.001926899
0.007035732
0.006700039
0.006676912
0.006779194
0.006744146
0.006773233
0.006785870
0.006809473
0.006812334
0.001935959
0.006959438
0.006713629
0.006653547
0.006653070
0.006692886
0.006803989
0.006813049
0.006819963
0.006866455
0.001946449
0.007046223
0.006714106
0.006693363
0.006685257
0.006781816
0.006800175
0.006807327
0.006867886
0.006863594
0.001934528
0.007097244
0.006703854
0.006719112
0.006655455
0.006681919
0.006767273
0.006828547
0.006814957
0.006850481
0.001940012
0.007013083
0.006670713
0.006682158
0.006680012
0.006736279
0.006794453
0.006797314
0.006862640
0.006860733
0.001931429
0.006975651
0.006684303
0.006643772
0.006748676
0.007029295
0.007071733
0.007125854
0.007161856
0.007157326
0.002008200
0.007318258
0.006630182
0.006707907
0.006786585
0.006748199
0.006843328
0.007059336
0.007042408
0.007101774
0.002011776
0.006978273
0.006678581
0.006657124
0.006732941
0.006777763
0.006766558
0.006839275
0.006876945
0.006872892
0.001921654
0.007014990
0.006744623
0.006673098
0.006663799
0.006782055
0.007024288
0.006983042
0.007076979
0.007129431
0.001999378
0.007001162
0.006717205
0.006712198
0.006689548
0.006715059
0.007020235
0.007075787
0.007075548
0.007195234
0.002043724
0.007037640
0.006781340
0.006846189
0.006686926
0.006697416
0.007046223
0.007074833
0.007164717
0.007179022
0.002012014
0.007189512
0.006746054
0.006754160
0.006864786
0.007005692
0.006953239
0.007104397
0.007069826
0.007078648
0.001983643
0.006990433
0.006711245
0.006760359
0.006858826
0.006843090
0.006991148
0.007371664
0.007209301
0.007238150
0.002035379
0.007053852
0.006689072
0.006695032
0.006728888
0.007100344
0.007240534
0.007282019
0.007347584
0.007297039
0.002063751
0.007011890
0.006700516
0.006660461
0.006669998
0.006790638
0.007303476
0.007117510
0.007149220
0.007261515
0.002034426
0.007031918
0.006680727
0.006673336
0.006725550
0.007049322
0.007018328
0.007036209
0.007102013
0.007108927
0.001994371
0.007243156
0.006794930
0.006733179
0.006726742
0.006713629
0.007009745
0.007124901
0.007124186
0.007275581
0.002044439
0.007065296
0.006692886
0.006688356
0.006814718
0.007099390
0.007123947
0.007242441
0.007279634
0.007293940
0.002058506
0.007068634
0.006730556
0.006690264
0.006682873
0.006899834
0.007169962
0.007178307
0.007317781
0.007306576
0.002044201
0.007113457
0.006722927
0.006663561
0.006696939
0.006931543
0.007007122
0.006999254
0.007125616
0.007136106
0.002007008
0.006978273
0.006725073
0.006710768
0.006824255
0.006824732
0.006901026
0.007112503
0.007111549
0.007135391
0.002015114
0.006981850
0.006699085
0.006689310
0.006679535
0.006978512
0.007310390
0.007311821
0.007007599
0.006932259
0.001939535
0.007113218
0.006712198
0.006787539
0.006840944
0.006789684
0.006816864
0.006847620
0.006840706
0.006833553
0.001919031
0.007004499
0.006758213
0.006756544
0.006698370
0.007020235
0.007026672
0.007022381
0.006982088
0.006958961
0.001959324
0.007038593
0.006713867
0.006725311
0.006718874
0.006705046
0.006810188
0.006821394
0.006833792
0.006857634
0.001935244
0.007045746
0.006711960
0.006690741
0.006649494
0.006704330
0.006758451
0.006777763
0.006782055
0.006798506
0.001949549
0.006981850
0.006685495
0.006643057
0.006643057
0.006799221
0.006808758
0.006837606
0.006860256
0.006881237
0.001929522
0.006981373
0.006712675
0.006650925
0.006652355
0.006636381
0.006809950
0.006798267
0.006792784
0.006842136
0.001929760
0.006944180
0.006651640
0.006643057
0.006640434
0.006630898
0.006801128
0.006820917
0.006824017
0.006855965
0.001929522
0.006983042
0.006740093
0.006676674
0.006669521
0.006768465
0.006749153
0.006778955
0.006841421
0.006829023
0.001914501
0.007021189
0.006667376
0.006672144
0.006727219
0.006645203
0.006699085
0.006820917
0.006815672
0.006852865
0.001926184
0.007037640
0.006650925
0.006648302
0.006752491
0.006813526
0.006800175
0.006857157
0.006927729
0.006906986
0.001924992
0.006980896
0.006706715
0.006706715
0.006639004
0.006783962
0.006857157
0.006795883
0.006824017
0.006849527
0.001932859
0.007046223
0.006686687
0.006736994
0.006780386
0.006771326
0.006876230
0.007127523
0.007123947
0.007179022
0.002039433
0.006973505
0.006651402
0.006661892
0.006755352
0.006733179
0.007066250
0.007061481
0.007095575
0.007161856
0.002022266
0.006933928
0.006686687
0.006646156
0.006672621
0.007081509
0.007070303
0.007104158
0.007201672
0.007187366
0.002030134
0.006961584
0.006670713
0.006686926
0.006778002
0.007052660
0.007035017
0.007088184
0.007143021
0.007127047
0.001999140
