0.122339487
0.119251251
0.122064114
0.122701406
0.112596273
0.115894794
0.112828732
0.118243933
0.117773533
0.113252640
0.118680477
0.112994432
0.111940861
0.112398386
0.115877390
0.111983061
0.108671665
0.110800266
0.114423513
0.113896847
0.112798452
0.114285469
0.111751556
0.117171764
0.115525961
0.127641439
0.125430584
0.110983372
0.111350775
0.111537457
0.118329763
0.112662077
0.111730337
0.117260218
0.121068478
0.120550632
0.114431620
0.114089966
0.112504244
0.110291958
0.118873358
0.115305424
0.119079113
0.117579222
0.116231441
0.118650675
0.110289574
0.115071535
0.121489525
0.110966206
0.113851070
0.114506006
0.111196995
0.114240885
0.116107464
0.115536451
0.117640018
0.116050959
0.111463547
0.112259388
0.110760689
0.112749100
0.112784624
0.113591433
0.112012625
0.115852594
0.112422466
0.114713907
0.110881567
0.113423109
0.119377136
0.121139288
0.113296986
0.112135172
0.115031481
0.114092827
0.115130663
0.117469072
0.118302822
0.117352724
0.112499714
0.117799997
0.114754438
0.117119551
0.133380651
0.109831333
0.115731478
0.113970280
0.111902952
0.112392426
0.112096786
0.116971016
0.113590002
0.113504171
0.114405632
0.112697124
0.116840363
0.112414837
0.114274025
0.114166498
