0.001920223
0.001768112
0.001708746
0.001742601
0.001715899
0.001709938
0.001698494
0.001707315
0.001750231
0.001717806
0.001727104
0.001676321
0.001666546
0.001712322
0.001723289
0.001790047
0.001762390
0.001763105
0.001776934
0.001762629
0.001766682
0.001769066
0.001694202
0.001713753
0.001682758
0.001725912
0.001707077
0.001690388
0.001675129
0.001672506
0.001657963
0.001691103
0.001664162
0.001679897
0.001686573
0.001730442
0.001678705
0.001717329
0.001662731
0.001686096
0.001680136
0.001716614
0.001717567
0.001703024
0.001708984
0.001690149
0.001692295
0.001692295
0.001669884
0.001701593
0.001666069
0.001734495
0.001697302
0.001671314
0.001729965
0.001742125
0.001685619
0.001759768
0.001801491
0.001754999
0.001756907
0.001730919
0.001705885
0.001712084
0.001694679
0.001691341
0.001668692
0.001728535
0.001725435
0.001705647
0.001696110
0.001686096
0.001663685
0.001686096
0.001682997
0.001703262
0.001696348
0.001685858
0.001658678
0.001668453
0.001658201
0.001692295
0.001662970
0.001681805
0.001660585
0.001716852
0.001689434
0.001709461
0.001687765
0.001687527
0.001666307
0.001693249
0.001718521
0.001711607
0.001717567
0.001678467
0.001668692
0.001674891
0.001662493
0.001661539
