0.187380314
0.010512829
0.005686045
0.006079674
0.005239487
0.005650043
0.005331755
0.086356640
0.009145021
0.006203651
0.005318403
0.005821466
0.005278587
0.005280972
0.005233288
0.004718781
0.008786440
0.005712748
0.005656481
0.005889654
0.005254030
0.005244255
0.005259991
0.004611015
0.010132551
0.005633831
0.005583525
0.005840540
0.005284548
0.005289316
0.005247831
0.004946947
0.007949114
0.006130934
0.005733252
0.005903244
0.005172014
0.005196571
0.005227089
0.004784107
0.009992599
0.005847692
0.005542994
0.005692005
0.005230904
0.005280495
0.005213261
0.004794359
0.009209633
0.005489349
0.005733728
0.005650759
0.005256414
0.005259752
0.005326748
0.004819393
0.009567261
0.005604029
0.006223440
0.005485535
0.005273342
0.005215168
0.005242348
0.004990816
0.009741068
0.006015539
0.005855322
0.005731106
0.005273342
0.005243540
0.005255461
0.004555941
0.010581732
0.010265112
0.009674072
0.011292458
0.005633354
0.005227566
0.006920338
0.006496668
0.009412527
0.005711794
0.005550623
0.005595684
0.005241394
0.005259514
0.005259037
0.004655838
0.012873888
0.005551100
0.005387068
0.005478144
0.005239487
0.005225897
0.005232811
0.005044222
0.009664059
0.007896185
0.006097555
0.005789518
0.005271673
0.005251884
0.005253077
0.005207062
0.009445429
0.005579472
0.005581617
0.005698919
0.005220413
0.005226374
0.005245447
0.004648685
0.009370804
0.005830765
0.005486488
0.005477190
0.005207777
0.005193949
0.005274534
0.004746675
0.009276628
0.005597353
0.005402327
0.005585432
0.005263329
0.005223036
0.005265713
0.004781961
0.011095285
0.008496046
0.006369591
0.005775213
0.005236864
0.005219698
0.005220652
0.004840136
0.009958744
0.005448341
0.005807161
0.005656004
0.005223989
0.005225420
0.005251884
0.004670858
0.010119915
0.005697966
0.005460262
0.005475998
0.005193233
0.005229950
0.005249262
0.004647255
0.010159969
0.005628586
0.005408049
0.005639791
0.005232334
0.005244017
0.005219936
0.004666805
0.009224653
0.005733728
0.005537033
0.005515099
0.005187273
0.005215645
0.005254030
0.005256414
0.008987188
0.007575274
0.005601883
0.005610943
0.005224466
0.005205631
0.005226374
0.004785299
0.011464596
0.005516768
0.006219149
0.005501986
0.005230427
0.005229712
0.007310629
0.004517555
0.010006905
0.009665966
0.006313086
0.005720377
0.005249977
0.005278111
0.008815289
0.006283998
0.010831594
0.006502390
0.006845951
0.008978367
0.005898714
0.005280972
0.005248308
0.004741192
0.009751797
0.005749226
0.005517721
0.005437136
0.005227089
0.005601645
0.005242825
0.004864693
0.009788752
0.005730867
0.005605459
0.006254673
0.005298615
0.005238056
0.005268574
0.004824162
0.010671377
0.006006002
0.005779743
0.006061316
0.006079197
0.006370306
0.005597115
0.005368471
0.010623932
0.005613089
0.006368399
0.005909681
0.005289555
0.005234241
0.005236626
0.004737377
0.141345739
0.005886078
0.005991936
0.005928516
0.005590677
0.005999088
0.006836653
0.004783869
0.225105524
0.005888700
0.005635500
0.005531311
0.005241632
0.005234480
0.005250931
0.004532099
0.009519100
0.006281853
0.005804300
0.005802393
0.005333900
0.005554914
0.005362272
0.004891872
0.013523579
0.007959127
0.007894516
0.009088039
0.009262800
0.010442257
0.008700132
0.010967731
0.010572910
0.006853342
0.005973577
0.005862474
0.005490303
0.005471230
0.005497694
0.005711555
0.010573387
0.006192923
0.005369663
0.005499840
0.005244970
0.005235434
0.005234718
0.004816771
0.010326385
0.005513668
0.005466700
0.005539656
0.005248547
0.005239964
0.005238533
0.004779816
0.010268211
0.005573511
0.006005526
0.005546808
0.005368233
0.005285501
0.005343437
0.004980087
0.009513617
0.008005857
0.005946636
0.005931854
0.005516052
0.005500793
0.006979704
0.006709814
0.010571241
0.005825281
0.005618334
0.005653381
0.005264282
0.005258560
0.005254507
0.004701138
0.009564161
0.005451918
0.005571842
0.005441904
0.005220413
0.005240202
0.005259991
0.004734039
0.009908199
0.005788565
0.006694317
0.005839348
0.005275011
0.005246639
0.005242825
0.004553318
0.010427237
0.005870342
0.005762577
0.005499125
0.005199194
0.005239010
0.005256176
0.004901886
0.009958982
0.005655289
0.005532026
0.005692720
0.005481482
0.005270958
0.005268335
0.004830360
0.010319948
0.005702019
0.005763531
0.005954266
0.005301952
0.005281448
0.005270004
0.004822254
0.009782314
0.005696058
0.005513430
0.005756617
0.005243540
0.005220175
0.005251408
0.004671812
0.009875059
0.005610228
0.005376339
0.005553007
0.005234003
0.005222797
0.005235910
0.004900455
0.010354519
0.005769968
0.006481409
0.005541563
0.005214691
0.005227566
0.005246639
0.004769564
0.009268045
0.005642891
0.005459309
0.005431414
0.005199671
0.005305767
0.005232096
0.004725218
0.009597540
0.005906582
0.005588055
0.005451679
0.005245924
0.005251408
0.005256176
0.004538774
0.009313345
0.005803585
0.005473137
0.005498886
0.005297899
0.005317450
0.005339861
0.004879951
0.009881258
0.006782532
0.005662918
0.005582333
0.005275965
0.005234718
0.005219698
0.004886627
0.009500980
0.005664587
0.005542755
0.005574226
0.005193472
0.005265474
0.005240440
0.005028963
0.009668827
0.005676508
0.005956411
0.005403519
0.005273819
0.005263567
0.005254745
0.004548788
0.009642363
0.005716562
0.005526304
0.005554199
0.005247831
0.005246878
0.005246639
0.004555464
0.009990215
0.006374359
0.005472183
0.005585194
0.005268335
0.005250692
0.005252600
0.004588127
0.010117292
0.005501986
0.005526543
0.005566359
0.005222797
0.005213737
0.005237103
0.004814863
0.010217190
0.006070614
0.005905867
0.005834579
0.005681276
0.005783796
0.005586863
0.004745007
0.009439230
0.005623579
0.005717516
0.006037474
0.005257845
0.005314589
0.005239725
0.004545450
0.010020971
0.005641699
0.005561113
0.005609512
0.005234718
0.005222082
0.005272627
0.004523993
0.009545088
0.005891562
0.005476952
0.005464315
0.005201101
0.005237103
0.005228043
0.004879713
0.009719133
0.006630898
0.005535364
0.005500317
0.005244970
0.005224943
0.005256891
0.004781246
0.009347916
0.005612850
0.005261660
0.006306410
0.005278349
0.005330563
0.005609989
0.004844427
0.009523153
0.005649090
0.005410671
0.006157875
0.005180120
0.005225420
0.005201101
0.004857779
0.009719849
0.005612850
0.005413294
0.005766153
0.005235434
0.005238056
0.005249500
0.004504204
0.009405851
0.005704165
0.005558252
0.005556107
0.005238533
0.005227804
0.006626129
0.005781412
0.009524345
0.005897760
0.005470276
0.005553007
0.005218744
0.005221367
0.005164623
0.004865170
0.009485245
0.006066084
0.005422115
0.005517006
0.005228281
0.005209208
0.005184412
0.004669428
0.008310318
0.007655144
0.005458593
0.005845547
0.005210876
0.005152225
0.005233526
0.004786253
0.009760618
0.005684614
0.005515099
0.005603790
0.005253077
0.005239964
0.005245924
0.004745722
0.009792566
0.005839825
0.005498409
0.005626440
0.005216122
0.005236387
0.005244970
0.004818916
0.009690762
0.006094933
0.005724669
0.005555868
0.005373478
0.005273104
0.005247116
0.004812241
0.010270596
0.005874872
0.006579399
0.005829096
0.005248070
0.005252600
0.005247593
0.004530907
0.009935617
0.005937338
0.006583214
0.005613804
0.005294085
0.005230904
0.005270958
0.004926682
0.009089708
0.005745411
0.005447388
0.005572081
0.005215645
0.005206585
0.005269289
0.004668474
0.010645866
0.005761147
0.005512953
0.005512476
0.005188227
0.005208254
0.005225420
0.004778147
0.010097742
0.005832434
0.005455256
0.005509377
0.005217791
0.005252600
0.005224466
0.004861355
0.009974480
0.005603075
0.005359888
0.005490065
0.005167961
0.005215883
0.005242586
0.004752398
0.009470940
0.005636692
0.006083012
0.005654812
0.005260229
0.005231142
0.005215883
0.004844666
0.009496212
0.005535603
0.005553722
0.005453825
0.005259037
0.005232096
0.005224228
0.004722357
0.009611607
0.005631208
0.005483627
0.005789995
0.005247593
0.005256414
0.005207062
0.004876137
0.009948969
0.006601810
0.005602121
0.005728960
0.005264521
0.005234241
0.005226851
0.004513741
0.009726524
0.005677700
0.006184578
0.005552769
0.005217791
0.005236626
0.005251884
0.004826784
0.009344101
0.005736351
0.005426168
0.005668163
0.005202532
0.005220175
0.005251408
0.004721642
0.009453773
0.005535126
0.005527258
0.005441427
0.005137444
0.005207539
0.005231380
0.004668474
0.009649277
0.005519867
0.005601883
0.005557775
0.005234957
0.005265951
0.005224943
0.004889250
0.010225058
0.005670309
0.006578207
0.005573511
0.005419970
0.005335093
0.006657362
0.005969048
0.009575129
0.005618811
0.005393267
0.005547285
0.005227327
0.005239725
0.005255938
0.005393028
0.009912252
0.005473852
0.006169796
0.005509138
0.005226851
0.005223751
0.005225658
0.004832983
0.009754896
0.005625725
0.005749464
0.005614042
0.005221605
0.005228519
0.005252838
0.004533052
0.009831190
0.006725311
0.005434036
0.005719662
0.005240202
0.005238771
0.005255222
0.004660130
0.009667397
0.005499363
0.005597830
0.005568266
0.005217791
0.005242586
0.005263090
0.004715919
0.009466171
0.005607367
0.005502462
0.005451441
0.005250931
0.005239964
0.005242348
0.004544497
0.010111809
0.005750418
0.006247282
0.005568504
0.005249500
0.005248547
0.005247116
0.004563093
0.009526730
0.005649567
0.006232023
0.005436897
0.005232096
0.005216360
0.005228043
0.004784822
0.009966373
0.005721569
0.005468607
0.005541086
0.005252838
0.005207062
0.005246878
0.004793644
0.009748936
0.006082773
0.006497145
0.005630493
0.005357504
0.005302906
0.005488396
0.004911661
0.009511709
0.005502701
0.005322695
0.005496025
0.005202055
0.005205154
0.005242348
0.004959583
0.009955406
0.005637169
0.006669283
0.005728960
0.005275488
0.005249500
0.005287409
0.004729509
0.009797573
0.005761862
0.005710363
0.005576372
0.005221844
0.005240202
0.005224466
0.004767895
0.008594751
0.006688356
0.006188154
0.005718470
0.005309343
0.005246878
0.005256176
0.005565882
