1.289819717
0.786172867
0.786429167
0.760105610
0.769333839
0.751606226
0.773990154
0.733934164
0.771575451
0.791360617
0.743780613
0.763095140
0.743356228
0.760510683
0.741265535
0.738635063
0.779069424
0.726635933
0.765016556
0.693617821
0.739973307
0.765547037
0.751544476
0.822266102
0.772148371
0.789504766
0.770239353
0.758901596
0.736395597
0.895616055
0.972848177
1.029834509
0.767160177
0.705680609
0.773494244
0.719593763
0.814599276
0.787486315
0.772563457
0.735683203
0.761375427
0.744237661
0.735678196
0.735248327
0.744634628
0.727715254
0.770636559
0.772083998
0.760790825
0.772622585
0.742607355
0.745095015
0.729694128
0.744156599
0.774731874
0.752254009
0.753659725
0.741457224
0.754992247
0.735008240
0.736217499
0.768269539
0.747694492
0.710860014
0.791303158
0.702510357
0.767530918
0.785406113
0.798835516
0.767080545
0.742111444
0.766353846
0.780251503
0.746694565
0.750967741
0.742680311
0.746636868
0.797125101
0.750396967
0.736256838
0.754597664
0.748381615
0.736868143
0.741353035
0.775225163
0.765419483
0.753202438
0.753293037
0.735913515
0.750743866
0.708069086
0.767299652
0.762140512
0.745909214
0.771197319
0.747171640
0.759737730
0.747235298
0.711845636
0.737873316
