0.003196239
0.002977848
0.001487970
0.001821756
0.001700401
0.001584768
0.001637697
0.001435518
0.001776457
0.001516342
0.001543283
0.001462936
0.001403570
0.001551867
0.001397848
0.001574278
0.001398325
0.001826048
0.001419544
0.001791477
0.001528263
0.001708508
0.001613140
0.001811504
0.001667738
0.001788616
0.001574039
0.001729250
0.001630545
0.001794577
0.001418829
0.001667738
0.001432419
0.001664162
0.001556158
0.001706600
0.001557350
0.001427650
0.001743555
0.001565933
0.001706839
0.001765728
0.001561403
0.001576424
0.001615763
0.001529932
0.001672983
0.001527548
0.001542568
0.001486301
0.001652718
0.001389503
0.001391888
0.001997709
0.001707315
0.001610518
0.001702309
0.001725435
0.001689196
0.001661539
0.001648664
0.001588106
0.001460075
0.001898766
0.001623154
0.001581907
0.001646280
0.001515865
0.001645088
0.001562834
0.001635790
0.001616716
0.001408577
0.001459122
0.001816988
0.001583338
0.001613617
0.001499414
0.001765728
0.001608372
0.001691103
0.001641750
0.001882792
0.001818419
0.001689196
0.001853704
0.001683712
0.001780987
0.001579285
0.001815319
0.001765728
0.001781464
0.001859665
0.001815557
0.001659632
0.001787663
0.001717567
0.001776457
0.001704931
0.001763344
0.001676321
0.001814127
0.001543283
0.001764536
0.001665354
0.001731634
0.001719952
0.001852751
0.001699924
0.001812696
0.001551867
0.001782656
0.001554966
0.001804829
0.001551390
0.001733065
0.001652956
0.001799345
0.001586199
0.001747847
0.001688242
0.001801491
0.001705408
0.001394987
0.001393080
0.001401424
0.001299858
