0.009330511
0.001327276
0.001240015
0.003027201
0.002593279
0.001322269
0.001312256
0.001124144
0.002962112
0.001397371
0.001402378
0.001309156
0.002953768
0.001313925
0.001370192
0.001139641
0.002700567
0.001411676
0.001438141
0.001164913
0.002810717
0.001359463
0.001336336
0.001203060
0.002849817
0.001407146
0.001467466
0.001155376
0.003057957
0.001612663
0.001378298
0.001214266
0.002662182
0.001383543
0.001321316
0.001231909
0.002741337
0.001316309
0.001418352
0.001157522
0.002697229
0.001420021
0.001441002
0.001310587
0.002794027
0.001370907
0.001575708
0.001249552
0.002837420
0.001335144
0.001274586
0.001258850
0.002893448
0.001470089
0.001657248
0.001138687
0.002913237
0.001297235
0.001360893
0.001183748
0.002767801
0.001400471
0.001538038
0.001149654
0.002875566
0.001461744
0.001369953
0.001149893
0.002801895
0.001360655
0.001350164
0.001213789
0.003113747
0.001487970
0.001389265
0.001247168
0.002634525
0.001394987
0.001407385
0.001247883
0.002843618
0.001298428
0.001311064
0.001151323
0.002829075
0.001386642
0.001427412
0.001250744
0.002952576
0.001348019
0.001382828
0.001235723
0.002626896
0.001525879
0.001275063
0.001277447
0.002529621
0.001626730
0.001407623
0.001157761
0.002710342
0.001310587
0.001505136
0.001150370
0.002683163
0.001316547
0.001718044
0.001129150
0.002395153
0.001304626
0.001308203
0.001134634
0.002773762
0.001411676
0.001323223
0.001136303
0.002738237
0.001368523
0.001594543
0.001210928
0.002975941
0.001442909
0.001486540
0.001197815
0.002602816
0.001322269
0.001509190
0.001156807
0.002551317
0.001378775
0.001401901
0.001167297
0.002745867
0.001627207
0.001234293
0.001131773
0.003007412
0.001361847
0.001420736
0.001307487
0.003038406
0.001382351
0.001575232
0.001181602
0.002809763
0.001394749
0.001428604
0.001372099
0.002525568
0.001328468
0.001385689
0.001174688
0.002967834
0.001342773
0.001428843
0.001212597
0.002500772
0.001302242
0.001394749
0.001181364
0.002545357
0.001382828
0.001364470
0.001282454
0.002716541
0.001436234
0.001479626
0.001274347
0.002676010
0.001369238
0.001523495
0.001141787
0.002872944
0.001387119
0.001365423
0.001134396
0.002696037
0.001468420
0.001388073
0.001245737
0.002473116
0.001345396
0.001518250
0.001160860
0.002694845
0.001354933
0.001507759
0.001316547
0.002833605
0.001346588
0.001385927
0.001150608
0.002712250
0.001347303
0.001542091
0.001203299
0.002754211
0.001426220
0.001496315
0.001175642
0.002755404
0.001328945
0.001479149
0.001271725
0.002819061
0.001367331
0.001462936
0.001226664
0.002937555
0.001302719
0.001526594
0.001123905
0.002702475
0.001350403
0.001831055
0.001254320
0.002628565
0.001411915
0.001542091
0.001229763
0.002887011
0.001306772
0.001437426
0.001151323
0.002883911
0.001335382
0.001420975
0.001227140
0.002896786
0.001358986
0.001638651
0.001145601
0.002847433
0.001338005
0.001519918
0.001153708
0.002610922
0.001341343
0.001294136
0.001163960
0.002535105
0.001397610
0.001490355
0.001188993
0.002648592
0.001316071
0.001452446
0.001150608
0.002626896
0.001312017
0.001483440
0.001199961
0.002882719
0.001390219
0.001284838
0.001178503
0.002674580
0.001332521
0.001402140
0.001151085
0.002939463
0.001363516
0.001433849
0.001190901
0.002643108
0.001348734
0.001610518
0.001257420
0.002950191
0.001478672
0.001438141
0.001234055
0.002892971
0.001421213
0.001355886
0.001143694
0.002476931
0.001346588
0.001446247
0.001146317
0.003041744
0.001560211
0.001336098
0.001185179
0.002463818
0.001343012
0.001419544
0.001196146
0.002794266
0.001321077
0.001364470
0.001197100
0.002606630
0.001339912
0.001328230
0.001147270
0.003036022
0.001464367
0.001457453
0.001132250
0.002779484
0.001375198
0.001644135
0.001185179
0.002526760
0.001310349
0.001307726
0.001158476
0.002851486
0.001399755
0.001363993
0.001238108
0.002828598
0.001353979
0.001786947
0.001170158
0.002644062
0.001372576
0.001463890
0.001226187
0.002767324
0.001368284
0.001604795
0.001182556
0.002864838
0.001320839
0.001372814
0.001206160
0.002687693
0.001356840
0.001320124
0.001175880
0.002869606
0.001386166
0.001464844
0.001142025
0.003024340
0.001304865
0.001486063
0.001121283
0.002945185
0.001345873
0.001412153
0.001163006
0.002709389
0.001362801
0.001426220
0.001189232
0.002938986
0.001387596
0.001444817
0.001224041
0.002894878
0.001393318
0.001345158
0.001227140
0.002897263
0.001367092
0.001583099
0.001184702
0.002668619
0.001386404
0.001363039
0.001186132
0.002718925
0.001469851
0.001759529
0.001181126
0.002794981
0.001347542
0.001351595
0.001226664
0.002657652
0.001331568
0.001448870
0.001171350
0.002689123
0.001384020
0.001521349
0.001126051
0.002668619
0.001384735
0.001300573
0.001131058
0.002867460
0.001309156
0.001429796
0.001301050
0.003008604
0.001342058
0.001596451
0.001144171
0.002754211
0.001362562
0.001752377
0.001471996
0.002675772
0.001381636
0.001551151
0.001138210
