0.096465826
0.097400188
0.090908527
0.091238737
0.087893009
0.087391853
0.093913555
0.093600512
0.087897778
0.089983702
0.086704731
0.085784435
0.089676619
0.088957787
0.087745190
0.093212128
0.089589357
0.092530727
0.094687939
0.087725163
0.090046167
0.092705965
0.086038351
0.097741604
0.096541166
0.095418453
0.095362425
0.088682175
0.096591949
0.091157913
0.093906879
0.087534666
0.088374615
0.088919640
0.086159468
0.092371941
0.089179993
0.087743759
0.087277174
0.093501329
0.090587854
0.093693256
0.097284079
0.094009876
0.092732430
0.091900587
0.090308666
0.095903873
0.086051226
0.098431826
0.092920542
0.091783762
0.090820789
0.093619108
0.092554331
0.093952417
0.093036652
0.092016459
0.091811180
0.091124535
0.097274542
0.089531183
0.092075109
0.088909864
0.085317612
0.098372221
0.087063551
0.090878010
0.087315083
0.089957237
0.095668793
0.093390942
0.089010000
0.085703611
0.092689037
0.097278595
0.086607456
0.096728802
0.094903469
0.085694313
0.088694096
0.094475031
0.087033272
0.093899965
0.089791536
0.092639208
0.091298580
0.096975327
0.096661329
0.085598707
0.093155622
0.092751741
0.093385696
0.093768597
0.091231585
0.088077068
0.088978529
0.093107462
0.091716290
0.091187000
