0.001107454
0.000403404
0.000565290
0.000373602
0.000383615
0.000405073
0.000379086
0.000396490
0.000365496
0.000363111
0.000415087
0.000411987
0.000379562
0.000384808
0.000381947
0.000368834
0.000371933
0.000370026
0.000368118
0.000388145
0.000369072
0.000719309
0.000392199
0.000432253
0.000501156
0.000410795
0.000369072
0.000376463
0.000361919
0.000386000
0.000396729
0.000402451
0.000368595
0.000402212
0.000359535
0.000377178
0.000372171
0.000399113
0.000367880
0.000377178
0.000356913
0.000384092
0.000391722
0.000523329
0.000386000
0.000378132
0.000359535
0.000568867
0.000351906
0.000380754
0.000357389
0.000370979
0.000358582
0.000375032
0.000363827
0.000381231
0.000359535
0.000369787
0.000360727
0.000380278
0.000375032
0.000370741
0.000375509
0.000366211
0.000366926
0.000378370
0.000355244
0.000369072
0.000373125
0.000363350
0.000371218
0.000373602
0.000346899
0.000372410
0.000357389
0.000356436
0.000373125
0.000382185
0.000367641
0.000376701
0.000386953
0.000365734
0.000368118
0.000379801
0.000363588
0.000390291
0.000365973
0.000370026
0.000387430
0.000423193
0.000377893
0.000416279
0.000390768
0.000403166
0.000387669
0.000400782
0.000362396
0.000392199
0.000364304
0.000399351
