0.055318117
0.002945423
0.002781868
0.017080545
0.004886866
0.002886534
0.002659798
0.002784014
0.005785942
0.003289938
0.002688885
0.002530098
0.004449368
0.002714157
0.002651453
0.002495766
0.004746437
0.002748489
0.002639532
0.002509832
0.004797220
0.002981901
0.002673388
0.002494097
0.004781961
0.002742529
0.002779961
0.002582550
0.005022526
0.002846718
0.002787590
0.002556801
0.004930258
0.002732515
0.002732277
0.002488136
0.005505562
0.002718687
0.002671003
0.002682924
0.004446030
0.002853870
0.002661943
0.002551794
0.005509615
0.002685070
0.002653360
0.002558708
0.005056858
0.002736807
0.002646446
0.002522707
0.004820347
0.002768755
0.002822161
0.002496004
0.004691839
0.002788782
0.002675533
0.002524614
0.004762650
0.002752542
0.002970219
0.002529860
0.004754305
0.003094673
0.002733231
0.002539635
0.004827261
0.002835989
0.002631187
0.002564430
0.004696131
0.002774477
0.002635956
0.002516031
0.005049706
0.002765894
0.002679110
0.002456903
0.004959822
0.002931118
0.002791166
0.002524614
0.004648924
0.002753019
0.002658844
0.002527475
0.004602909
0.002669811
0.002711296
0.002591133
0.004818201
0.002697945
0.002646208
0.002475739
0.004793644
0.002722025
0.002640724
0.002532721
0.008458614
0.002767324
0.002620697
0.002446413
0.004868269
0.002904654
0.002893209
0.002533674
0.004984856
0.002831936
0.002727509
0.002674103
0.004700422
0.002740622
0.002707720
0.002640486
0.004858494
0.003106117
0.002666712
0.002793789
0.004848480
0.003552675
0.002711535
0.002547503
0.004753828
0.002914190
0.002727747
0.002553701
0.005958796
0.002984047
0.002719879
0.002599239
0.005864859
0.003196955
0.002853870
0.002547741
0.004943609
0.002903938
0.002721548
0.002644062
0.004932165
0.002728939
0.002756834
0.002612591
0.004707098
0.002732992
0.002624989
0.002488136
0.005132675
0.002881289
0.003132582
0.002559423
0.004815340
0.002768278
0.002678394
0.002566576
0.004819632
0.002840042
0.003203630
0.002614498
0.005033016
0.002861977
0.002643824
0.002520084
0.004774094
0.002825975
0.003096104
0.002569199
0.004989147
0.002740145
0.002932549
0.002624989
0.004614592
0.002730608
0.003016233
0.002473354
0.004809380
0.002727032
0.002627373
0.002464533
0.004894733
0.002719402
0.002630949
0.002514124
0.004474878
0.002781391
0.002637625
0.002530813
0.004581928
0.002666473
0.002642393
0.002494574
0.004904270
0.002738237
0.002637625
0.002539635
0.004602194
0.002703428
0.002624512
0.002506256
0.004911661
0.002814770
0.002735376
0.002535582
0.005417824
0.002978802
0.002980709
0.002974272
0.005127668
0.003345966
0.002833605
0.002732992
0.005324841
0.003756046
0.003006697
0.002780676
0.005766392
0.003503323
0.002689362
0.002540112
0.004688263
0.002677441
0.002630711
0.002454042
0.004860401
0.002650499
0.002717018
0.002540112
0.004801035
0.002723694
0.002634525
0.002503872
0.005367279
0.002774715
0.002637386
0.002496719
0.004662037
0.003102541
0.002662420
0.002489567
0.005778790
0.003379583
0.002756357
0.002598047
0.005100727
0.002907991
0.002710581
0.002632856
0.004996538
0.002727032
0.002762556
0.002530336
0.004332066
0.003303766
0.002675295
0.002505541
0.005088091
0.003149748
0.002612591
0.002474785
0.005064964
0.002873659
0.002738237
0.002573490
0.005272865
0.002907753
0.002653837
0.002576113
0.004758358
0.002803802
0.002656937
0.002596140
0.004595518
0.002741814
0.002643824
0.002556324
0.004630566
0.002676725
0.002767086
0.002496004
0.005367279
0.002994299
0.002792358
0.002629757
0.004949331
0.003381252
0.002718449
0.002581358
0.005062580
0.002820730
0.002656698
0.002509832
0.004898787
0.003170252
0.002684593
0.002680540
0.004703283
0.002656698
0.002791405
0.003010035
0.004884720
0.002714396
0.002657890
0.002544880
0.004827023
0.002766132
0.002643824
0.002543211
0.004763126
0.002743006
0.002669811
0.002532244
0.004611969
0.002722740
0.002804756
0.002526522
0.004874468
0.002662897
0.002727509
0.002477884
0.004399300
0.003006697
0.002680779
0.002636433
0.004872084
0.002717018
0.003005266
0.002519608
0.004852533
0.003087759
0.002736807
0.002586603
0.004785776
0.002774954
0.002629042
0.002516508
0.004684448
0.002701283
0.002624512
0.002541304
0.004612207
0.002692223
0.002631426
0.002530575
0.004657745
0.002855778
0.002637386
0.002548456
0.004850149
0.002740860
0.002702475
0.002496243
0.004812717
0.002927542
0.002660275
0.002470970
0.004709482
0.003022909
0.002776861
0.002663851
0.004997015
0.003058910
0.002621651
0.002526522
0.004800797
0.002819538
0.002738237
0.002584934
0.004992962
0.002955675
0.002711535
0.002591372
0.004996300
0.002775669
0.002639532
0.002493143
0.004930496
0.002902269
0.002717018
0.002494812
0.004732609
0.002753258
0.002640009
0.002584457
0.004683256
0.002735853
0.002749681
0.002532721
0.004998922
0.002737284
0.002634048
0.002498388
0.005076885
0.002867222
0.002767563
0.002554417
0.004832506
0.002678394
0.002624273
0.002492428
