0.219035387
0.057595730
0.061347723
0.055320978
0.060862064
0.049462795
0.052449226
0.056533098
0.055125713
0.059980869
0.057390213
0.053873062
0.055600882
0.055799246
0.059832573
0.054540396
0.054697037
0.053974867
0.059646606
0.053449631
0.054482698
0.058214426
0.057608128
0.056034088
0.058999300
0.055720329
0.055599689
0.058267117
0.060508251
0.054658175
0.058631659
0.059388638
0.053652763
0.053614140
0.056063414
0.058048010
0.058987141
0.057928324
0.057777405
0.057174206
0.055438280
0.056216955
0.054307938
0.054459572
0.052337885
0.057152987
0.055783987
0.051799297
0.055050850
0.054301500
0.055844307
0.063891888
0.067154646
0.069877386
0.056676149
0.055077553
0.053481340
0.051155567
0.060474396
0.057476997
0.057909727
0.052180529
0.053087950
0.057216167
0.057604790
0.054548979
0.058995962
0.051943302
0.052616119
0.054604769
0.056842327
0.056090355
0.054722786
0.053871632
0.058631897
0.053311348
0.053919792
0.051584244
0.053001165
0.052869797
0.055413246
0.053272963
0.056266546
0.055323124
0.053890228
0.058490753
0.054535866
0.051527977
0.055592775
0.055826187
0.059222937
0.055046320
0.054892302
0.056918621
0.061436892
0.057650089
0.057906866
0.055194378
0.051641941
0.055574894
