0.001903057
0.000828743
0.000810862
0.000773191
0.000789642
0.000764608
0.000840187
0.000765800
0.000837564
0.000757456
0.000822783
0.000771284
0.000822306
0.000765085
0.000829935
0.000765085
0.000849724
0.000765562
0.000791073
0.000760794
0.000806808
0.000763893
0.000842094
0.000760794
0.000790596
0.000749588
0.000786781
0.000761747
0.000760317
0.000814676
0.000827312
0.000757933
0.000788689
0.000762701
0.000785828
0.000766993
0.000797749
0.000766277
0.000790596
0.000774145
0.000774860
0.000762224
0.000811338
0.000751257
0.000799179
0.000760555
0.000785351
0.000759125
0.000771523
0.000754595
0.000771046
0.000759602
0.000812054
0.000810623
0.000795841
0.000771999
0.000774384
0.000784397
0.000787020
0.000761747
0.000774384
0.000809193
0.000770092
0.000777483
0.000757933
0.000770092
0.000788689
0.000766277
0.000787973
0.000783682
0.000777960
0.000823736
0.000809908
0.000767469
0.000787973
0.000770330
0.000811338
0.000858307
0.000819206
0.000758410
0.000809193
0.000816822
0.000791550
0.000803947
0.000818491
0.000783205
0.000773668
0.000801802
0.000848055
0.000776291
0.000777960
0.000766754
0.000797033
0.000771999
0.000800133
0.000768900
0.000791550
0.000775099
0.000766039
0.000797510
