0.002178431
0.001394033
0.000693321
0.000732183
0.000655890
0.000780821
0.000618458
0.000701189
0.000622034
0.000734806
0.000678301
0.000747681
0.000610352
0.000814676
0.000618219
0.000688553
0.000591993
0.000669241
0.000602007
0.000703096
0.000611544
0.000683546
0.000600815
0.000695944
0.000606775
0.000712633
0.000587463
0.000691175
0.000603914
0.000703573
0.000587940
0.000684261
0.000584364
0.000666618
0.000584126
0.000742674
0.000606775
0.000679731
0.000586271
0.000771523
0.000664473
0.000718355
0.000639439
0.001123428
0.000718832
0.000770569
0.000702620
0.000736952
0.000750303
0.000798225
0.000717640
0.000746727
0.000682354
0.000710011
0.000652075
0.000719786
0.000662565
0.000687122
0.000651360
0.000800848
0.000680447
0.000780821
0.000716686
0.000741720
0.000636101
0.000735521
0.000662327
0.000792027
0.000644684
0.000791073
0.000668049
0.000741005
0.000660658
0.000831842
0.000726223
0.000808477
0.000633717
0.000732422
0.000624418
0.000727892
0.000646830
0.000741959
0.000679255
0.000716448
0.000667572
0.000757933
0.000714779
0.000760317
0.000685930
0.000756979
0.000633478
0.000730038
0.000657797
0.000718594
0.000622272
0.000754118
0.000649452
0.000784397
0.000695705
0.000796556
0.000639915
0.000771284
0.000646830
0.000737190
0.000648737
0.000778913
0.000633001
0.000716209
0.000646114
0.000791073
0.000683784
0.000744343
0.000655413
0.000728369
0.000661612
0.000756979
0.000630617
0.000724316
0.000660896
0.000764370
0.000650406
0.000751495
0.000644207
0.000712633
0.000644684
0.000787020
0.000649214
0.000722885
0.000653267
0.000766993
0.000698328
0.000754833
0.000651836
0.000749111
0.000655651
0.000761986
0.000700235
0.000726938
0.000628948
0.000761986
0.000654697
0.000719070
0.000667334
0.000732899
0.000656843
0.000737906
0.000620127
0.000728130
0.000642061
0.000775337
0.000677109
0.000721693
0.000668049
0.000698090
0.000618696
0.000695229
0.000647545
0.000751495
0.000687599
0.000704050
0.000652313
0.000705719
0.000663519
0.000768423
0.000690222
0.000892162
0.000717878
0.000763416
0.000612974
0.000723839
0.000629663
0.000689268
0.000649691
0.000716925
0.000619411
0.000753164
0.000637770
0.000708342
0.000651836
0.000683069
0.000630379
0.000703096
0.000631809
0.000717878
0.000638485
0.000687361
0.000648499
0.000682354
0.000652313
0.000698328
0.000654936
0.000736237
0.000646353
0.000671625
0.000647783
0.000702858
0.000613689
0.000756025
0.000708342
0.000712633
0.000606060
0.000728130
0.000611067
0.000740051
0.000607252
0.000831604
0.000704765
0.000993252
0.000618458
0.000752211
0.000614643
0.000735044
0.000615835
0.000736475
0.000688076
0.000741243
0.000597000
0.000730991
0.000597954
0.000770092
0.000606298
0.000765562
0.000588894
0.000838280
0.000607491
0.000622988
0.000592232
0.000717402
0.000610352
0.000635147
0.000589609
0.000707388
0.000608683
0.000719786
0.000589609
0.000727654
0.000602245
0.000730038
0.000635862
0.000646114
0.000602484
0.000728846
0.000678301
0.000713825
0.000688791
0.000779629
0.000663996
0.000732660
0.000666618
0.000731707
0.000656128
0.000840187
0.000661373
0.000723839
0.000667810
0.000781059
0.000659943
0.000779629
0.000657797
0.000942707
0.000661612
0.000797272
0.000648499
0.000855684
0.000668526
0.000877380
0.000665188
0.000852585
0.000641823
0.000986338
0.000654459
0.000841141
0.000658035
0.000814676
0.000656605
0.000917435
0.000653982
0.000957727
0.000633717
0.000888586
0.000626564
0.000771761
0.000579357
0.000984430
0.000615835
0.000715017
0.000687122
0.000705242
0.000776529
0.000819445
0.000729799
0.000710249
0.000694752
0.000802517
0.000786066
0.000657558
0.000860929
0.000726700
0.000777006
0.000672340
0.000888109
0.000669479
0.001658678
0.000641823
0.001244545
0.000673056
0.000917435
0.000705957
0.000895262
0.000676155
0.000709534
0.000638962
0.000756025
0.000693798
0.000714540
0.000633240
0.000707150
0.000627518
0.000708580
0.000627279
0.000703096
0.000681639
0.000715733
0.000683308
0.000663996
0.000629663
0.000701189
0.000671148
0.000682831
0.000627279
0.000714302
0.000617981
0.000649214
0.000637531
0.000676155
0.000752926
0.000716209
0.000684738
0.000946999
0.000924349
0.000892639
0.000707865
0.000817537
0.000727415
0.000808001
0.000684261
0.001094341
0.000670433
0.000917196
0.000756025
0.000883818
0.000676870
0.000903606
0.000677824
0.000865221
0.000712156
0.000782728
0.000708342
0.000733376
0.000703573
0.000752687
0.000670671
0.000748873
0.000704527
0.000746250
0.000696659
0.000744343
0.000707150
0.000676632
0.000699759
0.000755310
0.000702858
0.000676632
0.000707150
0.000751019
0.000709057
0.000726223
0.000713348
0.000746965
0.000700235
0.000750780
0.000699043
0.000749350
0.000706673
0.000746012
0.000692606
0.000685453
0.000690699
0.000680923
0.000688791
0.000625610
0.002030611
0.001578093
0.000706911
0.000740767
0.000663996
0.000708580
0.000646114
0.000710011
0.000653744
0.000684738
0.000650406
0.000771523
0.000662804
0.000697613
0.000643015
0.000823975
0.000750065
0.000781298
0.000679493
0.000778437
0.000766754
0.000839949
0.000750065
0.000749826
0.000684261
0.000760317
0.000649452
0.000734329
0.000643730
0.000729799
0.000646830
0.000770807
0.000656128
0.000736475
0.000637531
0.000722408
0.000657320
0.000717878
0.000656128
0.000690460
0.000652075
0.000761986
0.000638962
0.000732183
0.000647068
0.000746250
0.000636339
0.000777483
0.000609636
0.000688076
0.000582457
0.000673532
0.000578880
0.000722170
0.000605583
0.000670671
0.000578403
0.000672579
0.000604153
0.000702620
0.000608921
0.000784874
0.000621319
0.000784397
0.000697136
0.000747442
0.000665903
0.000705719
0.000595093
0.000732899
0.000652552
0.000688553
0.000588179
0.000704050
0.000610113
0.000685692
0.000603676
0.000771999
0.000588894
0.000715256
0.000582695
0.000722170
0.000613451
0.000779152
0.000682354
0.000767946
0.000633001
0.000713825
0.000651836
0.000734091
0.000635147
0.000715733
0.000670671
0.000778675
0.000639677
0.000838041
0.000638962
0.000713348
0.000629663
0.000735283
0.000619411
0.000696421
0.000603437
0.000699759
0.000598431
0.000674009
0.000578642
0.000696182
0.000603676
0.000710964
0.000617027
0.000685215
0.000653982
0.000722647
0.000656843
0.000718594
0.000657797
0.000727415
0.000630379
0.000732183
0.000600576
0.000735998
0.000611305
0.000742912
0.000638247
0.000727654
0.000638008
0.000723124
0.000644922
0.000739813
0.000596046
0.000752211
0.000617504
0.000747442
0.000594616
0.000734568
0.000634193
0.000736952
0.000638247
0.000828981
0.000608921
0.000704765
0.000586271
0.000696182
0.000601053
0.000715971
0.000593901
0.000685930
0.000589609
0.000679493
0.000585556
0.000750542
0.000585794
0.000688076
0.000591993
0.000690222
0.000580788
0.000671864
0.000583649
0.000749350
0.000580072
0.000654697
0.000605106
0.000668764
0.000601530
0.000708342
0.000584602
0.000759125
0.000590563
0.000769615
0.000609875
0.000672817
0.000576735
0.000688314
0.000591755
0.000686169
0.000588179
0.000721693
0.000617266
0.000677586
0.000607729
0.000700712
0.000580788
0.000724792
0.000583410
0.000753164
0.000576735
0.000710726
0.000600338
0.000675917
0.000577211
0.000737429
0.000585079
0.000659943
0.000577450
0.000689268
0.000598669
0.000705004
0.000611544
0.000736952
0.000579596
0.000732899
0.000606060
0.000691175
0.000591516
0.000670433
0.000668049
0.000645161
0.000658274
0.000744581
0.000694990
0.000636101
0.000586271
0.000699759
0.000712872
0.000748396
0.000686407
0.000725746
0.000672817
0.000669241
0.000677586
0.000631094
0.000711679
0.000838757
0.000648022
0.000686884
0.000658035
0.000667572
0.000776529
0.000724077
0.000656843
0.000734329
0.000725508
0.000730276
0.000995636
0.000686407
0.000664711
0.000713110
0.000607014
0.000677109
0.000645161
0.000684023
0.000643730
0.000720501
0.000689507
0.000727892
0.000659466
0.000756264
0.000783205
0.000717402
0.000770807
0.000718117
0.000665903
0.000802755
0.000651598
0.000704288
0.000627279
0.000767469
0.000689745
0.000701666
0.000813723
0.000781536
0.000907898
0.000712395
0.000931501
0.000705481
0.000880003
0.000806808
0.000664711
0.000784874
0.000858068
0.000657797
0.000876904
0.000713110
0.000833511
0.000815153
0.000691891
0.000684500
0.000775099
0.000694752
0.000773191
0.000651598
0.000746012
0.000752211
0.000682116
0.000832319
0.000677824
0.000778437
0.000828028
0.000756025
0.000693083
0.000743628
0.000766993
0.000895739
0.000651121
0.000797749
0.000843048
0.000671387
0.000764608
0.000805616
0.000683546
0.000765562
0.000780106
0.000835657
0.000661135
0.000772238
0.000812769
0.000671387
0.000682354
0.000798464
0.000903368
0.000764608
0.000727654
0.000741959
0.000748158
0.000774622
0.000751972
0.000715494
0.000834465
0.000788450
0.000765562
0.000747681
0.000710011
0.000733376
0.000764608
0.000794411
0.000780344
0.000669956
0.000755787
0.000769377
0.000826836
0.000771046
0.000764132
0.000748396
0.000770092
0.000779390
0.000780582
0.000677824
0.000768423
0.000758410
0.000716925
0.000760317
0.000800610
0.000740290
0.000848055
0.000759602
0.000785589
0.000663280
0.000769138
0.000789404
0.000832558
0.000774384
0.000756025
0.000671148
0.000731707
0.000760317
0.000757933
0.000705242
0.000831127
0.000782013
0.000777960
0.000775576
0.000795364
0.000672102
0.000801325
0.000814915
0.000740051
0.000742674
0.000827551
0.000753164
0.000762463
0.000813961
0.000786066
0.000674248
0.000710011
0.000789165
0.000752449
0.000741005
0.000673771
0.000687361
0.000840902
0.000765324
0.000736475
0.000750065
0.000774622
0.000791311
0.000690937
0.000666857
0.000649452
0.000655174
0.000550032
0.001832724
0.001354933
0.000656366
0.000696659
0.000627518
0.000752211
0.000635147
0.000685930
0.000627756
0.000737667
0.000622511
0.000679731
0.000638247
0.000680685
0.000629902
0.000685215
0.000627041
0.000687122
0.000830650
0.000729084
0.000681400
0.000749350
0.000737429
0.000899553
0.000622749
0.000774860
0.000805378
0.000747681
0.000587225
0.000742912
0.000615597
0.000711203
0.000608444
0.000658989
0.000634670
0.000667334
0.000611067
0.000659704
0.000617981
0.000672817
0.000580311
0.000663996
0.000599146
0.000647306
0.000573874
0.000723362
0.000621080
0.000648499
0.000610828
0.000667334
0.000606060
0.000725031
0.000595331
0.000731707
0.000619411
0.001044750
0.000610828
0.000669718
0.000653267
0.000756741
0.000667095
0.000674248
0.000637531
0.000694513
0.000656366
0.000688076
0.000694752
0.000656605
0.000683308
0.000684023
0.000651598
0.000740290
0.000691175
0.000659466
0.000697136
0.000661135
0.000765085
0.000624895
0.000916958
0.000618219
0.000711203
0.000587940
0.000645399
0.000622749
0.000665903
0.000610352
0.000722408
0.000686646
0.000734329
0.000641346
0.000739098
0.000628233
0.000757456
0.000643015
0.000718832
0.000684977
0.000675440
0.000735521
0.000970602
0.000643730
0.000731468
0.000753164
0.000746965
0.000895023
0.000840187
0.000807047
0.000769854
0.000875711
0.000843763
0.000701666
0.000707626
0.000939608
0.000809193
0.000915289
0.000703335
0.000846863
0.001001835
0.000619173
0.000735521
0.000827312
0.000964403
0.000643253
0.000718832
0.000690937
0.000816584
0.000685692
0.000876427
0.000636101
0.000774622
0.000745535
0.000897169
0.000588179
0.000725031
0.000695944
0.000643969
0.000719309
0.000767469
0.000615835
0.000823021
0.000648499
0.000608683
0.000761747
0.000807047
0.000635386
0.000696659
0.000810146
0.000898123
0.000629425
0.000699759
0.000746012
0.000897169
0.000605106
0.000624418
0.000747919
0.000812054
0.000611782
0.000626087
0.000715733
0.000703335
0.000736713
0.000928164
0.000612736
0.000755072
0.000792265
0.000910759
0.000745296
0.000733137
0.000746965
0.000897646
0.000603914
0.000684023
0.000960350
0.000849485
0.000655651
0.000886917
0.000641823
0.000711679
0.000881433
0.000709534
0.000803232
0.000925779
0.000636339
0.000782728
0.000724792
0.000897646
0.000633240
0.000897169
0.000625849
0.000756979
0.000580549
0.000793695
0.000655413
0.000725508
0.000612259
0.000712156
0.000627995
0.000708103
0.000627756
0.000682831
0.000619173
0.000772476
0.000663519
0.000718117
0.000616312
0.000812054
0.000640154
0.000729799
0.000656128
0.000853777
0.000627279
0.000700712
0.000671148
0.000777721
0.000661135
0.000791788
0.000803232
0.000848770
0.000618458
0.000730276
0.000595093
0.001442671
0.000914812
0.000636339
0.000647068
0.000663280
0.000652313
0.000730753
0.000641584
0.000672579
0.000629187
0.000708103
0.000660896
0.000663280
0.000650644
0.000721931
0.000677824
0.000728607
0.000645399
0.000917435
0.000707865
0.000808239
0.000764608
0.000786066
0.000778198
0.000773430
0.000779152
0.000759363
0.000796318
0.000679493
0.000817299
0.000724077
0.000835180
0.000615835
0.000666142
0.000636339
0.000774622
0.000660181
0.000796318
0.000610352
0.000781775
0.000607252
0.000831366
0.000616312
0.000679731
0.000599623
0.000775337
0.000645638
0.000710249
0.000668049
0.000775814
0.000656605
0.000822544
0.000635624
0.000830650
0.000598669
0.000881672
0.000589371
0.000807762
0.000626564
0.000939369
0.000593185
0.000888348
0.000633478
0.000814915
0.000594378
0.000965357
0.000586033
0.000906467
0.000578403
0.000869274
0.000672817
0.000886202
0.000577927
0.000934839
0.000581980
0.000772715
0.000622749
0.000756502
0.000594139
0.000760555
0.000663519
0.000752926
0.000657320
0.000734091
0.000622749
0.000756741
0.000620842
0.000738621
0.000661612
0.000741005
0.000660896
0.000751495
0.000617504
0.000745296
0.000625372
0.000744104
0.000690937
0.000740051
0.000659227
0.000743389
0.000729561
0.000763655
0.000663042
0.000754833
0.000638962
0.000768900
0.000637770
0.000750780
0.000622034
0.000741720
0.000628710
0.000710726
0.000590086
0.000714779
0.000627279
0.000703096
0.000590563
0.000701904
0.000640392
0.000721693
0.000612974
0.000744343
0.000607014
0.000728130
0.000647306
0.000725269
0.000597954
0.000720978
0.000603199
0.000710726
0.000592947
0.000715017
0.000609636
0.000711918
0.000579357
0.000719309
0.000586748
0.000720739
0.000616789
0.000720739
0.000618219
0.000706673
0.000591755
0.000716686
0.000584364
0.000734806
0.000592947
0.000716448
0.000612020
0.000953674
0.000597715
0.000863552
0.000622511
0.000863552
0.000642061
0.001049042
0.000673532
0.000851154
0.000636578
0.000941753
0.000630856
0.000926733
0.000660658
0.000940800
0.000646591
0.000946045
0.000647783
0.001051188
0.000643730
0.000750065
0.000510693
