0.000926495
0.000767231
0.000220776
0.000309467
0.000231981
0.000322819
0.000225782
0.000318289
0.000299931
0.000251770
0.000326157
0.000231743
0.000339508
0.000238419
0.000300884
0.000253677
0.000278473
0.000333309
0.000271082
0.000299931
0.000284195
0.000249386
0.000282764
0.000212669
0.000208616
0.000222683
0.000285387
0.000277281
0.000314713
0.000227451
0.000288486
0.000208139
0.000217438
0.000229359
0.000232458
0.000232220
0.000275850
0.000305414
0.000286102
0.000226259
0.000254154
0.000209570
0.000269651
0.000329971
0.000329733
0.000228405
0.000324249
0.000226259
0.000292540
0.000214100
0.000243187
0.000220537
0.000234604
0.000238180
0.000296354
0.000244617
0.000291109
0.000213146
0.000247955
0.000278234
0.000293493
0.000373602
0.000310659
0.000224590
0.000198841
0.000245810
0.000260353
0.000212431
0.000204086
0.000228167
0.000306368
0.000248194
0.000257492
0.000222921
0.000256777
0.000213385
0.000247717
0.000315666
0.000281096
0.000226498
0.000246286
0.000227928
0.000270605
0.000204802
0.000249147
0.000315428
0.000282288
0.000273943
0.000254631
0.000225067
0.000205040
0.000221252
0.000239611
0.000229836
0.000279903
0.000253677
0.000267029
0.000331402
0.000230789
0.000273943
