0.007676840
0.007337570
0.007313251
0.007327795
0.007343292
0.007311106
0.007303238
0.007332802
0.007319927
0.007301569
0.007312775
0.007306814
0.007325411
0.007323742
0.007314444
0.007314920
0.007298470
0.006305695
0.007810593
0.007328272
0.007274151
0.007329702
0.007285357
0.007269382
0.007323027
0.007277966
0.007272482
0.007303953
0.007304907
0.007294178
0.007289171
0.007264376
0.007268429
0.007268667
0.007266760
0.006276608
0.007639647
0.007372141
0.007297039
0.007270098
0.007322788
0.007269144
0.007294178
0.007292747
0.007317305
0.007285357
0.007318735
0.007269382
0.007273912
0.007315159
0.007285357
0.007279634
0.007269382
0.006284475
0.007603168
0.007301807
0.007283688
0.007277727
0.007320881
0.007275105
0.007286549
0.007267952
0.007274151
0.007290125
0.007263660
0.007302284
0.007268429
0.007264137
0.007261515
0.007270575
0.007260799
0.006277800
0.007632971
0.007307768
0.007340908
0.007263660
0.007313251
0.007273436
0.007361174
0.007304192
0.007291794
0.007288218
0.007425547
0.007285595
0.007269859
0.007270098
0.007267237
0.007255316
0.007264853
0.006258726
0.007756233
0.007285357
0.007258892
0.007424116
0.007273436
0.007264376
0.007261753
0.007266760
0.007270336
0.007280350
0.007294416
0.007278681
0.007266045
0.007282972
0.007273436
0.007262945
0.007277012
0.006279469
0.007668734
0.007353544
0.007301807
0.007275343
0.007286787
0.007260561
0.007276773
0.007272720
0.007273436
0.007259846
0.007340431
0.007275343
0.007317066
0.007258892
0.007263422
0.007255316
0.007256985
0.006268740
0.007649183
0.007288933
0.007298231
0.007287025
0.007279396
0.007303476
0.007272243
0.007283211
0.007283688
0.007315874
0.007265091
0.007269382
0.007273674
0.007288933
0.007261038
0.007256985
0.007265329
0.006279945
0.007657051
0.007309198
0.007289410
0.007269382
0.007259846
0.007312775
0.007274151
0.007308960
0.007272243
0.007295132
0.007296324
0.007274866
0.007278204
0.007290363
0.007272959
0.007291555
0.007282495
0.006271362
0.007586718
0.007304668
0.007301807
0.007272243
0.007276535
0.007276297
0.007280588
0.007296562
0.007311583
0.007284403
0.007287979
0.007267475
0.007292032
0.007271528
0.007269621
0.007258415
0.007261753
0.006277084
0.007667303
0.007292032
0.007292509
0.007261753
0.007258415
0.007277489
0.007262945
0.007265806
0.007263184
0.007277966
0.007267714
0.007279634
0.007277727
0.007429123
0.007344246
0.007270098
0.007265329
0.006267548
0.007643461
0.007309437
0.007282257
0.007274389
0.007288218
0.007272482
0.007271767
0.007285833
0.007271290
0.007310152
0.007296324
0.007392883
0.007302523
0.007293701
0.007270813
0.007257462
0.007261992
0.006274223
0.007774591
0.007319212
0.007271767
0.007272959
0.007264376
0.007275820
0.007276773
0.007261515
0.007279158
0.007274151
0.007284403
0.007291079
0.007283449
0.007287025
0.007266760
0.007273674
0.007259369
0.006271601
0.007603407
0.007333994
0.007301331
0.007290125
0.007289410
0.007285595
0.007289886
0.007280827
0.007279634
0.007282495
0.007294416
0.007292271
0.007292509
0.007304430
0.007303238
0.007268190
0.007253408
0.006276608
0.007605076
0.007323742
0.007263422
0.007273436
0.007270336
0.007300377
0.007316113
0.007270575
0.007300615
0.007279873
0.007290125
0.007316589
0.007288218
0.007322311
0.007261038
0.007259846
0.007258654
0.006271601
0.007598877
0.007363319
0.007295132
0.007267714
0.007291079
0.007266521
0.007288218
0.007264853
0.007303715
0.007329464
0.007290363
0.007269382
0.007292032
0.007278204
0.007269859
0.007286549
0.007260323
0.006275654
0.007668972
0.007281780
0.007277012
0.007263660
0.007274866
0.007278204
0.007271051
0.007275105
0.007283926
0.007287264
0.007312298
0.007266283
0.007274628
0.007281780
0.007276297
0.007270336
0.007255077
0.006285667
0.007635117
0.007295370
0.007271528
0.007277012
0.007323503
0.007284403
0.007293224
0.007257223
0.007401466
0.007271051
0.007290602
0.007274389
0.007289171
0.007281780
0.007266283
0.007257462
0.007252693
0.006271362
0.007625580
0.007313251
0.007272720
0.007258654
0.007302999
0.007290602
0.007271528
0.007264376
0.007290840
0.007286072
0.007281065
0.007271290
0.007283211
0.007282734
0.007277250
0.007277966
0.007278442
0.006277561
0.007622242
0.007372618
0.007259607
0.007263899
0.007273197
0.007393837
0.007271051
0.007266998
0.007266760
0.007366896
0.007283211
0.007259369
0.007278681
0.007273912
0.007307529
0.007453918
0.007291794
0.006307840
0.007693768
0.007358074
0.007424355
0.007320642
0.007277012
0.007315397
0.007306099
0.007277966
0.007263899
0.007279396
0.007253647
0.007307291
0.007267714
0.007267714
0.007272720
0.007273674
0.007265806
0.006282091
0.007662296
0.007280350
0.007267952
0.007259130
0.007257700
0.007254124
0.007270575
0.007263422
0.007269859
0.007268667
0.007260799
0.007285595
0.007276297
0.007258654
0.007272243
0.007264137
0.007267714
0.006262064
0.007660627
0.007298946
0.007296085
0.007312298
0.007275105
0.007310629
0.007267475
0.007266521
0.007268190
0.007261276
0.007264853
0.007267952
0.007253408
0.007287264
0.007271767
0.007259369
0.007259369
0.006261587
0.007647038
0.007309437
0.007262945
0.007269144
0.007278919
0.007266283
0.007264376
0.007270575
0.007270336
0.007267237
0.007261276
0.007272243
0.007264614
0.007252455
0.007291317
0.007278204
0.007265568
0.006277561
0.007633209
0.007346869
0.007277250
0.007278442
0.007320881
0.007395744
0.007304668
0.007390499
0.007282257
0.007395267
0.007277727
0.007289648
0.007327080
0.007341862
0.007284641
0.007252216
0.007273436
0.006264687
0.007832766
0.007287025
0.007289410
0.007265806
0.007268906
0.007297039
0.007256985
0.007268190
0.007266045
0.007317543
0.007276297
0.007267237
0.007271051
0.007280827
0.007263184
0.007259130
0.007257223
0.006267071
0.007668495
0.007285595
0.007268906
0.007314205
0.007274866
0.007321596
0.007268667
0.007275820
0.007355690
0.007283688
0.007261992
0.007287502
0.007274628
0.007259130
0.007276297
0.007256746
0.007244825
0.006261349
0.007656813
0.007275343
0.007283211
0.007386208
0.007421494
0.007303238
0.007286549
0.007314920
0.007290840
0.007292986
0.007316351
0.007347107
0.007322311
0.007333994
0.007293224
0.007255316
0.007272959
0.006283522
0.007679224
0.007296324
0.007260561
0.007266283
0.007267237
0.007263422
0.007267714
0.007262230
0.007291794
0.007287502
0.007404804
0.007282257
0.007277966
0.007270336
0.007269621
0.007259130
0.007273912
0.006273508
0.007061720
0.006754637
0.006727695
0.006897211
0.007301331
0.007313251
0.007301331
0.007307053
0.007300615
0.007298231
0.007302761
0.007303953
0.007297754
0.007352352
0.007288456
0.007282019
0.007295609
0.006288290
0.007713795
0.007303953
0.007269144
0.007264614
0.007268190
0.007265568
0.007279873
0.007279634
0.007281065
0.007281780
0.007277727
0.007261515
0.007272482
0.007271051
0.007279873
0.007260561
0.007260323
0.006283760
0.007634401
0.007338047
0.007403851
0.007275343
0.007266998
0.007262230
0.007273912
0.007370234
0.007298708
0.007271528
0.007314682
0.007316828
0.007310390
0.007281542
0.007300615
0.007266045
0.007268429
0.006324768
0.007128954
0.006850958
0.006896257
0.006911755
0.006891251
0.007256508
0.007345200
0.007545233
0.007530928
0.007403851
0.007304668
0.007339478
0.007304907
0.007322788
0.007335663
0.007294655
0.007310867
0.006300926
0.007643223
0.007298231
0.007269859
0.007270098
0.007266045
0.007268906
0.007263899
0.007284641
0.007275820
0.007262945
0.007317781
0.007307291
0.007268906
0.007271767
0.007266760
0.007265329
0.007256985
0.006273031
0.007638454
0.007376909
0.007302046
0.007258654
0.007282257
0.007247686
0.007293463
0.007267952
0.007287741
0.007260323
0.007396698
0.007268429
0.007302523
0.007267237
0.007256269
0.007266045
0.007256269
0.006312370
0.007877111
0.007328510
0.007297039
0.007283688
0.007302284
0.007326126
0.007328987
0.007265091
0.007265329
0.007309198
0.007291794
0.007262707
0.007405519
0.007271767
0.007259369
0.007266998
0.007255554
0.006275177
0.007161856
0.006903648
0.007157087
0.007049799
0.007233858
0.007293224
0.007343292
0.007373571
0.007319689
0.007299662
0.007307529
0.007309198
0.007447481
0.007317066
0.007291317
0.007285118
0.007288218
0.006310701
0.007659912
0.007300854
0.007266521
0.007264137
0.007274389
0.007278919
0.007273674
0.007275820
0.007282495
0.007264376
0.007276297
0.007267952
0.007276535
0.007258892
0.007274151
0.007266521
0.007261992
0.006264448
0.007247448
0.006767988
0.006838322
0.006818056
0.006857395
0.007318735
0.007314920
0.007350683
0.007298708
0.007306576
0.007300377
0.007351398
0.007303953
0.007317066
0.007294178
0.007281303
0.007298946
0.006291151
0.007655144
0.007342100
0.007313251
0.007339239
0.007340908
0.007380724
0.007306576
0.007313251
0.007343054
0.007346869
0.007345200
0.007334471
0.007441044
0.007303715
0.007265806
0.007303476
0.007258415
0.006272078
0.007157803
0.006691694
0.006684303
0.006671906
0.006854296
0.007292509
0.007387161
0.007308960
0.007301807
0.007339001
0.007357597
0.007298946
0.007301331
0.007325411
0.007313490
0.007288694
0.007282019
0.006295681
0.007084370
0.006737709
0.006690979
0.006684065
0.007237911
0.007308245
0.007344007
0.007290363
0.007302999
0.007297277
0.007289886
0.007297039
0.007300615
0.007340193
0.007289410
0.007292032
0.007302999
0.006295681
0.007103205
0.006732225
0.006699562
0.006694794
0.006871700
0.007312298
0.007346153
0.007351875
0.007307529
0.007306814
0.007304430
0.007343531
0.007342815
0.007353783
0.007295847
0.007306099
0.007299900
0.006299019
0.007643938
0.007428646
0.007273197
0.007278204
0.007311821
0.007260323
0.007315159
0.007291794
0.007288933
0.007271051
0.007275343
0.007276297
0.007290125
0.007274151
0.007273912
0.007258415
0.007247686
0.006277084
0.007252693
0.006754160
0.006922722
0.007342100
0.007346869
0.007483482
0.007504463
0.007356167
0.007319689
0.007313251
0.007305145
0.007306099
0.007299900
0.007313251
0.007306337
0.007297754
0.007277489
0.006253719
0.007244110
0.006744623
0.007051706
0.007225752
0.007257938
0.007363081
0.007392645
0.007337570
0.007499933
0.007311821
0.007379532
0.007303953
0.007444859
0.007315874
0.007311583
0.007292747
0.007301807
0.006319284
0.007128239
0.006786346
0.006892204
0.007334471
0.007326365
0.007342339
0.007422209
0.007345200
0.007313728
0.007310390
0.007457495
0.007302761
0.007320642
0.007302046
0.007302046
0.007304907
0.007272959
0.006266594
0.007098913
0.006801844
0.006816387
0.006796360
0.006844997
0.007152319
0.007315397
0.007311344
0.007354975
0.007313013
0.007315397
0.007312536
0.007349491
0.007317066
0.007310867
0.007310629
0.007299662
0.006312847
0.007138491
0.006762505
0.007009745
0.007169962
0.007099867
0.007290602
0.007356167
0.007353067
0.007369041
0.007335901
0.007389307
0.007309914
0.007369280
0.007318258
0.007305384
0.007297754
0.007301569
0.006302595
0.007025480
0.006742001
0.006900549
0.007297993
0.007326603
0.007311106
0.007436752
0.007298946
0.007455111
0.007295609
0.007442713
0.007319212
0.007333040
0.007289410
0.007300854
0.007287741
0.007290602
0.006276608
0.007026911
0.006705999
0.006663322
0.006644487
0.006836176
0.006731272
0.006819248
0.006830454
0.006864309
0.006860018
0.006867409
0.006867170
0.006854057
0.006855011
0.006858110
0.006837845
0.006859541
0.005904198
0.007020712
0.006739140
0.006905317
0.007275105
0.007282257
0.007357836
0.007467031
0.007350922
0.007309198
0.007294893
0.007312536
0.007342100
0.007283449
0.007309198
0.007302284
0.007315159
0.007290363
0.006304026
0.007274866
0.006713390
0.006703854
0.006730080
0.006723166
0.006842852
0.006878614
0.006884575
0.006871939
0.006904125
0.006901264
0.006867886
0.006908178
0.006920338
0.006897926
0.006865025
0.006838799
0.005930185
0.007105589
0.006722689
0.006682158
0.006723404
0.006814718
0.007351398
0.007303953
0.007310867
0.007300138
0.007342100
0.007299900
0.007301807
0.007302284
0.007336855
0.007314205
0.007304668
0.007289171
0.006295919
0.007090807
0.006695986
0.006669998
0.006654024
0.006705284
0.006825924
0.006788015
0.006868839
0.006859064
0.006855249
0.006873846
0.006879091
0.006855249
0.006895542
0.006868839
0.006862879
0.006855965
0.005926847
0.007082701
0.006748199
0.006875038
0.007296801
0.007326603
0.007375717
0.007305622
0.007466555
0.007310152
0.007433414
0.007296324
0.007422447
0.007312536
0.007328033
0.007296085
0.007293940
0.007278204
0.006264925
0.007143736
0.006744385
0.006725311
0.007300138
0.007342100
0.007327080
0.007350683
0.007312298
0.007291555
0.007299185
0.007374287
0.007289886
0.007300854
0.007329941
0.007311821
0.007305384
0.007294893
0.006280661
0.007242680
0.006754160
0.006719589
0.006722450
0.007005930
0.007296324
0.007321835
0.007303238
0.007292747
0.007301092
0.007296801
0.007300138
0.007309914
0.007309675
0.007306576
0.007292271
0.007305145
0.006308079
0.007267952
0.006711483
0.007012367
0.007054567
0.007051468
0.007232666
0.007308006
0.007317543
0.007332087
0.007318735
0.007313013
0.007317305
0.007301569
0.007313013
0.007310390
0.007306814
0.007307768
0.006311178
0.007095814
0.006761789
0.006736040
0.007070541
0.007310390
0.007341385
0.007338285
0.007351637
0.007328987
0.007310152
0.007304192
0.007319689
0.007312775
0.007302761
0.007292747
0.007303953
0.007302046
0.006283998
0.007146120
0.006768942
0.006928682
0.007277489
0.007434368
0.007381678
0.007374763
0.007302046
0.007314444
0.007312298
0.007308483
0.007297039
0.007303238
0.007309914
0.007304668
0.007288933
0.007313251
0.006309986
0.007089853
0.006730795
0.006963491
0.007302999
0.007357359
0.007307768
0.007299662
0.007306099
0.007308960
0.007301569
0.007308245
0.007297516
0.007298231
0.007313013
0.007296324
0.007297754
0.007282495
0.006281376
0.007087469
0.006849527
0.006967068
0.006947756
0.006952763
0.007267714
0.007325172
0.007306337
0.007323742
0.007293463
0.007299900
0.007297754
0.007297754
0.007355452
0.007310867
0.007299185
0.007290125
0.006308794
0.007011175
0.006757736
0.006665468
0.006808758
0.006736755
0.006798744
0.006808519
0.006836414
0.006895781
0.006861448
0.006893396
0.006870270
0.006866932
0.006865740
0.006869316
0.006857634
0.006847143
0.005918741
0.007119179
0.006725311
0.006698608
0.006870985
0.007295609
0.007349491
0.007382631
0.007312059
0.007318020
0.007453918
0.007296801
0.007330894
0.007307768
0.007299185
0.007308245
0.007300854
0.007290125
0.006292582
0.007021189
0.006675959
0.006648540
0.006682634
0.006688833
0.006744862
0.006798744
0.006811619
0.006810188
0.006881475
0.006834507
0.006869316
0.006840944
0.006879091
0.006826878
0.006821394
0.006819010
0.005899668
0.007119179
0.006748438
0.006718159
0.006877899
0.007312059
0.007302046
0.007300615
0.007289410
0.007306337
0.007299662
0.007296324
0.007294893
0.007303238
0.007345915
0.007321835
0.007326841
0.007325649
0.006282568
0.007077694
0.006759882
0.006718397
0.006691217
0.006692648
0.006964445
0.006825447
0.006870747
0.006832123
0.006893396
0.006879568
0.006863594
0.006986856
0.006879568
0.006850719
0.006862402
0.006859303
0.005914688
0.007085800
0.006774664
0.007027626
0.006977797
0.007057667
0.007286787
0.007471085
0.007300615
0.007445812
0.007365227
0.007347584
0.007343531
0.007299662
0.007358313
0.007314205
0.007297277
0.007301092
0.006299973
0.007157564
0.006787300
0.006863832
0.006867886
0.006853580
0.007162333
0.007316589
0.007310629
0.007307768
0.007307529
0.007300138
0.007293701
0.007314205
0.007300854
0.007295847
0.007290602
0.007295609
0.006298780
0.007120609
0.006800890
0.006897688
0.006850004
0.006913185
0.007251263
0.007320404
0.007300138
0.007302046
0.007345438
0.007308245
0.007342339
0.007310629
0.007292986
0.007286072
0.007309675
0.007305861
0.006303072
0.007104158
0.006802082
0.006862640
0.006904602
0.006850481
0.007124662
0.007303476
0.007304907
0.007287979
0.007301331
0.007304430
0.007297993
0.007291317
0.007301569
0.007311583
0.007300377
0.007297039
0.006300211
0.007070303
0.006735802
0.006772518
0.006735802
0.006965876
0.007371187
0.007320881
0.007311344
0.007325888
0.007528543
0.007354021
0.007436037
0.007343769
0.007334709
0.007304668
0.007286310
0.007307291
0.006298304
0.007143021
0.006751776
0.006677389
0.006682873
0.007119656
0.007312298
0.007310152
0.007203579
0.007131100
0.007056952
0.006989479
0.006989956
0.006916046
0.006912947
0.006923199
0.006879568
0.006853104
0.005906582
0.007080793
0.006761551
0.006742716
0.006742477
0.006843328
0.007287025
0.007304192
0.007297516
0.007296085
0.007309437
0.007311106
0.007295847
0.007300615
0.007304668
0.007286072
0.007299662
0.007294178
0.006304502
0.007233858
0.006758451
0.006897926
0.007377386
0.007329941
0.007346630
0.007311106
0.007309198
0.007337332
0.007300377
0.007348061
0.007302046
0.007308960
0.007313728
0.007305384
0.007306099
0.007299662
0.006273031
0.007082462
0.006737471
0.006665945
0.006722689
0.006734848
0.006829977
0.006853342
0.006856918
0.006883383
0.006873131
0.006864309
0.006902456
0.006902933
0.006882906
0.006826639
0.006819248
0.006836891
0.005903959
0.007117033
0.006776810
0.006733179
0.006768703
0.006795406
0.007323980
0.007312059
0.007295847
0.007297039
0.007314682
0.007316113
0.007316351
0.007311106
0.007440090
0.007300138
0.007295847
0.007294655
0.006304741
0.007026911
0.006684780
0.006644964
0.006662130
0.006705523
0.006828547
0.006806374
0.006920338
0.006856441
0.006870747
0.006857634
0.006856918
0.006862640
0.006863356
0.006870270
0.006878138
0.006846905
0.005932093
0.007086992
0.006760597
0.006745100
0.006950378
0.007326365
0.007301807
0.007323980
0.007306099
0.007290602
0.007300854
0.007318974
0.007314920
0.007321119
0.007303715
0.007296085
0.007299662
0.007298470
0.006290197
0.007085323
0.006752014
0.006763697
0.006723642
0.006846189
0.006968498
0.006908894
0.006862640
0.006883621
0.006897449
0.006901026
0.006882429
0.006889343
0.006900072
0.006850481
0.006832838
0.006846666
0.005896807
0.007124186
0.006728172
0.006700516
0.006726027
0.006849527
0.007294893
0.007313967
0.007301807
0.007302284
0.007304430
0.007298708
0.007302284
0.007297516
0.007303715
0.007344007
0.007298470
0.007307291
0.006309748
0.007134438
0.006714344
0.006690264
0.007125854
0.007312059
0.007315874
0.007264137
0.007273436
0.007260084
0.007205963
0.007203579
0.007168293
0.007199764
0.007213354
0.007111549
0.007091284
0.007106066
0.006140232
0.007047415
0.006735086
0.007308483
0.007315636
0.007343769
0.007319927
0.007307768
0.007318020
0.007305145
0.007311106
0.007330418
0.007297993
0.007308245
0.007325411
0.007307053
0.007290363
0.007270575
0.006282330
0.007100582
0.006724834
0.006877422
0.006700277
0.007154465
0.007302046
0.007400274
0.007200956
0.007194996
0.007161140
0.007056475
0.007029295
0.006999969
0.006939650
0.006944895
0.006913900
0.006914377
0.005980015
0.007087231
0.006713390
0.006693125
0.006664515
0.006736517
0.006797552
0.006783485
0.006900549
0.006873131
0.006925583
0.006842852
0.006878376
0.006858110
0.006880760
0.006840467
0.006840229
0.006843328
0.005910158
0.007193089
0.006798029
0.006722927
0.007016897
0.007319689
0.007453918
0.007418633
0.007306099
0.007300615
0.007305145
0.007432461
0.007308722
0.007318020
0.007325888
0.007300615
0.007300854
0.007300854
0.006290197
0.007006884
0.006674528
0.006679058
0.006651878
0.006692886
0.006781816
0.006820440
0.006951094
0.006851673
0.007009983
0.006987572
0.006994724
0.006982803
0.007019520
0.006839275
0.006832600
0.006834269
0.005890846
0.007137537
0.006736755
0.006871223
0.007298231
0.007299423
0.007307529
0.007332563
0.007317305
0.007355452
0.007324934
0.007458925
0.007317781
0.007395029
0.007300615
0.007317781
0.007306099
0.007270575
0.006276846
0.007000685
0.006696939
0.006670475
0.006651640
0.006709576
0.006778240
0.006805897
0.006849527
0.006896496
0.006904602
0.006911039
0.006874323
0.006852865
0.006853580
0.006851435
0.006856203
0.006847858
0.005919218
0.007205725
0.006790400
0.006857872
0.006872177
0.006866455
0.007237196
0.007341146
0.007293463
0.007305622
0.007288218
0.007286549
0.007287025
0.007354259
0.007306337
0.007293701
0.007282495
0.007293224
0.006290197
0.007123232
0.006795883
0.006830931
0.006806135
0.006813765
0.007156372
0.007473707
0.007350683
0.007305861
0.007369518
0.007310867
0.007306099
0.007306814
0.007329702
0.007318497
0.007297754
0.007301331
0.006302357
0.007190943
0.006802082
0.006716967
0.007234812
0.007295847
0.007295609
0.007307053
0.007299423
0.007315397
0.007299900
0.007315159
0.007461786
0.007474661
0.007328510
0.007319927
0.007295370
0.007303715
0.006268263
0.007078648
0.006781578
0.006720543
0.007046223
0.007289410
0.007297516
0.007308483
0.007305861
0.007322073
0.007309198
0.007338285
0.007300854
0.007339478
0.007316113
0.007307768
0.007305861
0.007301331
0.006292105
0.006983280
0.006675005
0.006680250
0.006655216
0.006824732
0.006815672
0.006873131
0.007018566
0.006858587
0.006857157
0.006864548
0.006844521
0.006874323
0.006865740
0.006870270
0.006860018
0.006869316
0.005926609
0.007056713
0.006747007
0.006965160
0.007210970
0.007199764
0.007281542
0.007309675
0.007291317
0.007301807
0.007369041
0.007332087
0.007346392
0.007325172
0.007345438
0.007313967
0.007299423
0.007292986
0.006302834
0.007011175
0.006697416
0.006659985
0.006679773
0.006675720
0.006828070
0.006818056
0.006875992
0.006902695
0.006902218
0.006882429
0.006864071
0.006874561
0.006941557
0.006863117
0.006828308
0.006839275
0.005909443
0.007120848
0.006743193
0.006713390
0.006692171
0.007169962
0.007310867
0.007313728
0.007298231
0.007304192
0.007302761
0.007305145
0.007298470
0.007313490
0.007317543
0.007310390
0.007291794
0.007303953
0.006305933
0.007142544
0.006731272
0.006702185
0.006688595
0.006772757
0.006815195
0.006836176
0.006863594
0.006868601
0.006870747
0.006906033
0.006856203
0.006911278
0.006862402
0.006865025
0.006853819
0.006863594
0.005924225
0.007105827
0.006754637
0.006890059
0.007308483
0.007307768
0.007316589
0.007292509
0.007311106
0.007313251
0.007341385
0.007320642
0.007397413
0.007349014
0.007330418
0.007303715
0.007305622
0.007289886
0.006273508
