0.209745169
0.216064215
0.201681376
0.200725317
0.206375360
0.206896067
0.201950788
0.202323198
0.206395149
0.191626787
0.205319166
0.197293282
0.206037045
0.209221601
0.206346750
0.204324961
0.203113317
0.201673746
0.198425055
0.203378916
0.200178862
0.206242085
0.214090824
0.204120874
0.213860273
0.194558620
0.200549841
0.205532551
0.204767227
0.202016354
0.203696489
0.212606430
0.205528021
0.197466850
0.204467773
0.203470707
0.204358816
0.205619097
0.198183775
0.192152023
0.201524258
0.202186108
0.204593658
0.204097033
0.197831631
0.200166464
0.205064058
0.198495626
0.202166557
0.200962067
0.195827246
0.202294111
0.196959257
0.201238632
0.196677208
0.202583075
0.195500374
0.201854229
0.201584816
0.202536106
0.201275349
0.204037666
0.196669579
0.187720299
0.200337648
0.196408033
0.200869083
0.198355675
0.199601889
0.195770502
0.200076103
0.201199293
0.198450089
0.199903011
0.201624393
0.206614733
0.198512316
0.201797724
0.194264889
0.202100754
0.196066618
0.200976849
0.202502012
0.203744411
0.197887897
0.189551353
0.201857328
0.195546627
0.202587366
0.192728758
0.203399897
0.191947699
0.202390194
0.201593637
0.185292959
0.202915430
0.196868896
0.201453447
0.194555521
0.201654196
