0.002035618
0.001765013
0.001711130
0.001683235
0.001690626
0.001669168
0.001694918
0.001703978
0.001686811
0.001699686
0.001781464
0.001791954
0.001770973
0.001778364
0.001773119
0.001777887
0.001787901
0.001777411
0.001800299
0.001778364
0.001794577
0.001829147
0.001827955
0.001807928
0.001812935
0.001851320
0.001805782
0.001806736
0.001836300
0.001818180
0.001810551
0.001826286
0.001820803
0.001803160
0.001842737
0.001809597
0.001798153
0.001803875
0.001815796
0.001839876
0.001818180
0.001798868
0.001811028
0.001803398
0.001808882
0.001838207
0.001806259
0.001842260
0.001816273
0.001812220
0.001811028
0.001808405
0.001806736
0.001805305
0.001816273
0.001801729
0.001807690
0.001808167
0.001809359
0.001801491
0.001808882
0.001820564
0.001806259
0.001802683
0.001810551
0.001804829
0.001807690
0.001814842
0.001811743
0.001804352
0.001806498
0.001799583
0.001807213
0.001808882
0.001811028
0.001821995
0.001808882
0.001797915
0.001797676
0.001791716
0.001804113
0.001803160
0.001783609
0.001808167
0.001800060
0.001804829
0.001813412
0.001806498
0.001791239
0.001795292
0.001804113
0.001842022
0.001822948
0.001792192
0.001792908
0.001796246
0.001815796
0.001794577
0.001793623
0.001822710
0.001810789
0.001799583
0.001795053
0.001832247
0.001825809
0.001792908
0.001787663
0.001871347
0.001880169
0.001882553
0.001838923
0.001807451
0.001795292
0.001801491
0.001792431
0.001830816
0.001794100
0.001836061
0.001797438
0.001820087
0.001816273
0.001819134
0.001810551
0.001782179
0.001777887
0.001775265
0.000629425
