0.187937021
0.193422556
0.192912579
0.192959785
0.192704439
0.192745686
0.192863703
0.192774534
0.192821741
0.065254927
0.192065954
0.192857027
0.193714380
0.192775726
0.192993641
0.193026304
0.192765951
0.192930937
0.192924023
0.064958572
0.192341805
0.192972660
0.192767143
0.192928076
0.192732096
0.192773104
0.192797899
0.192999601
0.193000317
0.064947367
0.192902565
0.192779779
0.193014383
0.192958593
0.192831039
0.192924738
0.192806482
0.192797899
0.192713499
0.064952135
0.193643570
0.192870617
0.193271160
0.192884684
0.192993879
0.192807674
0.192863703
0.193116903
0.192980051
0.065010071
0.192548037
0.193049192
0.192905188
0.192831278
0.192816257
0.192855597
0.192823887
0.192731857
0.192746639
0.065095425
0.193741083
0.192818642
0.193162918
0.192788839
0.193027496
0.192883492
0.193014383
0.194636822
0.194115877
0.065414429
0.194299221
0.195609570
0.195468426
0.195306540
0.195451260
0.195605993
0.195503950
0.196148634
0.196992159
0.066212654
0.196387291
0.196877003
0.196908236
0.196833372
0.196932554
0.196803331
0.196786642
0.197381973
0.198619604
0.066791773
0.192357063
0.198723793
0.198201656
0.198526621
0.198476315
0.198169947
0.200057507
0.199633837
0.199530840
0.067256451
0.201361656
0.198375940
0.198799133
0.199897289
0.200400591
0.201517820
0.199950218
0.200315475
0.201239824
0.067753792
0.199496031
0.201902390
0.201238394
0.201192617
0.201081276
0.200993538
0.201055050
0.201046228
0.200592756
0.068333149
0.196836472
0.202039719
0.201096058
0.201320410
0.201268196
0.200671434
0.202006102
0.201050997
0.201360226
0.067811966
0.197961569
0.203726053
0.202171564
0.201175928
0.201416016
0.201148510
0.201205969
0.201193571
0.201203823
0.067883730
0.199677229
0.203364849
0.201927662
0.203624249
0.201915264
0.203488827
0.202050924
0.201246023
0.203536510
0.068311214
0.203694820
0.201886415
0.203151941
0.202781439
0.202711582
0.202824354
0.202753782
0.202713966
0.202673674
0.068409920
0.202253342
0.201268911
0.204437017
0.201989889
0.202808142
0.202780008
0.202681303
0.202826977
0.202995777
0.068429470
0.202759027
0.201195955
0.201445580
0.202410698
0.202661991
0.202496290
0.202737331
0.202941895
0.202694654
0.068448544
0.202193737
0.202959776
0.202909946
0.204684496
0.204695463
0.202750444
0.202839136
0.202801466
0.202836514
0.068409681
0.201755524
0.201210022
0.201368332
0.203137159
0.202775717
0.202624321
0.203104019
0.202867508
0.202922344
0.067929745
0.201413393
0.201140165
0.201504469
0.201324701
0.201204538
0.201230764
0.201107025
0.201014996
0.201311350
0.067960501
0.201572657
0.198456526
0.199260473
0.199815512
0.199314117
0.199785471
0.199683666
0.199747086
0.199721813
0.067588329
0.195396423
0.199219227
0.198044777
0.199124336
0.197762728
0.197034597
0.199243546
0.198257923
0.198417664
0.066937923
0.198067904
0.197673082
0.198504210
0.198315859
0.198253870
0.197403431
0.197368383
0.198813677
0.197626114
0.066504955
0.196459293
0.196657658
0.196921587
0.196999550
0.197107315
0.196969748
0.197146416
0.196847200
0.197535992
0.067367315
0.197449446
0.195732832
0.195724726
0.195655823
0.195746183
0.195484400
0.196232796
0.197364569
0.196113348
0.065967321
0.196600437
0.194833517
0.195535183
0.195147991
0.195799112
0.195691347
0.195659876
0.195601702
0.195840597
0.066008568
0.196434021
0.195041418
0.196298599
0.197223902
0.196012974
0.195733309
0.195461273
0.194854736
0.194522619
0.065531731
0.195333958
0.196190119
0.195492744
0.194828987
0.193885565
0.196348906
0.194063187
0.196235657
0.195651770
0.065561771
0.194294691
0.192956924
0.195012093
0.194241285
0.194254160
0.196220875
0.195677280
0.195621252
0.195859671
0.066041946
0.194490910
0.194658041
0.195951700
0.195648432
0.195549011
0.195436239
0.195678711
0.195171118
0.195673704
0.066237450
0.194851875
0.197055101
0.197037697
0.196448565
0.195361137
0.196707249
0.197048664
0.196319103
0.197163105
0.066693544
0.196435452
0.197131634
0.196975708
0.195684671
0.195950508
0.195816278
0.195677519
0.196551323
0.197279930
0.066460848
0.196309566
0.196970940
0.196808338
0.198283434
0.198132992
0.197013378
0.197076797
0.196430922
0.197073460
0.066743612
0.195641279
0.196291208
0.197479963
0.197027922
0.198820591
0.198171616
0.198143005
0.198213816
0.198172331
0.066680908
0.194039583
0.199008226
0.196539640
0.198085546
0.196777821
0.196936846
0.199072599
0.198112726
0.198933125
0.066919804
0.199486732
0.197679043
0.198634624
0.198352575
0.197638273
0.199042559
0.198326349
0.198102474
0.198486805
0.066946268
0.197573662
0.199617386
0.199601889
0.199607849
0.198273182
0.199724436
0.199787855
0.198473930
0.198715210
0.066948652
0.196892262
0.198943853
0.198267937
0.197536230
0.199058056
0.197729111
0.197111130
0.199491024
0.198147535
0.066947460
0.199995995
0.198333979
0.198284626
0.198484182
0.198447943
0.198317528
0.198369741
0.198758364
0.198331118
0.066977262
0.194380522
0.198940516
0.198429823
0.198337317
0.198273420
0.200514317
0.199676514
0.200150013
0.199980021
0.066951036
0.199119568
0.199356556
0.200068712
0.199244976
0.199882746
0.198983431
0.200288296
0.199189901
0.200164318
0.067384481
0.194026232
0.199225664
0.198069811
0.199064493
0.198435545
0.200705528
0.199435234
0.198314428
0.200245380
0.067425013
0.199525833
0.198567390
0.198271036
0.198565483
0.199809790
0.199293613
0.200003386
0.199753046
0.199846268
0.067402840
0.194150686
0.200526237
0.199162960
0.198293686
0.199390888
0.197847128
0.199146748
0.200368166
0.199692011
0.066846609
0.199311256
0.199624538
0.199716330
0.198339701
0.198917150
0.198885441
0.200098276
0.199642897
0.198703289
0.066898823
0.194095135
0.200666904
0.199129105
0.198356390
0.197235823
0.199200630
0.198222876
0.198055029
0.199011564
0.066921949
0.198998213
0.198276043
0.198575497
0.198761463
0.198378325
0.198954821
0.200154305
0.199901819
0.199833870
0.067420959
0.194210768
0.200399399
0.197874784
0.196920395
0.199326992
0.198374748
0.198441029
0.198420048
0.200330496
0.067437887
0.198761940
0.197994471
0.199380636
0.199888945
0.198558092
0.199004889
0.200228453
0.199207544
0.200135469
0.067464590
0.193359137
0.199275017
0.198244572
0.198402643
0.198264360
0.198394060
0.200183630
0.199631691
0.199695349
0.067378521
0.197790861
0.198609352
0.198419571
0.198323965
0.198319674
0.198446274
0.198524714
0.200473070
0.199039459
0.066899776
0.197192669
0.198269129
0.198857784
0.198275328
0.199929953
0.199783325
0.199930668
0.199607134
0.198354483
0.066884995
0.199172258
0.198494434
0.198372126
0.198374987
0.198340416
0.197538376
0.199016809
0.197660685
0.199022055
0.066846132
0.198109627
0.198381186
0.198262691
0.198437691
0.197113752
0.197090387
0.198003292
0.198670864
0.198430300
0.066948652
0.193374157
0.197884083
0.199235201
0.198043346
0.196960688
0.198737860
0.198289633
0.198240995
0.198473930
0.066940784
0.198685169
0.197471619
0.198758602
0.198528290
0.198446512
0.198375702
0.198542118
0.198396683
0.197561741
0.067430973
0.198827744
0.198499680
0.200040817
0.199790716
0.198245764
0.198356152
0.198263645
0.197921515
0.198125601
0.066515923
0.196107626
0.199326515
0.198408127
0.198390722
0.198183537
0.197984457
0.199239254
0.197920561
0.198935986
0.066961050
0.198134422
0.197971582
0.198555708
0.198035002
0.198513985
0.199359179
0.200087309
0.198564053
0.198661566
0.067821026
0.193837643
0.199032307
0.197917461
0.200683117
0.199537039
0.198343992
0.198546410
0.198364019
0.198288918
0.066935301
0.199931860
0.198012352
0.198371172
0.198313951
0.198313951
0.199066162
0.200165272
0.199951172
0.199728727
0.067209482
0.197427273
0.200670719
0.199098110
0.198415995
0.198628426
0.198391199
0.198535442
0.198390245
0.198351860
0.067235708
0.199013472
0.200218201
0.199917793
0.200010300
0.200008869
0.199687004
0.199811935
0.199874640
0.199905872
0.066918373
0.200662136
0.199018240
0.200271606
0.200159073
0.199757099
0.199129343
0.200440645
0.199206591
0.198444128
0.066895247
0.199488878
0.198884010
0.200381041
0.199894905
0.199901581
0.199835062
0.201253891
0.201308250
0.199746132
0.067431450
0.200059652
0.198529243
0.198974133
0.199832201
0.199884892
0.199862242
0.199791908
0.199749470
0.199802876
0.067415237
0.194155455
0.200336933
0.199482679
0.198271751
0.198373079
0.198416233
0.198461056
0.200341940
0.199696541
0.067688704
0.200231075
0.198523760
0.199715376
0.199636936
0.199992657
0.198335171
0.198423147
0.198337078
0.198991537
0.067640066
0.196661234
0.200440168
0.199204683
0.200601816
0.199153900
0.198368549
0.200558901
0.199434996
0.198484421
0.066953182
0.199512243
0.200412750
0.200242996
0.199889183
0.199941397
0.199904919
0.199974060
0.199830532
0.199883223
0.066968203
0.199422359
0.197580338
0.198826551
0.198533058
0.200273037
0.199912786
0.198811769
0.198254347
0.200433254
0.066949129
0.198777676
0.198273897
0.200469971
0.199683428
0.199890614
0.199734688
0.199791431
0.199776649
0.198261499
0.066945076
0.198955059
0.198335171
0.198640347
0.198434353
0.197729588
0.197019339
0.196967125
0.199363470
0.197879076
0.067100048
0.198731661
0.198416233
0.198424339
0.198498487
0.198431730
0.198328733
0.198257208
0.198370457
0.198375463
0.066972733
0.194175959
0.197724581
0.196960926
0.196983337
0.196850061
0.196914434
0.198689222
0.198599577
0.200158596
0.067441225
0.199830770
0.197759151
0.198610783
0.198113203
0.198220730
0.197831631
0.197057247
0.196891308
0.197012424
0.066429377
0.199043751
0.198421955
0.198631287
0.196870804
0.196820498
0.197114468
0.197798491
0.198533297
0.198323488
0.067035437
0.194597721
0.198878288
0.198213339
0.199190617
0.198337555
0.199073315
0.198420048
0.198443890
0.198275566
0.066968679
0.198922396
0.198502064
0.198370934
0.198291302
0.198473454
0.198346853
0.197795153
0.199127674
0.197743177
0.067146778
0.198355436
0.199044943
0.199300289
0.198202133
0.198429823
0.198303461
0.197169304
0.197669744
0.198429108
0.066944599
0.193384409
0.197680712
0.196948767
0.199098349
0.198461056
0.198352098
0.198913336
0.198366165
0.200062513
0.067386627
0.199306250
0.197487831
0.198742628
0.198265553
0.198498011
0.197944880
0.199224949
0.197894812
0.199093819
0.066951036
0.199232340
0.198520184
0.198330402
0.198376179
0.198537111
0.197124481
0.196945190
0.198037148
0.200154781
0.067194462
0.193866253
0.197652340
0.198956490
0.198363066
0.199083328
0.198261976
0.198521376
0.200307608
0.199808836
0.066974878
0.198562622
0.197685719
0.198907375
0.198312283
0.198533535
0.198394775
0.198351145
0.197956324
0.199023247
0.066946507
0.197468281
0.198670387
0.198293924
0.198279858
0.199952126
0.199752092
0.198285580
0.198267937
0.198272228
0.066927910
0.195368528
0.199242353
0.197788000
0.196881056
0.199100971
0.197778225
0.197067976
0.196981430
0.199107170
0.066965103
0.200173140
0.197109699
0.197886467
0.198574781
0.198648691
0.198765755
0.200013399
0.198793411
0.198324442
0.066944361
0.194769382
0.198391438
0.198230505
0.198465824
0.198130131
0.199919939
0.199795246
0.198263884
0.198431969
0.066942692
0.198450565
0.198451996
0.198516130
0.198479414
0.197586536
0.196830750
0.197025061
0.199271679
0.198044777
0.066854477
0.198514462
0.198392868
0.198528767
0.197011471
0.197328806
0.196902037
0.196916103
0.197318554
0.198601007
0.066948414
0.194008589
0.196321249
0.197590828
0.197111368
0.197098255
0.196852922
0.198522568
0.198423386
0.197128773
0.066384554
0.194540501
0.196406603
0.195428133
0.195614576
0.195571184
0.195696115
0.197792530
0.196823359
0.196841717
0.066305399
0.194027901
0.196510077
0.195353270
0.196506500
0.195285797
0.196309566
0.195581675
0.197203875
0.196866512
0.066410542
0.194023848
0.195182085
0.196382999
0.195793152
0.195428371
0.194328070
0.194100618
0.196429014
0.195571423
0.066028118
0.193641663
0.195173502
0.194390774
0.194267750
0.194255590
0.196135759
0.195513964
0.197226763
0.197059631
0.066450357
0.194109201
0.192936182
0.195925474
0.195815325
0.195969105
0.195624828
0.195748329
0.194322348
0.194214344
0.065561771
0.194303989
0.194106579
0.193880081
0.194360018
0.193507195
0.194425821
0.194258451
0.194133282
0.194501400
0.065383196
0.193831682
0.193217993
0.193226814
0.193126202
0.192857981
0.193201065
0.192753077
0.192999363
0.192887068
0.065081835
