1.846575022
1.853605270
1.850747108
1.857285500
1.850078821
1.850347042
1.855567455
1.880512476
1.892195225
1.922059298
1.919864416
1.931861639
1.941548109
1.941250324
1.947175264
1.944853783
1.947377443
1.940645933
1.950149059
1.940666199
1.929699898
1.926851511
1.897238731
1.909648418
1.893661737
1.883056164
1.886354446
1.875639200
1.875907183
1.871952772
1.878745079
1.887059450
1.896531343
1.900537729
1.896675825
1.900268316
1.912135363
1.909533024
1.900511980
1.904800415
1.906144142
1.916119099
1.909894228
1.917435408
1.906847715
1.916079521
1.905963182
1.912170410
1.902550220
1.913768053
1.909243107
1.904066086
1.917624235
1.902103662
1.916368723
1.894493818
1.912876129
1.915915966
1.905252457
1.919511080
1.905795336
1.922638178
1.903702736
1.917395353
1.913459301
1.921458960
1.926242828
1.916198492
1.911992550
1.914986849
1.917164087
1.918973684
1.911775351
1.896919250
1.902618408
1.917790890
1.899558306
1.897855997
1.905638218
1.908581972
1.905070066
1.900377035
1.900352478
1.906035423
1.903141022
1.916159391
1.906250238
1.900228977
1.903576374
1.902391672
1.905458212
1.905183315
1.900887728
1.890812635
1.884808302
1.878682852
1.874870062
1.874340296
1.861727953
1.859477758
