0.051228523
0.051604748
0.051284790
0.051214695
0.051211596
0.051228046
0.051290512
0.051251411
0.051235676
0.051266432
0.051320791
0.051342010
0.051307440
0.051289797
0.051297188
0.052329063
0.052385569
0.052034378
0.052003622
0.051645279
0.051639080
0.051303864
0.051294088
0.051248789
0.051244497
0.051236391
0.051332474
0.051312685
0.051385403
0.051354885
0.051431656
0.052063465
0.052193880
0.051904917
0.051891088
0.051768780
0.051646709
0.051415920
0.051337719
0.051356792
0.051637411
0.051453114
0.051383018
0.051425934
0.051511526
0.051456213
0.051463366
0.051350117
0.051445484
0.051354647
0.051369429
0.051377535
0.051403046
0.051445961
0.051503897
0.051371336
0.051321983
0.051329374
0.051392794
0.051387072
0.051366806
0.051318169
0.051325083
0.051348686
0.051378489
0.051336765
0.051477432
0.051433086
0.051336527
0.051314116
0.051310539
0.051406145
0.051375866
0.051332474
0.051325798
0.051381350
0.051356077
0.051344156
0.051357269
0.051340818
0.051329374
0.051328421
0.051331282
0.051340103
0.051325083
0.051311255
0.051357031
0.051372528
0.051448107
0.051381588
0.051351786
0.051421165
0.051394224
0.051325560
0.051417351
0.051319122
0.051299572
0.051288843
0.051286697
0.051371098
