0.041734695
0.030543089
0.031009436
0.031079531
0.030750513
0.030852318
0.030793905
0.030909061
0.030844212
0.030698299
0.030764103
0.031446695
0.032577276
0.032623291
0.032511234
0.032384634
0.032422304
0.031713247
0.030441046
0.030592442
0.030840635
0.031336784
0.032650232
0.032646894
0.032755613
0.032508850
0.032552719
0.032734871
0.034723520
0.034698486
0.034640789
0.034217834
0.034389257
0.033136845
0.030802965
0.027278423
0.030374050
0.030310392
0.031151056
0.030941963
0.031041384
0.030982733
0.030752897
0.031073809
0.032494307
0.032641411
0.032620907
0.032411098
0.032463312
0.032759428
0.034522295
0.034473419
0.034491777
0.030495882
0.030462265
0.030787230
0.030858040
0.030911207
0.031060219
0.031708479
0.032744408
0.032561779
0.032564640
0.032490730
0.032594442
0.033206701
0.034790993
0.034830093
0.034597874
0.034393072
0.034381151
0.029265404
0.030867577
0.030018568
0.031012535
0.032292366
0.033444405
0.033113480
0.033172846
0.032991171
0.032901525
0.031450748
0.030700207
0.030678511
0.030730724
0.030547619
0.030514002
0.030650139
0.032642603
0.028962135
0.031295300
0.031039953
0.030900240
0.030937195
0.030849457
0.030665636
0.030688763
0.031071186
0.032548666
0.032880545
0.032580853
0.032414198
0.032417774
0.032495499
0.034439802
0.034489155
0.034419537
0.030337334
0.030446291
0.030940056
0.030808926
0.030663013
0.030865669
0.030597687
0.032621861
0.032653570
0.032679081
0.032458782
0.032420158
0.032570601
0.033902168
0.034719229
0.034571171
0.034406185
0.034402132
0.030435324
0.030600786
0.031036854
0.031409740
0.032299042
0.033720970
0.033535480
0.033629894
0.033504963
0.033329725
0.031970978
0.030900717
0.030492067
0.030664921
0.030835152
0.030704021
0.030613422
0.031147957
0.028721571
0.030947447
0.034297943
0.031882763
0.030789614
0.030803919
0.030922890
0.030794859
0.030768394
0.031141281
0.032246828
0.032337904
0.032327414
0.032234669
0.032379866
0.032155275
0.034627676
0.034627438
0.030716181
0.030433655
0.030415058
0.031040430
0.031253099
0.030962706
0.031091213
0.032381535
0.032632828
0.032563210
0.032453775
0.032367229
0.032368422
0.032411814
0.032381535
0.032219410
0.032238722
0.032224178
0.028574228
0.034152031
0.032312632
0.033491850
0.032853365
0.030787230
0.030719042
0.030826807
0.030771494
0.030586481
0.030500650
0.031887531
0.032412052
0.032423973
0.032276154
0.032186031
0.032257795
0.033298492
0.030700207
0.031399488
0.033802271
0.030956745
0.030675173
0.030668497
0.030680656
0.030522823
0.030824661
0.031882763
0.033329487
0.033213139
0.033166409
0.033122301
0.033030510
0.033010721
0.030938148
0.030656576
0.027184248
0.030525923
0.030745745
0.030777216
0.030674458
0.030673981
0.030639410
0.030531883
0.032614946
0.032655478
0.032655478
0.032686949
0.032472610
0.032520771
0.034332991
0.034441710
0.034482479
0.034190416
0.030354977
0.030576468
0.030601025
0.030858994
0.030885935
0.031141996
0.032877445
0.033149004
0.033241749
0.033148527
0.033077478
0.032745838
0.030974150
0.030679703
0.030698061
0.030625105
0.030499697
0.031033039
0.028395653
0.030444622
0.030695677
0.031314611
0.031695366
0.031875849
0.032199860
0.031595230
0.031635523
0.032570839
0.033888578
0.033831120
0.033878803
0.033805847
0.034135103
0.032519579
0.030732632
0.030883551
0.027312994
0.030371428
0.030703068
0.030755281
0.030690908
0.030659676
0.030638218
0.032216549
0.032651901
0.032595873
0.032453775
0.032490253
0.032426119
0.033786297
0.034476757
0.034458160
0.034351826
0.034263849
0.030452490
0.030941725
0.033291340
0.033481121
0.031334162
0.030857086
0.030866146
0.030849695
0.030886173
0.030931473
0.030979872
0.032463551
0.032427073
0.032382965
0.032184839
0.032403231
0.032399893
0.033122301
0.030528069
0.030373335
0.030512333
0.031157732
0.030837774
0.030688763
0.030676603
0.030513287
0.030497313
0.032570839
0.032645226
0.032646418
0.032423735
0.032626629
0.032464743
0.034316063
0.034436464
0.034473419
0.030504704
0.031347513
0.030679941
0.030889988
0.030684710
0.030690432
0.031897306
0.032981157
0.032845497
0.032861710
0.032654762
0.032627821
0.031778812
0.030736685
0.030665636
0.030688286
0.030689240
0.030521154
0.027016640
0.030683041
0.034665585
0.034597397
0.034026146
0.030783176
0.030857563
0.030796051
0.030821800
0.030713558
0.031003475
0.032022476
0.033330917
0.033307552
0.033298016
0.033193588
0.033602953
0.033902645
0.030690193
0.030473709
0.030674934
0.030934811
0.030972242
0.030708551
0.030649662
0.030685425
0.030589819
0.032444477
0.032634020
0.032619238
0.032388210
0.032390594
0.032650471
0.032414913
0.034436464
0.034461021
0.030537367
0.032097578
0.030518770
0.030804873
0.030870676
0.030727863
0.030821800
0.031112909
0.032359600
0.032432318
0.032427788
0.032314301
0.032229900
0.032319307
0.034471273
0.034403324
0.034430504
0.034195900
0.030321121
0.030525684
0.030170679
0.030859232
0.030751228
0.033013344
0.033159733
0.033222198
0.033095360
0.033021212
0.033004284
0.032441378
0.030739784
0.030653000
0.030740261
0.030625820
0.030525923
0.030632734
0.028282404
0.030511618
0.030236244
0.031136274
0.030978680
0.030730009
0.030784845
0.030678511
0.030518770
0.031344652
0.032885551
0.032707691
0.032618046
0.032335997
0.032358170
0.032758713
0.034632206
0.034633398
0.030740738
0.031375408
0.030961275
0.030933142
0.030919790
0.030876637
0.031560421
0.032711267
0.032698393
0.032612324
0.032498598
0.032594204
0.032842875
0.032776356
0.032695770
0.032730103
0.032819510
0.032537460
0.028603554
0.030513287
0.034486532
0.033883810
0.031017303
0.030948162
0.030942202
0.031217337
0.031070471
0.031056643
0.032723427
0.032958984
0.032814503
0.032825708
0.032685041
0.032538176
0.034083366
0.034674883
0.030724525
0.030556440
0.030525208
0.031158924
0.031108618
0.030895472
0.031024694
0.032270432
0.033375502
0.033127785
0.033061266
0.033125162
0.033051968
0.032057285
0.030866623
0.030698538
0.030806780
0.030827284
0.027306080
0.030348301
0.030970812
0.031330824
0.033529997
0.033933163
0.033650398
0.033648968
0.033344984
0.033058643
0.030874968
0.030932665
0.031033039
0.030998945
0.030945063
0.030759096
0.032135725
0.032859087
0.029074907
0.030683994
0.030998945
0.031253815
0.031130791
0.031064272
0.030892611
0.031202078
0.032154560
0.032265663
0.032215357
0.032111883
0.032149076
0.032220364
0.034617186
0.034642696
0.034746170
0.034429550
0.030483961
0.030591726
0.030857086
0.030971289
0.031293631
0.032739401
0.033078671
0.033045053
0.032720804
0.032821417
0.032668114
0.031730413
0.030980349
0.030653954
0.030875683
0.030770063
0.030826569
0.030820370
0.029188156
0.030394793
0.030472994
0.031289577
0.032032013
0.031887770
0.031962395
0.031704664
0.031796694
0.032239676
0.034063578
0.034268856
0.034095287
0.033781290
0.034169436
0.032952309
0.030907154
0.030897141
0.027419806
0.030493259
0.030099392
0.030869961
0.030686140
0.030752659
0.030715466
0.032804012
0.033107758
0.032798290
0.032707453
0.032647610
0.032639742
0.031100750
0.030906677
0.030895233
0.031015396
0.030898571
0.027271748
0.030872822
0.034737825
0.034467220
0.031076670
0.030634165
0.030669689
0.030659914
0.030524254
0.030498505
0.031066656
0.032118082
0.032214642
0.032161474
0.032130957
0.032094479
0.032076120
0.034434080
0.030566931
0.030611515
0.032458305
0.034596205
0.034037352
0.033885479
0.033910036
0.033942938
0.031257391
0.030758858
0.030710697
0.030698776
0.030520916
0.030716419
0.031054735
0.032256126
0.032407761
0.032217979
0.028469324
0.031209469
0.033932686
0.034445047
0.034469128
0.033221245
0.030806065
0.031010151
0.031041622
0.030977964
0.031056166
0.031275749
0.031184196
0.032637358
0.032740831
0.032733202
0.032492876
0.032360554
0.028708220
0.030883551
0.032458544
0.031214237
0.031105042
0.031018257
0.030727625
0.030599594
0.030675173
0.032494068
0.032553434
0.032619238
0.032560110
0.032249689
0.032738447
0.033916235
0.034516335
0.034640789
0.030451059
0.032212257
0.030803204
0.031044483
0.030972958
0.030775785
0.031111002
0.032644987
0.032871962
0.032637119
0.032552242
0.032549381
0.032747507
0.034646511
0.034605503
0.034468651
0.034322500
0.034361124
0.030020237
0.030999660
0.034788609
0.031623363
0.030926466
0.030677557
0.030727625
0.030650854
0.030770540
0.031204700
0.032411098
0.032435417
0.032495022
0.032292128
0.032388926
0.032769680
0.034651279
0.034611464
0.030756712
0.030240297
0.030424595
0.031267166
0.031225681
0.031082153
0.031114340
0.032646656
0.032740116
0.032791376
0.032618046
0.032586336
0.032601595
0.034781933
0.034780979
0.034710884
0.034365654
0.034221649
0.029956579
0.030689001
0.030896187
0.031732082
0.031691074
0.031716108
0.031594276
0.031554937
0.031507969
0.032837391
0.034041405
0.033894539
0.033890963
0.033818960
0.033666134
0.033644438
0.030820131
0.030629873
0.027135372
0.031651258
0.030504704
0.031105995
0.031188965
0.030944586
0.031327009
0.032486677
0.032693863
0.032667160
0.032789707
0.032656431
0.033127069
0.030990601
0.031016350
0.030889034
0.030932665
0.030804873
0.027253151
0.030713797
0.033351183
0.032904387
0.030981541
0.030873775
0.030863285
0.031020880
0.031158447
0.031167746
0.032884121
0.032858610
0.032823801
0.033099413
0.032973528
0.032896042
0.033038378
0.034657717
0.030765533
0.030902386
0.030960083
0.030956984
0.030890226
0.030892134
0.030827045
0.032257080
0.033217192
0.032942295
0.032697201
0.032910109
0.032732964
0.033807516
0.034721375
0.034648418
0.034570456
0.034400702
0.030512094
0.030853987
0.030455351
0.031085491
0.031950951
0.031956196
0.031968832
0.032033205
0.032194853
0.032256842
0.032929182
0.034618855
0.034840822
0.034684181
0.034411430
0.034462690
0.032273769
0.030694485
0.027166128
0.030769348
0.030302286
0.030887604
0.031007051
0.031024694
0.030961275
0.030891180
0.032223225
0.032827139
0.032804489
0.032699347
0.032674551
0.032786131
0.033921957
0.034639359
0.034654617
0.034458876
0.030467510
0.030844927
0.030954838
0.030921936
0.031398773
0.032602072
0.032633781
0.032899857
0.032647848
0.032730341
0.032580853
0.031450987
0.030939817
0.031035423
0.030855894
0.030545235
0.030684233
0.030814409
0.029160023
0.030744076
0.032068014
0.034378052
0.034020185
0.033759594
0.033359289
0.033370733
0.031415701
0.030897856
0.030875444
0.031224012
0.031016588
0.030994177
0.031182528
0.032674074
0.032694817
0.032691002
0.028896093
0.031451464
0.030306578
0.031147003
0.031074762
0.031654119
0.033230543
0.032852173
0.032753229
0.032877684
0.032702446
0.033361912
0.034824848
0.034904957
0.034590483
0.034384727
0.034472704
0.032300234
0.027427673
0.030330896
0.034001589
0.034669399
0.034718275
0.034482241
0.034450531
0.033874273
0.030936480
0.030982971
0.030867815
0.030929089
0.031239510
0.030987024
0.031884670
0.033271551
0.032977343
0.032644272
0.029006481
0.030681610
0.030397892
0.031064510
0.030937672
0.031450987
0.032692194
0.032849789
0.032801151
0.032536030
0.032652855
0.032424450
0.030773640
0.030824661
0.030868292
0.030892134
0.030817032
0.030723810
0.028488398
0.030930042
0.030945539
0.031024694
0.030955791
0.030748844
0.030658484
0.030748844
0.031378746
0.032543659
0.032529354
0.032517910
0.032372236
0.032270432
0.032835722
0.034456253
0.034430504
0.034385204
0.030282021
0.033186913
0.031147003
0.030812502
0.031017780
0.030888557
0.032994270
0.033118486
0.033035994
0.033150434
0.032850742
0.033119202
0.030913353
0.030744553
0.030954599
0.030943155
0.030918121
0.030712605
0.027748823
0.030735731
0.032772779
0.034062386
0.034611940
0.034542561
0.034706593
0.034725666
0.034550667
0.030886650
0.030797482
0.030974865
0.030998468
0.030896902
0.030888319
0.030749083
0.032316208
0.032628775
0.028930902
0.030772924
0.030400753
0.031054020
0.031020403
0.030934572
0.033225775
0.033332825
0.033314943
0.033244610
0.033230782
0.033221006
0.031138182
0.030862093
0.030898571
0.030981541
0.030785799
0.030664206
0.027762175
0.031574488
0.034263372
0.032226086
0.030879498
0.030857801
0.030927896
0.030766726
0.030793428
0.030820608
0.031675577
0.032688379
0.032486439
0.032384157
0.032341003
0.032254934
0.033169031
0.034688711
0.030784607
0.030386448
0.030334949
0.031081676
0.030931473
0.031047344
0.031027317
0.031580687
0.033097982
0.032658100
0.032566071
0.032503843
0.032418489
0.033128738
0.034624338
0.034628153
0.034627676
0.034362078
0.030425310
0.030506134
0.030987024
0.031111240
0.033673763
0.033958435
0.033553123
0.033504963
0.033700228
0.033439398
0.030969858
0.030720234
0.030933380
0.030866146
0.030904531
0.030756474
0.030771494
0.032906532
0.029112577
0.030766249
0.030774593
0.030820847
0.030825138
0.030717611
0.030750513
0.031087875
0.031950235
0.033228636
0.033246994
0.033256531
0.033298492
0.033388138
0.032106638
0.031181097
0.031065464
0.030836582
0.027390242
0.030415535
0.030335188
0.031041384
0.031203270
0.033564568
0.033696890
0.034040689
0.033997774
0.033449411
0.033363342
0.031865597
0.030869246
0.030783415
0.031032801
0.030905008
0.030958652
0.030803442
0.029358149
0.030792475
0.030875921
0.030990124
0.031088829
0.031013250
0.030811787
0.031141043
0.032084703
0.033318758
0.033003092
0.032985449
0.033123493
0.033088923
0.033882618
0.034768820
0.034809589
0.034597158
0.030529737
0.030726671
0.030541420
0.031233788
0.030848026
0.031821251
0.033256292
0.033096075
0.033035278
0.033118248
0.032845736
0.031980753
0.030901432
0.031026363
0.031058788
0.030709743
0.030905247
0.030869722
0.029073238
0.032647610
0.032165527
0.031051159
0.030911446
0.030992270
0.031101704
0.030686855
0.031244040
0.032659292
0.032783985
0.032697678
0.032497883
0.032528877
0.032967567
0.034650087
0.034668684
0.034656286
0.030535460
0.030399084
0.030341387
0.030972719
0.030951500
0.031002998
0.032303810
0.033544779
0.033066273
0.032823563
0.032877922
0.032771349
0.031421900
0.030838013
0.030887365
0.030944347
0.030756950
0.030770779
0.027202845
0.032453060
0.034428835
0.031705618
0.030861378
0.030750036
0.030888557
0.030958176
0.030857563
0.030920029
0.032807589
0.032703638
0.032499075
0.032430887
0.032315731
0.032354593
0.034612417
0.034662247
0.030745745
0.030413389
0.030318260
0.031293392
0.030880690
0.030810595
0.030926943
0.031726122
0.032941103
0.032778263
0.032870531
0.032579422
0.032604933
0.033323050
0.034646749
0.034630537
0.034547806
0.034311056
0.030489922
0.030663967
0.030808926
0.030974388
0.033450365
0.033412457
0.033312559
0.033194065
0.033273935
0.033250093
0.031122684
0.030839443
0.030866146
0.030849934
0.030960321
0.030773401
0.030772924
0.032454491
0.029124260
0.030326843
0.030453682
0.031254768
0.031048775
0.031052828
0.030886889
0.030877352
0.032894850
0.033042431
0.033098221
0.032917976
0.032843828
0.032914400
0.034597635
0.034816742
0.034676313
0.034372330
0.030551910
0.030830622
0.030914307
0.031177759
0.032032251
0.034027815
0.033784389
0.033570766
0.033544540
0.033515692
0.033348083
0.030801535
0.030764818
0.030862570
0.030885220
0.030925989
0.030718803
0.031536818
0.029080153
0.032515287
0.032007217
0.030931950
0.030908823
0.030920029
0.030833244
0.030747414
0.031395912
0.032609463
0.032648325
0.032562017
0.032470942
0.032335997
0.033022642
0.034616232
0.034664154
0.034556866
0.030501604
0.030631304
0.030266523
0.031093121
0.031031609
0.031594515
0.032928705
0.032896280
0.032762289
0.032725096
0.032573700
0.032580614
0.031274796
0.030834913
0.030848980
0.030887127
0.030862570
0.030878782
0.027232885
0.030705214
0.032717228
0.033945560
0.034127951
0.034153461
0.034281254
0.034202576
0.034134388
0.030997753
0.030637980
0.030831099
0.030810595
0.030926466
0.030761719
0.031400442
0.032612085
0.032614946
0.028937340
0.030419588
0.030743599
0.031073570
0.030980349
0.030964136
0.030925035
0.032097101
0.033153057
0.032994986
0.032678366
0.032695055
0.032843113
0.034048080
0.034682512
0.034655094
0.034507036
0.034411192
0.030562162
0.030942678
0.032325506
0.033582211
0.034777403
0.035123587
0.034631968
0.034534693
0.034460306
0.032097101
0.031021833
0.030815125
0.030708551
0.030730486
0.030811071
0.031008244
0.033170938
0.033305645
0.029210567
0.030733585
0.030453682
0.031039000
0.030974627
0.030904055
0.030924559
0.031933308
0.033330441
0.032981396
0.033278942
0.033024073
0.032925844
0.033667803
0.034723043
0.034633398
0.034542799
0.034366369
0.030518293
0.031135082
0.034460306
0.033947468
0.030936956
0.030945539
0.030902624
0.030922413
0.030850172
0.030766249
0.030925512
0.033184052
0.033210278
0.032678843
0.032589197
0.032872677
0.032847404
0.034758568
0.030705452
0.030502081
0.031137228
0.031308889
0.031105757
0.031202555
0.031194210
0.031234741
0.032669544
0.032743454
0.032940149
0.032701969
0.032644749
0.032618284
0.034709454
0.034660339
0.034683228
0.034371614
0.030463457
0.030591249
0.030417442
0.031147957
0.030979395
0.033621550
0.033631563
0.033361197
0.033461571
0.033289671
0.033226728
0.034673452
0.034723997
0.034646273
0.034535170
0.034492016
0.033575296
0.031029224
0.027477264
0.030558109
0.030641556
0.030993223
0.030902624
0.031011105
0.030863523
0.031391144
0.032798529
0.032835960
0.032764435
0.032637358
0.032679796
0.032963037
0.034723997
0.034720421
0.034615993
0.034540176
0.030639648
0.033843040
0.034540653
0.034653902
0.032430887
0.030861855
0.030888319
0.030911684
0.030777454
0.030648470
0.030713081
0.032766104
0.032989264
0.032706976
0.032606125
0.032555580
0.032606602
0.034595728
0.030832052
0.030708790
0.030567408
0.031207800
0.031092882
0.031554699
0.031145573
0.030718327
0.032657146
0.032898426
0.033022881
0.032830715
0.032670498
0.032708883
0.033437967
0.034799814
0.034720182
0.034680128
0.030580521
0.031316996
0.034716845
0.034872293
0.034339190
0.031087875
0.030909061
0.031038761
0.030904770
0.030936718
0.031017065
0.032166243
0.033634186
0.033526421
0.033366919
0.033277273
0.033229113
0.034178257
0.030643225
0.030690193
0.030200481
0.031057358
0.030873299
0.030859947
0.030873775
0.030793905
0.031148911
0.032354355
0.032435417
0.032518387
0.032273769
0.032241106
0.032174110
0.034574270
0.034614801
0.034560204
0.030477285
0.030615091
0.031021595
0.031130075
0.030946255
0.031103611
0.032519341
0.032627821
0.032769680
0.032469988
0.032538176
0.032483816
0.034585714
0.034595251
0.034663677
0.034389019
0.034439325
0.033491373
0.027350664
0.030873060
0.032135010
0.033058882
0.032779932
0.032804489
0.032836676
0.032827139
0.032866955
0.034576654
0.034929991
0.034612894
0.034376621
0.034358978
0.034214973
0.031025887
0.030686617
0.030839205
0.027462244
0.030375719
0.034474134
0.034629583
0.034714222
0.032336473
0.030870438
0.030878067
0.030906200
0.030857563
0.030723095
0.030896664
0.031074524
0.032655954
0.032692909
0.032531738
0.032484531
0.032433748
0.029248953
0.030413628
0.030797482
0.031384468
0.031495810
0.031532764
0.031280279
0.031576157
0.031215429
0.032116652
0.033785343
0.033610344
0.033613205
0.033630371
0.033431053
0.032266855
0.030835390
0.030906439
0.027439356
0.030524254
0.030802250
0.030894279
0.030817032
0.030808449
0.030652285
0.032824993
0.032773972
0.032755852
0.032581329
0.032584190
0.032546759
0.032912016
0.034746408
0.034673929
0.034627438
0.034434080
0.030494690
0.030790091
0.033051491
0.033335447
0.032840252
0.032827377
0.032927275
0.032712221
0.032781124
0.032875299
0.034090757
0.034719706
0.034785032
0.034572840
0.034446955
0.034393072
0.031361580
0.030849695
0.027361155
0.030537367
0.030346394
0.031377316
0.030992985
0.030989170
0.031004906
0.031202555
0.033194542
0.033313513
0.033299685
0.033133268
0.033131599
0.033118486
0.034517288
0.034556150
0.034696579
0.034417868
0.030443430
0.030736446
0.034626722
0.034650564
0.032223940
0.030788422
0.031024218
0.030970812
0.030776501
0.030762911
0.031067371
0.032332420
0.032489777
0.032378197
0.032420635
0.032189369
0.032245398
0.034489155
0.030611038
0.030503988
0.032561779
0.034523487
0.034269333
0.033964872
0.033907175
0.033820629
0.030916691
0.030851603
0.030671835
0.030576468
0.030881166
0.030645609
0.031004906
0.032359123
0.032407045
0.032468557
0.028639078
0.032554865
0.034490585
0.034465313
0.034344435
0.033127546
0.030928135
0.030839682
0.030875683
0.030825138
0.031062126
0.030919552
0.032918215
0.033379793
0.033344030
0.033206224
0.033140182
0.033149004
0.030392885
0.030508757
0.030908108
0.031145811
0.033015490
0.033137321
0.033121109
0.033128262
0.033248425
0.032854080
0.030753136
0.030671120
0.030653715
0.030520439
0.030653238
0.030847073
0.031965256
0.033375978
0.029554129
0.030489922
0.030788183
0.031056166
0.030938387
0.030957699
0.031504393
0.032773018
0.032794952
0.032634020
0.032640934
0.032566547
0.032894611
0.034117937
0.034790039
0.035264730
0.035055399
0.034829617
0.030467272
0.030992985
0.034865856
0.031639099
0.030961752
0.030848265
0.030767679
0.030755997
0.030667543
0.031372309
0.032874823
0.032648325
0.032706022
0.032504559
0.032590628
0.033115387
0.034758329
0.035052538
0.030705929
0.030663967
0.030639172
0.030873060
0.030674219
0.030926466
0.031436682
0.032803774
0.032699347
0.032620192
0.032575369
0.032552481
0.033020020
0.034520864
0.034790277
0.034545660
0.034470797
0.034478426
0.029324293
0.030781984
0.030142784
0.031034231
0.031725168
0.031744719
0.031732321
0.031659126
0.031924963
0.031942606
0.034350395
0.034459114
0.034426451
0.034170628
0.034187317
0.033899546
0.030778170
0.030794144
0.027133703
0.030632973
0.030926466
0.031071424
0.030854940
0.030912638
0.031022310
0.031309605
0.032580137
0.032392502
0.032412767
0.032320261
0.032201529
0.032303095
0.034444809
0.034432411
0.034444332
0.034256220
0.030378819
0.030496359
0.030689240
0.031021357
0.030847549
0.032001019
0.033438206
0.033517361
0.033442736
0.033207893
0.033553839
0.032040119
0.030896187
0.030521631
0.030909300
0.030887604
0.030867815
0.030693054
0.027522564
0.030810118
0.033506632
0.034613132
0.034328938
0.034439802
0.034308910
0.034042597
0.034249306
0.030997038
0.030682325
0.030872583
0.030910492
0.030859232
0.030652046
0.031448126
0.032577515
0.032332897
0.028677940
