0.659943581
0.664232969
0.646691322
0.669486046
0.646907330
0.657940865
0.656950235
0.647675276
0.665710688
0.650375128
0.654357910
0.646285295
0.658264399
0.646535635
0.659050465
0.653940678
0.653584242
0.658723831
0.637909651
0.651725769
0.650827169
0.659722567
0.648193359
0.655444860
0.666738749
0.666262865
0.656307220
0.654176235
0.672870159
0.642343283
0.657953262
0.644963264
0.655203342
0.657334089
0.658791780
0.666953564
0.670827627
0.662964344
0.674706936
0.671615839
0.653830051
0.665719509
0.676110029
0.667943001
0.661671400
0.652726412
0.664711952
0.677103519
0.666483164
0.652305603
0.663266897
0.650371075
0.669857740
0.655839443
0.660371780
0.671266079
0.652716160
0.645487547
0.658255100
0.670203209
0.657428741
0.658118248
0.654189825
0.668292999
0.669389009
0.652977467
0.667376757
0.659869909
0.665711880
0.651464701
0.663045645
0.675516367
0.672650576
0.674110174
0.666071653
0.669872999
0.674966097
0.670942545
0.668027163
0.668044806
0.671947479
0.657066822
0.667016745
0.665710688
0.664415121
0.656938314
0.665881157
0.675606966
0.669146299
0.658081055
0.652130604
0.658560514
0.650774002
0.680926085
0.664148569
0.662117004
0.656688690
0.656151533
0.648267746
0.667000771
