0.009604692
0.008754969
0.008769035
0.008846045
0.008783579
0.008836031
0.008712053
0.008700848
0.008744955
0.008769989
0.008758545
0.008735657
0.008730888
0.008757591
0.008724928
0.008841276
0.008810759
0.008772850
0.008833408
0.008830309
0.008942604
0.008913279
0.009024858
0.009217739
0.010653496
0.010732174
0.010677099
0.010749817
0.011026382
0.010820150
0.010567188
0.010612011
0.010474682
0.010479212
0.010554075
0.010471106
0.010395765
0.010312319
0.010400295
0.010439396
0.010349035
0.010505199
0.010446072
0.010520935
0.009050369
0.008931398
0.008943796
0.008806705
0.008831739
0.008771658
0.008717537
0.008719683
0.008655787
0.008716106
0.008723021
0.008723736
0.008650780
0.008678436
0.008748531
0.008713484
0.008733273
0.008750677
0.008716345
0.008713484
0.008745432
0.008741617
0.008721828
0.010386229
0.010433435
0.010381460
0.010401726
0.010367393
0.010402441
0.010397196
0.010355473
0.010395050
0.010396957
0.010309458
0.010269403
0.010341406
0.010273695
0.010285616
0.010322094
0.010312557
0.010309935
0.010318518
0.009138823
0.008744240
0.008759260
0.008767605
0.008788824
0.008829832
0.008786917
0.008785486
0.008786440
0.008776188
0.008769274
0.008757353
0.008730888
0.008694887
0.008707285
0.008823872
0.008828402
0.008781433
0.008721828
0.008718729
0.008721352
0.008737564
0.008719444
0.010374069
0.010394096
0.010481119
0.010433674
0.010421991
0.010413885
0.010376692
0.010399342
0.010517120
0.012626171
0.010545492
0.010463238
0.010524035
0.010398626
0.010353804
0.010334730
0.010374546
0.003735542
