0.932376862
0.738275766
0.724873066
0.722667933
0.733785868
0.659473658
0.671924829
0.688329458
0.445890427
0.990879297
0.726941824
0.750907183
0.712443590
0.707546949
0.641263247
0.640055180
0.633218050
0.474502802
0.938083410
0.749468327
0.732327938
0.733561993
0.738933086
0.659458637
0.661435604
0.664678812
0.512282848
0.980297327
0.726882219
0.730854273
0.748279095
0.730850697
0.663365126
0.674964905
0.680170774
0.429867268
0.987821817
0.755358934
0.795742035
0.744021893
0.797687769
0.685409069
0.672739267
0.655575037
0.430210590
0.955290794
0.750010967
0.749340534
0.731696367
0.840236664
0.664031029
0.672004223
0.669345856
0.431678057
0.943672419
0.755694866
0.736981630
0.730603933
0.722681761
0.669235945
0.675355196
0.660314798
0.425783396
0.972630024
0.740022898
0.719602346
0.713510275
0.739379883
0.672021389
0.655177593
0.690993786
0.413682222
0.932218790
0.758880615
0.750493288
0.728189945
0.728932619
0.661226511
0.770017385
0.669843674
0.473336935
0.930839777
0.745942354
0.730084181
0.737968206
0.732667685
0.679755211
0.662162304
0.716097355
0.421103477
0.933938026
0.769593954
0.772090673
0.730596304
0.803560972
0.743910074
0.670062065
0.692402601
0.423936367
0.955753326
0.753713608
0.751004696
0.721070051
0.718365908
0.676526308
0.677807808
0.661810637
0.421529055
0.928904533
0.756950378
0.743654013
0.792672873
0.729733467
0.681750774
0.654378414
0.640353441
0.409557104
0.929626226
0.793388605
0.724979401
0.737692833
0.694953442
0.662558079
0.666603088
0.662876606
0.419153929
0.962938786
0.758882523
0.723374367
0.752355099
0.739715338
0.662265778
0.682373762
0.714148760
0.470540524
0.964247465
0.734408617
0.720439196
0.719794035
0.706562281
0.675446272
0.677289248
0.678032160
0.421149015
0.989618778
0.763817549
0.792724371
0.734708309
0.729807854
0.664170504
0.654531479
0.661126852
0.419610977
0.925033092
0.761868477
0.738136292
0.714020252
0.761216879
0.677590847
0.663916111
0.667690516
0.434667349
0.956853151
0.750346422
0.739676476
0.783730268
0.732113600
0.663346052
0.656980991
0.657586575
0.441797256
0.911563873
0.725976944
0.729698420
0.730537891
0.821798325
0.658566475
0.646923065
0.640283823
0.417469978
0.973609686
0.795357466
0.732680082
0.790232658
0.721660137
0.669029474
0.677887201
0.662538528
0.424458504
0.956128120
0.756740332
0.763962746
0.840798616
0.723536015
0.647350550
0.706985712
0.660849333
0.451019049
0.965563059
0.790025234
0.774116755
0.732781887
0.735923529
0.665225983
0.657923937
0.666106462
0.418944836
0.927442789
0.767303467
0.735572100
0.851257086
0.698443890
0.667374134
0.655898333
0.656902552
0.425538301
0.990388393
0.784476519
0.766713619
0.864673376
0.723092318
0.722080946
0.668820620
0.653181791
0.457920790
0.919545889
0.769772291
0.741621256
0.734632730
0.699621916
0.661950350
0.673442364
0.657525301
0.409887552
0.939770222
0.785041809
0.761587143
0.713855028
0.717581749
0.660932779
0.678331614
0.655242205
0.426470995
0.946486473
0.763172150
0.753870010
0.732796431
0.740943432
0.665601492
0.657524586
0.675522327
0.419890881
0.960814238
0.791990995
0.740514040
0.753825903
0.729264021
0.669981480
0.661967754
0.669718981
0.417254210
0.920860052
0.755748272
0.726392984
0.716380119
0.730554342
0.659360647
0.705252886
0.732611656
0.450953722
0.971333742
0.765418530
0.735837460
0.745398283
0.726064444
0.660388231
0.714111328
0.679124594
0.425462961
0.937014818
0.774886608
0.743812799
0.736959219
0.700579166
0.685371876
0.664179564
0.656671047
0.425429106
0.957048655
0.752548456
0.723381281
0.737577677
0.745871544
0.671625376
0.677591324
0.669028044
0.416578531
1.093770027
0.763950109
0.723268270
0.809795856
0.720732450
0.637345552
0.637486935
0.662207603
0.464504719
0.945468903
0.770098925
0.759925127
0.739828348
0.724341869
0.665644407
0.672945023
0.704617023
0.426620483
0.943606377
0.760287762
0.735434532
0.792358398
0.724493504
0.682668209
0.660724640
0.654723883
0.425823450
0.965751410
0.753886700
0.796287298
0.722551584
0.734811068
0.668234110
0.664285898
0.663556337
0.428487778
0.953304768
0.734956264
0.746331215
0.745382071
0.766438007
0.659346819
0.662718058
0.647169352
0.425524235
0.966602325
0.836664438
0.781471729
0.724649191
0.711009264
0.644043207
0.705541611
0.643470764
0.411174059
0.944352627
0.763444662
0.744597912
0.734122038
0.707581282
0.659846067
0.660432100
0.811423302
0.438319921
1.021632195
0.790244102
0.753481865
0.750366211
0.717804670
0.663489342
0.778831959
0.639647961
0.439004898
0.938624859
0.742412090
0.737479687
0.769727945
0.816703081
0.649430513
0.662620306
0.651908159
0.415490866
0.967792511
0.836580753
0.762380600
0.737845659
0.699447632
0.684588432
0.667847157
0.669367075
0.431053162
0.957140446
0.741114855
0.784868479
0.771172285
0.703052044
0.656791925
0.686695099
0.637231588
0.428516388
1.182680607
0.743278503
0.730652094
0.753127337
0.732954264
0.686089516
0.664395571
0.661517143
0.423189878
0.939718485
0.744011164
0.749831676
0.744365931
0.693002462
0.652499437
0.638489485
0.652840614
0.446527243
0.977026939
0.842184782
0.776501656
0.730047226
0.720101118
0.666781664
0.638878822
0.670668840
0.429560661
0.936663866
0.754629850
0.737041950
0.745307207
0.719270468
0.674310207
0.686845541
0.668261528
0.424112558
0.940814257
0.790543556
0.749724150
0.757121086
0.718137264
0.665447235
0.663215637
0.749385595
0.413703203
0.926755428
0.747731209
0.745808601
0.829782724
0.715404272
0.663934231
0.688752890
0.726638794
0.406441689
0.939244747
0.761305571
0.786788702
0.755858898
0.714912891
0.695287228
0.677501917
0.660832405
0.507071495
0.947594881
0.749861240
0.743072033
0.735342264
0.704512119
0.761582136
0.673614502
0.663111925
0.421664715
1.092883348
0.757087231
0.728983641
0.752835512
0.743674994
0.672999382
0.668836832
0.656229019
0.438450098
0.976865292
0.774718046
0.758307219
0.737131357
0.728455544
0.660177469
0.671815157
0.677623987
0.446573257
0.961594582
0.791835070
0.710955143
0.723604441
0.704203844
0.739392757
0.669727325
0.652603149
0.411273718
0.971764803
0.800165415
0.745575666
0.777361631
0.721288204
0.645413876
0.693122864
0.711352825
0.406432629
0.935541391
0.745174646
0.741993189
0.738962889
0.742808580
0.675861359
0.715275526
0.647598028
0.458726883
1.016633034
0.742946863
0.727634430
0.732443571
0.726798534
0.666853905
0.669896603
0.662834167
0.426336527
0.946563244
0.742450714
0.744153976
0.762991905
0.744633913
0.672814846
0.759305954
0.687783241
0.423362970
0.924719095
0.728853226
0.732507706
0.721852303
0.731595755
0.715088606
0.665459156
0.661657333
0.415156126
0.933722973
0.756691694
0.809423685
0.780791283
0.726299286
0.707080841
0.674955368
0.689280033
0.429927588
0.916757107
0.782166481
0.789456129
0.741393805
0.721949100
0.672867060
0.659941673
0.750273466
0.478904009
0.936432838
0.762281656
0.752133846
0.758519411
0.728286743
0.685467958
0.687212706
0.681603432
0.435936213
0.926428318
0.744897842
0.724707603
0.736616850
0.739280701
0.677029133
0.672052860
0.665088415
0.433143854
0.925981998
0.740840912
0.783303261
0.756641388
0.714666367
0.638354301
0.642187357
0.715339422
0.421158552
0.934674740
0.776702166
0.719151735
0.779359579
0.703912258
0.684247732
0.691030741
0.660673141
0.436743736
0.922889709
0.759612083
0.839306355
0.737374067
0.760936975
0.684007406
0.680595636
0.669481277
0.426172018
0.927924633
0.757582664
0.747490406
0.727383614
0.705133677
0.670432806
0.678163528
0.669104576
0.430649996
0.920201063
0.803601742
0.737702370
0.739335299
0.726465464
0.669112206
0.658803940
0.660823584
0.423528671
0.980354786
0.751914263
0.731624365
0.720072269
0.695893526
0.663852930
0.664202690
0.655617476
0.420243740
1.028817892
0.751943588
0.745255232
0.793577671
0.735939026
0.665719509
0.678886175
0.696895838
0.417301655
1.012370348
0.750113964
0.789050817
0.723732948
0.722966909
0.641296864
0.643683195
0.649261713
0.412176847
0.932468176
0.754925489
0.757203341
0.738396406
0.697667360
0.668562889
0.662950039
0.680075884
0.428384781
0.914297342
0.793810606
0.787076235
0.780894995
0.711275816
0.650815487
0.670552492
0.672437191
0.431415796
0.953821421
0.746248960
0.745976210
0.748694897
0.727856398
0.706533432
0.712415457
0.674136877
0.432861805
0.968154669
0.754532099
0.829189539
0.743607521
0.730577946
0.672922373
0.691521883
0.670237303
0.420732737
0.937635183
0.734041452
0.763223171
0.736292839
0.730091333
0.706737518
0.671413660
0.672035217
0.447417498
0.959491253
0.853123426
0.767157555
0.731346846
0.731774569
0.693074465
0.666670799
0.674420357
0.433800697
0.946196556
0.790799618
0.724523306
0.901421070
0.733881235
0.798692942
0.673609972
0.663211823
0.427571058
0.959482431
0.803458452
0.809235573
0.740881443
0.696919918
0.682103157
0.637030363
0.646433592
0.427193165
0.932737350
0.812838793
0.747599125
0.742773294
0.737840176
0.669325829
0.676991224
0.666895628
0.437870741
0.981528044
0.741905689
0.776750565
0.738549232
0.776383638
0.668766499
0.700141907
0.673725128
0.423597336
0.943584442
0.736192703
0.789184093
0.752637625
0.723281384
0.738375425
0.789251566
0.655668259
0.428448915
1.020697594
0.752229452
0.743263960
0.801701784
0.735274792
0.662625313
0.660404921
0.655704498
0.422857285
0.959754229
0.755763769
0.789868355
0.718892574
0.715424776
0.641754866
0.706206083
0.692398787
0.416450024
0.943194389
0.759728909
0.738594770
0.734260798
0.721076012
0.653531790
0.670655966
0.679602146
0.478049040
1.079338312
0.764699936
0.721548796
0.744976759
0.768084526
0.636992216
0.641888618
0.671256065
0.464540482
0.945963860
0.766369104
0.738440037
0.743404388
0.783885717
0.680545568
0.661769867
0.699134111
0.425024748
0.924166679
0.760163784
0.744131088
0.734176159
0.792610407
0.670837879
0.662015200
0.662079334
0.416558743
0.932267904
0.728822947
0.743582964
0.755931377
0.708924055
0.663081169
0.664415121
0.663637400
0.415681601
0.950643301
0.779845953
0.744128466
0.722346544
0.835601091
0.730406046
0.665525913
0.686756611
0.418084145
0.937704802
0.749290466
0.733256340
0.710877657
0.723031998
0.667280197
0.669246912
0.674743652
0.427574396
0.942395926
0.760249853
0.740731955
0.765870810
0.703215122
0.636802197
0.658969641
0.640852690
0.406411648
1.005282640
0.759822845
0.741655827
0.730419874
0.784673691
0.664841413
0.653306246
0.700065851
0.410203934
0.941738605
0.734722376
0.801319838
0.717977285
0.684003830
0.666431904
0.723293781
0.696068048
0.412801743
0.938899755
0.727241755
0.879315138
0.748112440
0.726377726
0.715361357
0.791750193
0.648908615
0.415598392
0.934423447
0.745118856
0.741994381
0.719824076
0.699619532
0.666183710
0.675311327
0.715131283
0.448316336
0.962112188
0.758708239
0.793599129
0.733338118
0.822903872
0.648893356
0.637111664
0.671731234
0.412696123
0.932704210
0.807089329
0.747465134
0.719762325
0.744269133
0.672559738
0.657922983
0.690898180
0.406014681
0.929950714
0.748789787
0.746406078
0.730459213
0.767258883
0.660092831
0.663635969
0.686808109
0.420171499
