6.662966967
6.641446114
6.753775358
6.726430655
6.895858765
6.831413031
6.697060108
6.681328297
6.840213776
6.730838060
6.904770613
6.700164557
6.709287643
6.659433365
6.835301161
6.666828871
6.774863720
6.714230776
6.752177715
6.655048132
6.817090273
6.881428719
6.767796993
6.755185127
7.009987354
6.635403872
6.714333534
6.723661661
6.767354727
6.768674612
6.794196129
6.688714266
6.716467619
6.878552675
6.780094385
6.741066694
6.766622066
6.713011503
6.799821377
6.827642679
6.921670675
6.750742197
6.821527719
6.739787817
6.948703289
6.636538029
6.827482462
6.720193386
6.820597649
6.823878527
6.861647367
6.768678904
6.878931761
6.800884247
6.734360456
6.834773540
6.768260956
6.745587349
6.852754354
6.661503553
6.877521753
6.884865522
6.790091753
6.682547569
6.711046219
6.757848024
6.848966360
6.674805403
6.711208344
6.646291733
6.889003515
6.707541704
6.688685179
6.775043011
6.812105656
6.846450090
6.773868084
6.882355452
7.026690245
6.772778511
6.791388512
6.846680641
6.936009169
6.822549105
6.770073652
6.751853466
6.861483812
6.811831236
6.734604836
6.642095327
6.894467592
6.662430525
6.630235434
6.823681593
6.747014523
6.965280294
6.711694956
6.804700851
6.748469353
6.718707085
