0.213886023
0.144878626
0.154046535
0.138149738
0.135528803
0.132658243
0.157164812
0.147085428
0.135419130
0.142986774
0.144156933
0.134060383
0.134095192
0.132571936
0.129055262
0.143729925
0.135848284
0.138788939
0.131542444
0.138616562
0.143927813
0.140598536
0.136774302
0.142704487
0.181615353
0.128517866
0.144864798
0.147599936
0.126307964
0.143906832
0.193925858
0.143537760
0.135314703
0.153770924
0.180763006
0.131429911
0.134367943
0.132526875
0.131003380
0.137564898
0.135700703
0.133977175
0.123881817
0.146092415
0.148079634
0.137892485
0.133091927
0.139020443
0.149973154
0.141995907
0.140044928
0.138494730
0.145293713
0.181771755
0.125827551
0.134300709
0.145868063
0.148662567
0.136935234
0.134990931
0.150586128
0.146149874
0.125875711
0.131145239
0.130901814
0.141595840
0.127119303
0.134886980
0.141727924
0.137795448
0.135136127
0.151001453
0.140549660
0.138587713
0.136631966
0.141566038
0.151552200
0.173887730
0.135541916
0.144052982
0.138548374
0.138231993
0.147326708
0.131266356
0.142354012
0.137449503
0.124493837
0.124287605
0.133255005
0.129590273
0.129236698
0.127029896
0.128188848
0.127215624
0.190479040
0.123762131
0.089668989
0.089459181
0.092813253
0.103950500
