0.015313148
0.005238056
0.005119801
0.004892111
0.004885197
0.004895210
0.004888058
0.005188942
0.004899740
0.004883528
0.004885197
0.004890442
0.004901886
0.004883528
0.004882812
0.004880905
0.004910946
0.004891396
0.004894257
0.005603313
0.005144835
0.004895210
0.004894972
0.004884958
0.004902363
0.004885912
0.004886627
0.004902363
0.004891872
0.004879713
0.004893780
0.004897356
0.004900694
0.004892111
0.004889727
0.004879713
0.004887104
0.004894733
0.004888058
0.004909515
0.004889250
0.004916668
0.004884005
0.004878044
0.004900932
0.004908800
0.004886389
0.004891157
0.004886627
0.004900217
0.004898787
0.004909992
0.004896164
0.004893303
0.004906178
0.004887104
0.004896641
0.004890442
0.004918575
0.004901171
0.004911900
0.004891396
0.004888773
0.004886150
0.004889488
0.004913568
0.004910946
0.004901648
0.004881620
0.004891634
0.004883051
0.004912138
0.004889250
0.004883051
0.004887342
0.004927397
0.004903555
0.004891157
0.004894972
0.004900932
0.004922390
0.004888535
0.004901171
0.004882336
0.004902363
0.004877567
0.004896879
0.004886866
0.004907131
0.004898787
0.004890203
0.004897594
0.004898310
0.004913807
0.004893541
0.004908800
0.004893064
0.004915237
0.004888296
0.004899025
0.004913092
0.004905462
0.004907131
0.004881382
0.004878759
0.004884720
0.004919767
0.004894018
0.005230665
0.004894733
0.004897833
0.004913568
0.004890919
0.004900455
0.004903555
0.004898787
0.004922628
0.004892588
0.004900694
0.004895210
0.004884958
0.004885674
0.004887104
0.004901886
0.004894018
0.004904985
0.004899740
0.004913092
0.004890203
0.004897356
0.004890680
0.004900455
0.004885197
0.004892826
0.004885197
0.004940987
0.004898310
0.004931211
0.004886150
0.004910231
0.004884720
0.004905701
0.004883766
0.004908085
0.004907608
0.004920959
0.004888058
0.005751133
0.005074024
0.004978180
0.004890442
0.004913568
0.004889727
0.004893064
0.004898310
0.004899979
0.004927158
0.004891872
0.004890442
0.004894733
0.004905939
0.004904985
0.004892349
0.004898548
0.004884720
0.004906654
0.004889488
0.004899979
0.004885912
0.004900455
0.004898071
0.004893303
0.004895687
0.004914761
0.004890203
0.004888058
0.004905462
0.004906416
0.004891872
0.004901409
0.004886150
0.004889965
0.004901409
0.004897118
0.004891157
0.004887581
0.004903316
0.004898071
0.004903316
0.004909992
0.004890919
0.004904032
0.004879475
0.004915476
0.004885674
0.004914284
0.004969835
0.004895210
0.004879475
0.004900932
0.004878759
0.004907131
0.004904747
0.004896402
0.005046844
0.004882097
0.004878283
0.004911423
0.004893064
0.004907608
0.004901409
0.004911423
0.005153179
0.004905224
0.004920006
0.004905939
0.004919767
0.004896641
0.004905939
0.004896164
0.005069733
0.005177498
0.004903555
0.004905462
0.004894733
0.004901171
0.004889727
0.004953384
0.005077124
0.004953384
0.004913807
0.004900694
0.004878998
0.004908800
0.004884720
0.004918575
0.004894257
0.005131245
0.004890203
0.004901886
0.004921913
0.004911661
0.004895449
0.004903078
0.004908085
0.004929304
0.005075455
0.004906893
0.004902840
0.004901171
0.004907131
0.004888296
0.004914284
0.004885435
0.004897833
0.004900932
0.004879713
0.004889727
0.004897833
0.004901171
0.004894257
0.004915953
0.004895210
0.004906893
0.004900694
0.004907846
0.004913330
0.004882097
0.004877806
0.004893303
0.004894733
0.004914284
0.004925489
0.004902124
0.004924774
0.004921436
0.004876137
0.004892588
0.004903078
0.005163670
0.004896641
0.004963636
0.004887342
0.004894018
0.004899263
0.004891634
0.004911184
0.005039454
0.004917622
0.004964590
0.004902601
0.004891634
0.004902363
0.004893541
0.004894018
0.004992247
0.004900932
0.004904270
0.004887342
0.004923820
0.004894733
0.004914522
0.004898787
0.004902840
0.004899740
0.004899025
0.004872799
0.005121946
0.004894972
0.004913092
0.004978418
0.004883766
0.004994869
0.004906178
0.004906654
0.004895210
0.004896164
0.004944801
0.004894972
0.004926205
0.004909754
0.005134583
0.004988670
0.004908085
0.004895687
0.004898787
0.004890680
0.004915953
0.004906416
0.004903793
0.004898548
0.004925966
0.004887581
0.004884005
0.005152702
0.006659746
0.004963398
0.004924297
0.004899502
0.004911661
0.004906893
0.004904747
0.004888773
0.004900217
0.004911900
0.004922867
0.004901409
0.004900932
0.004880905
0.004905701
0.006056309
0.007690191
0.004924774
0.004894972
0.004893780
0.004905701
0.004887342
0.004912376
0.004881859
0.004890680
0.004889727
0.004897594
0.004909515
0.004889727
0.004887104
0.004892588
0.004904032
0.004896879
0.004887581
0.004899502
0.004892349
0.004897118
0.004885197
0.004902124
0.004920006
0.004917622
0.004881144
0.004892349
0.004879713
0.004904032
0.004914999
0.005159855
0.004891872
0.004918337
0.006049871
0.005103111
0.005238295
0.004921198
0.004869461
0.004886627
0.012035131
0.006719589
0.006300688
0.004950762
0.004971743
0.004944086
0.004912615
0.004906178
0.004889011
0.004897118
0.004946232
0.004914284
0.004910946
0.004904032
0.004890919
0.004907131
0.004951000
0.004902363
0.004940748
0.004892588
0.004949808
0.004907370
0.004955769
0.004897594
0.004905224
0.004901171
0.004952192
0.004915714
0.004957676
0.005560875
0.004982471
0.004945755
0.004904747
0.005021095
0.004912853
0.004915476
0.004954576
0.004875898
0.004920244
0.004893303
0.004954576
0.004912376
0.004968882
0.004894972
0.004938841
0.004913330
0.004922867
0.006302118
0.005100489
0.004883528
0.005627632
0.005085945
0.004884958
0.004888296
0.004900932
0.004900217
0.004890680
0.004927397
0.004928827
0.004916906
0.004906654
0.004903316
0.004907131
0.004951715
0.004915953
0.004905701
0.004886389
0.004927874
0.004916668
0.004908323
0.004895926
0.004912376
0.004930973
0.004894257
0.004899979
0.004916430
0.004926920
0.004895687
0.004928350
0.004919767
0.004948854
0.004906893
0.004946232
0.004910707
0.004970312
0.004910469
0.004956007
0.004928112
0.004948854
0.004942417
0.004916906
0.004928112
0.004912138
0.004918575
0.004911661
0.004909515
0.004928827
0.004903555
0.004938126
0.004904270
0.004949331
0.004914284
0.004950047
0.004909277
0.004898071
0.004910469
0.004916430
0.004900455
0.004922867
0.004918337
0.004924536
0.004906654
0.004921198
0.004898310
0.004955530
0.004909039
0.004946470
0.004913092
0.004940987
0.004909754
0.004930258
0.004915714
0.004946232
0.004912615
0.004953384
0.004905224
0.004911661
0.004900932
0.004916191
0.004923344
0.004933596
0.004924059
0.004924059
0.004902124
0.004929066
0.004899502
0.004934549
0.004901171
0.004889727
0.004934072
0.004931927
0.004894495
0.004897356
0.004917145
0.004932642
0.004916430
0.004904270
0.004902601
0.004908800
0.004915953
0.004910469
0.004918098
0.004911423
0.004919529
0.004940033
0.004915237
0.004913807
0.004906893
0.004926920
0.004905701
0.004980326
0.004901171
0.004946470
0.004896164
0.005117178
0.004953861
0.004946709
0.004904509
0.004932165
0.004914761
0.004914045
0.004967213
0.005904675
0.005396843
0.005232334
0.005089283
0.005233765
0.005155802
0.004953623
0.005199432
0.004995584
0.004936934
0.005274296
0.005165577
0.004878998
0.005105257
0.005201578
0.005298138
0.005391121
0.005083323
0.004944801
0.004924059
0.004910469
0.004911661
0.004930258
0.004918814
0.004965305
0.004934311
0.004950762
0.004937172
0.004913807
0.004914045
0.004906178
0.004894733
0.004955053
0.005120754
0.004909039
0.004945993
0.004904747
0.004947186
0.004898071
0.004961252
0.004917383
0.004930019
0.004911900
0.004927635
0.004935026
0.004936934
0.004905939
0.004973412
0.004924297
0.005246639
0.004993677
0.004935265
0.004921436
0.004932404
0.004919291
0.004981756
0.004903078
0.005972862
0.005020857
0.006009102
0.004951477
0.004932165
0.004954338
0.004918098
0.004923820
0.004940510
0.004906416
0.004945993
0.004961252
0.004990578
0.004922867
0.004931927
0.004949570
0.004924774
0.005241394
0.005210876
0.005255938
0.005246639
0.004906416
0.005115747
0.004920006
0.004920959
0.004950523
0.005010843
0.004956484
0.004921436
0.005084276
0.004961967
0.004924536
0.004926920
0.004919767
0.004914522
0.004903316
0.004942656
0.004918575
0.004906893
0.004909754
0.004896402
0.005319834
0.005155325
0.004960060
0.004905939
0.005607605
0.004980803
0.004914999
0.004900932
0.004927397
0.004914522
0.004919052
0.004978657
0.004912615
0.004924536
0.004930973
0.004921198
0.005066156
0.004937887
0.004899263
0.004907370
0.004933834
0.004928350
0.004947186
0.004918575
0.004951239
0.004953146
0.004952431
0.004946232
0.004944086
0.004937649
0.005086422
0.005040884
0.004939318
0.004899740
0.004950047
0.004894972
0.004910707
0.004898548
0.004936934
0.004884958
0.004936934
0.004918098
0.004948139
0.004925251
0.004909992
0.004928589
0.004920721
0.004889965
0.004956245
0.005156517
0.004929066
0.004930973
0.004918337
0.004910469
0.004924774
0.004925489
0.004952669
0.005222797
0.005181789
0.004892111
0.004949093
0.004935503
0.004931927
0.004910469
0.004930735
0.005145788
0.004937172
0.004917145
0.004911661
0.004934311
0.004912138
0.004911900
0.004937172
0.005081415
0.004917860
0.004928112
0.004916668
0.004916906
0.004910707
0.004909992
0.004918098
0.004905939
0.004925013
0.004914045
0.004928589
0.004946470
0.004896164
0.004928350
0.004909039
0.004922152
0.004952669
0.004923582
0.004912853
0.004913807
0.004960060
0.004916191
0.004942179
0.004913568
0.004943609
0.004908562
0.004951239
0.004902124
0.004924536
0.005213022
0.005204916
0.005146742
0.005396128
0.005123138
0.005156040
0.005099773
0.005086899
0.005029917
0.004939556
0.005136490
0.004944324
0.004893064
0.004924536
0.005168438
0.004909754
0.004880905
0.004887342
0.004612446
0.006878614
0.005176067
0.004975557
0.004919291
0.004920483
0.004890442
0.004900217
0.005373716
0.005175114
0.005121946
0.004910469
0.004904747
0.004904747
0.004877567
0.004899263
0.004901886
0.004913330
0.004894733
0.004918575
0.004942417
0.005003691
0.004925489
0.004899740
0.004924536
0.004911184
0.004910707
0.004903555
0.005209446
0.005383015
0.005436659
0.004969835
0.004915476
0.004910231
0.004895926
0.004923105
0.004920244
0.004963875
0.004909754
0.004911184
0.004906416
0.004971743
0.004904032
0.004904747
0.004900932
0.004903078
0.004930973
0.004905224
0.004902601
0.004907608
0.004905224
0.004910707
0.005216599
0.005149841
0.004909515
0.005114317
0.005198002
0.005121708
0.004920244
0.004911900
0.004940033
0.004906893
0.004903793
0.005122423
0.005118847
0.005379677
0.005243063
0.005334616
0.004899025
0.004920244
0.004904032
0.004908085
0.004910707
0.004895210
0.004909754
0.004916191
0.004916906
0.004897356
0.004916191
0.004916906
0.004937649
0.004909754
0.004899502
0.004897594
0.004928827
0.004960775
0.004907370
0.004891634
0.004912138
0.004894257
0.004901409
0.004902124
0.004903078
0.004901648
0.004917383
0.004898548
0.004915237
0.004894733
0.004901171
0.004904509
0.004906178
0.004916191
0.004910469
0.004898787
0.004902363
0.004925489
0.004913330
0.004896879
0.004898548
0.004888296
0.004920483
0.004917383
0.004908323
0.004892111
0.004918575
0.004901409
0.004914999
0.004912138
0.004939556
0.004916430
0.004901886
0.004908323
0.004905462
0.004948378
0.004892111
0.004894972
0.004920006
0.004936695
0.004901886
0.004908323
0.004889965
0.004923582
0.004911900
0.004909754
0.004895687
0.004914045
0.004907370
0.004906416
0.004900455
0.004907131
0.004948139
0.004898310
0.004906178
0.004897118
0.004919052
0.004913092
0.004902363
0.004899025
0.004926682
0.004901648
0.004914522
0.004913807
0.004924774
0.004895926
0.004913807
0.004902363
0.004895926
0.004899263
0.004917622
0.004894257
0.004911423
0.004910707
0.004890919
0.004907370
0.004899263
0.004919291
0.004897833
0.004899263
0.004890919
0.004888773
0.004898310
0.004890203
0.004889488
0.004881859
0.004882812
0.004881382
0.004909992
0.004905701
0.004911423
0.004894495
0.004908085
0.004901648
0.004925728
0.004897356
0.004933357
0.004897833
0.004927158
0.004904270
0.004920721
0.004913807
0.004914522
0.004916906
0.004965544
0.004910469
0.004927158
0.004915237
0.004928589
0.004903555
0.004930973
0.004902840
0.004930258
0.004906654
0.004932642
0.004946709
0.004920483
0.004942179
0.004931688
0.004891872
0.004936695
0.004930019
0.004904032
0.004941702
0.004905939
0.004930496
0.004935980
0.004892826
0.004927158
0.005852699
0.005796909
0.006312847
0.005851507
0.005202532
0.005172253
0.005052805
0.005464554
0.005374670
0.004950523
0.004945040
0.004911423
0.004936934
0.004895926
0.004925966
0.004897594
0.004923582
0.004884005
0.004922867
0.004897833
0.004923582
0.006165266
0.005153894
0.005206347
0.005028486
0.004950523
0.004896641
0.004919291
0.004964113
0.004935980
0.004968643
0.004908323
0.004926682
0.004911184
0.004916430
0.004920244
0.004924536
0.004907846
0.004940987
0.004966497
0.004909992
0.004910231
0.004920006
0.004924297
0.004905462
0.004958391
0.004956484
0.004921436
0.004917622
0.004941940
0.004923820
0.004924774
0.004904985
0.004957676
0.005402088
0.005118132
0.004896879
0.004930973
0.004890680
0.004898787
0.004898310
0.004915476
0.004928350
0.004950523
0.005059719
0.004911661
0.004920483
0.004921675
0.004955292
0.004946709
0.005486965
0.005114555
0.004940033
0.004910231
0.005149841
0.004896402
0.004916191
0.004931450
0.004943609
0.004957199
0.004951954
0.004932880
0.004932404
0.004889727
0.006034851
0.005183697
0.004916191
0.004912376
0.004938602
0.005172253
0.005059958
0.005134583
0.004935741
0.004898548
0.004924297
0.004903793
0.004935026
0.004912615
0.004928112
0.004920006
0.004931927
0.004916906
0.004939318
0.004903316
0.004929304
0.004916906
0.004934072
0.004930019
0.004903555
0.004955530
0.004916430
0.004942417
0.004908323
0.004942656
0.004920006
0.004941702
0.004907846
0.004978418
0.004945517
0.004908323
0.004933834
0.004904032
0.004940987
0.004899025
0.004927158
0.004904270
0.004944801
0.004887819
0.004918098
0.004903793
0.004936457
0.004907846
0.004935503
0.004896164
0.004929304
0.004894018
0.004952669
0.004905462
0.004935741
0.004949093
0.004978895
0.004932642
0.005108833
0.005036116
0.005185366
0.004971266
0.004919052
0.004909039
0.004909992
0.006192923
0.004991293
0.006306648
0.005064011
0.004919529
0.005101681
0.005042076
0.004892111
0.004917860
0.004923105
0.004940748
0.005199432
0.004933834
0.004940271
0.004941463
0.005248070
0.004948139
0.005194426
0.005056143
0.004912376
0.004919291
0.005410671
0.004923820
0.004869223
0.004868269
0.004422188
