0.002900839
0.002428293
0.001968384
0.001982212
0.002174616
0.001991510
0.001991034
0.002201796
0.001960039
0.001962900
0.001964331
0.001962423
0.001961946
0.001960754
0.001975775
0.001959324
0.001962185
0.001951456
0.001975536
0.001967669
0.001972198
0.001948595
0.001965761
0.001984358
0.001983404
0.003973246
0.001991272
0.001955509
0.001982689
0.001952887
0.001960754
0.001957655
0.001963854
0.001967430
0.001979828
0.001963615
0.001985073
0.001968622
0.001966000
0.001966000
0.001972914
0.001958132
0.001963854
0.001951933
0.001974821
0.001958132
0.001964092
0.001953602
0.001976490
0.001959801
0.001967669
0.001955271
0.001958847
0.001953363
0.001954794
0.001965523
0.001969099
0.001966000
0.001948357
0.001964331
0.001951456
0.001961231
0.001959085
0.001965046
0.001950026
0.001955986
0.001976967
0.001969337
0.002025604
0.001953840
0.001975060
0.001971006
0.001973391
0.001967430
0.001960754
0.001950502
0.001984596
0.001962900
0.001952171
0.001963377
0.001950264
0.001966953
0.001972198
0.001956224
0.001974583
0.001955509
0.001965761
0.001969099
0.001966238
0.001955509
0.001960754
0.001962423
0.001958847
0.001958847
0.001970530
0.001959085
0.001958847
0.001948118
0.001954556
0.001955032
