1.953644991
1.665783405
1.538764715
1.579441071
1.535394192
1.520793438
1.479830980
1.557735443
1.487121344
1.072134256
1.956124067
1.607864618
1.627877474
1.554972887
1.578888655
1.537814379
1.572214365
1.600543499
1.528718948
1.083324671
1.918163776
1.638984680
1.581831217
1.563556433
1.557132483
1.529317617
1.532362700
1.531592369
1.499148369
1.062548399
1.923058510
1.638553858
1.704682827
1.625427246
1.586812258
1.597621441
1.540682316
1.506651163
1.601194143
1.100599527
1.928522110
1.622251511
1.725082636
1.573828936
1.634702206
1.591907978
1.513433933
1.590683460
1.628706694
1.075742960
1.904406071
1.614261866
1.562123537
1.615366459
1.606788158
1.544123173
1.530618429
1.605931520
1.647565365
1.055406809
1.883129120
1.583812237
1.624879122
1.604118347
1.580915928
1.503250360
1.494261742
1.472175121
1.671272516
1.078936100
1.888485193
1.640031576
1.568193913
1.620315552
1.572068214
1.625740528
1.497874022
1.488587141
1.493263721
1.087123632
1.940011501
1.744281054
1.746019363
1.552874088
1.596203566
1.554226637
1.523467541
1.502572060
1.489154816
1.125870705
1.865664244
1.626981020
1.581771851
1.574922323
1.571608782
1.670704603
1.541541338
1.488936424
1.526869774
1.088307381
1.868033409
1.669112921
1.554934263
1.525784969
1.566268206
1.561577559
1.547457218
1.545734406
1.567685604
1.091949463
1.868963718
1.604047298
1.577511549
1.562394381
1.603358984
1.540800810
1.625527382
1.622479200
1.524468422
1.160588264
1.866565943
1.749765158
1.658081293
1.563663244
1.589256048
1.533644676
1.647553205
1.542063475
1.602800846
1.064228058
1.894412518
1.610398531
1.635906696
1.538314104
1.531181812
1.537208080
1.527632952
1.506939650
1.474452734
1.053222895
1.941419601
1.563026428
1.554988861
1.605513096
1.680326700
1.632530928
1.530408621
1.545362949
1.593082190
1.129122496
1.967652321
1.630295038
1.668979168
1.558177948
1.569610357
1.575057030
1.500972986
1.509265184
1.557050467
1.058185577
1.951317072
1.641876459
1.574561119
1.598360062
1.675949812
1.562607765
1.786469460
1.657394171
1.545363188
1.096470594
1.895251036
1.644253492
1.564821243
1.752130032
1.653260231
1.527844191
1.497386694
1.522218943
1.561255455
1.151829958
1.874240875
1.588648796
1.578347683
1.587242365
1.701208115
1.552408457
1.476986885
1.574120760
1.510400534
1.111729145
1.993216753
1.635586977
1.571144104
1.644243717
1.632629871
1.524178028
1.561211586
1.504860163
1.624404430
1.134401083
1.882031918
1.608222246
1.581495523
1.700668097
1.708626509
1.534868002
1.622183561
1.566211939
1.750373363
1.049486160
1.940160036
1.585558414
1.572360992
1.655211210
1.547608614
1.520148516
1.601378441
1.676537752
1.513960838
1.080452681
2.008354664
1.668840647
1.641140699
1.746801376
1.591393709
1.536864996
1.575619698
1.609351397
1.505968094
1.089598179
1.938169956
1.601796389
1.635102749
1.564409018
1.549415588
1.578307629
1.505833149
1.504595041
1.477278233
1.088757992
1.899626732
1.566319704
1.698404551
1.572721481
1.552580833
1.525607109
1.502286434
1.522477627
1.552995682
1.162211657
1.897729874
1.750206947
1.680961370
1.684106827
1.596366167
1.585788250
1.487021208
1.510420322
1.567084789
1.069934607
1.923071384
1.648476362
1.584776163
1.556440115
1.728805304
1.634370804
1.681332588
1.518217087
1.529969215
1.118240118
1.920135975
1.601513147
1.661547899
1.641347170
1.572719574
1.556088686
1.503996849
1.539075375
1.634662151
1.100385189
1.888236761
1.764102459
1.714360714
1.646824360
1.539462090
1.635049105
1.719743252
1.499512911
1.497735500
1.108271599
1.912518024
1.620215416
1.589067459
1.622672558
1.595805883
1.616269588
1.525762081
1.502413511
1.555184364
1.100700140
2.033187628
1.626546621
1.581851244
1.548632383
1.570410967
1.575976133
1.570577621
1.595842361
1.636694193
1.056294918
1.931289196
1.616465092
1.573057175
1.674958944
1.645304203
1.559285402
1.552250147
1.504836082
1.487816334
1.059781075
1.945762634
1.567555428
1.578860760
1.557702065
1.642411470
1.650022984
1.532788038
1.507971764
1.498799086
1.074817181
1.975169659
1.596071482
1.767544985
1.540132999
1.586448431
1.573821545
1.496747971
1.734488010
1.603089094
1.127065182
1.880486965
1.586014271
1.592716217
1.570777893
1.561312675
1.535999060
1.664100409
1.557926655
1.671225548
1.101343870
1.889946699
1.631523609
1.675475359
1.588298321
1.568215132
1.567129850
1.509798527
1.535327673
1.490393400
1.195041180
1.956715584
1.662676811
1.580011606
1.662355423
1.752729416
1.582717180
1.573453665
1.538876534
1.495391607
1.076246500
1.889225006
1.673109531
1.665630102
1.572911501
1.551824808
1.532189846
1.485378742
1.504924059
1.485519171
1.115427017
1.875634909
1.651019096
1.552994490
1.570546627
1.592661858
1.559944630
1.592668295
1.482508659
1.610553265
1.066334963
1.888886929
1.730511904
1.751705885
1.563420534
1.781638861
1.516097069
1.527902842
1.490230083
1.580595970
1.089679241
1.935747623
1.607876778
1.705574512
1.635480165
1.561826706
1.530422449
1.491115808
1.575463533
1.548271179
1.320522308
1.871575356
1.623244047
1.607006788
1.568441391
1.734128237
1.564366102
1.565975428
1.522412062
1.502743721
1.137817621
1.907187700
1.649230003
1.557271957
1.640663624
1.585109234
1.594777584
1.507956028
1.572988510
1.533600807
1.076927185
1.900003195
1.702639580
1.589432716
1.555393457
1.584107399
1.557178020
1.574796915
1.692041397
1.552472115
1.081064701
1.908141375
1.803600073
1.666435719
1.555201769
1.552009583
1.528524160
1.574461937
1.553277254
1.520681858
1.204334497
2.001733303
1.602104902
1.611891031
1.589316607
1.589743376
1.586260319
1.550078154
1.560440063
1.564413071
1.070516348
2.014094353
1.590380430
1.559313536
1.581859589
1.604616165
1.547814608
1.541085005
1.530188322
1.519968987
1.068412542
1.937942028
1.627868414
1.643064976
1.543207169
1.586434364
1.544165850
1.537055492
1.496739626
1.720385313
1.185711622
1.875449896
1.680949211
1.681734085
1.550897837
1.606413603
1.586929798
1.509587049
1.486949444
1.488396645
1.065662861
2.045830965
1.589723110
1.624895096
1.570683718
1.605225563
1.574614286
1.504139662
1.576399565
1.587110996
1.059900999
1.903523922
1.572261572
1.655454397
1.554724216
1.940098047
1.538720369
1.503729582
1.475831985
1.526893377
1.057242393
2.000591040
1.663239717
1.665300846
1.748182774
1.576984167
1.597143173
1.490364075
1.497293711
1.555084705
1.077556372
1.889544249
1.629120111
1.589641571
1.593711138
1.565790892
1.572450876
1.545813560
1.647931099
1.526162624
1.130150080
1.966449261
1.640067101
1.581408739
1.663637877
1.593741655
1.529292345
1.493686438
1.497110128
1.497472286
1.072416544
1.888189077
1.738573313
1.598127842
1.568104744
1.590567827
1.579833508
1.484412670
1.486642361
1.536131144
1.134755135
1.878783464
1.659240723
1.663539886
1.586371660
1.576318741
1.583487272
1.480136156
1.587537766
1.533250093
1.093406439
1.868741274
1.634028912
1.621145010
1.552625656
1.605288029
1.574934483
1.493231297
1.505941153
1.505674124
1.078994513
1.973689795
1.621410131
1.540693521
1.538454533
1.628216743
1.507592916
1.471761703
1.552558899
1.557282925
1.081773520
1.970639467
1.576239586
1.602082968
1.598435640
1.612432480
1.590266943
1.537793398
1.501837730
1.659480572
1.075425148
1.894458532
1.644742966
1.617997646
1.643774748
1.623982668
1.666819096
1.509244680
1.539832592
1.572632074
1.146634340
1.882755995
1.580696583
1.585683107
1.644992352
1.772564173
1.546745539
1.486015797
1.501833200
1.508803368
1.098141432
1.917508602
1.598137617
1.592798710
1.525499582
1.562193871
1.532901764
1.588202477
1.551426649
1.500212908
1.078825474
2.025865316
1.642029285
1.634538889
1.684409142
1.575260639
1.562115908
1.523299456
1.576373339
1.517296791
1.062402248
1.891484261
1.662353992
1.559010744
1.552613735
1.615180969
1.606101513
1.636678696
1.615001678
1.574700117
1.279173374
1.908144474
1.658375025
1.629924297
1.613358974
1.822684765
1.546066761
1.533103943
1.477112055
1.496565819
1.051469088
1.959033251
1.687387228
1.612874269
1.592151165
1.555541515
1.548363924
1.628933191
1.577448130
1.490386009
1.136000872
1.922717810
1.656658411
1.573970318
1.618429184
1.806155443
1.709317923
1.541964769
1.496020079
1.526102304
1.049768209
1.971997738
1.713921547
1.649113417
1.565578938
1.598698616
1.607570171
1.545230389
1.505908966
1.577828169
1.164544106
1.871148825
1.670181274
1.639028311
1.614321947
1.597095966
1.507908344
1.515675545
1.591185570
1.655331373
1.096694469
2.072389364
1.647725582
1.722789764
1.577049017
1.655450821
1.546200752
1.567002058
1.571688652
1.695404053
1.065155745
1.937905073
1.615451097
1.540493250
1.576077700
1.615462542
1.577817440
1.578103304
1.581232548
1.669273615
1.109193087
1.885205507
1.708578348
1.595256090
1.577566385
1.570175171
1.613624334
1.561645031
1.599790335
1.562103033
1.066987276
1.887678623
1.576240778
1.719489098
1.569879770
1.566040277
1.619513035
1.536859274
1.546855688
1.538705111
1.094076633
2.065050364
1.620762110
1.556509495
1.561975479
1.557589293
1.644983292
1.501273632
1.570163488
1.483816862
1.059795856
1.922823906
1.687229156
1.574017763
1.674381256
1.630951405
1.643913507
1.523985624
1.606686831
1.757442474
1.121146917
1.895206928
1.801491499
1.636898994
1.605348587
1.726372957
1.561273575
1.548800230
1.577580690
1.519636154
1.239021301
1.899762392
1.634507656
1.624342203
1.570590019
1.640092373
1.646964788
1.565191746
1.496618271
1.508133411
1.044067860
1.871166945
1.620290995
1.646392107
1.638185978
1.606122732
1.545468569
1.528622150
1.571297646
1.511848211
1.049524784
1.959159136
1.616019011
1.548303604
1.640474796
1.568674326
1.540483236
1.674140215
1.503284216
1.499793291
1.074593306
1.928617477
1.782313347
1.581185579
1.630633831
1.569381952
1.625075817
1.536926508
1.551832199
1.605305672
1.087834597
1.939398527
1.609066486
1.575181484
1.615182877
1.569128275
1.627488613
1.536387444
1.594247103
1.482805252
1.091567278
1.881375551
1.620595217
1.688586950
1.563284874
1.569667101
1.507212877
1.472060680
1.544507742
1.513991833
1.155278921
1.968719006
1.598149061
1.623681545
1.543151140
1.625532150
1.581588268
1.587048769
1.531664610
1.594385862
1.098794699
1.973648548
1.604291201
1.611765385
1.621645212
1.564937115
1.633978128
1.530014277
1.511817932
1.515121937
1.075110674
1.979158401
1.690830469
1.585352898
1.551900625
1.583758354
1.629086018
1.598390579
1.485527992
1.533273697
1.083959579
1.910544872
1.631381750
1.574484110
1.698779821
1.705270052
1.572881699
1.604752541
1.500930071
1.556928396
1.165363550
1.974261761
1.591319561
1.640931129
1.602193832
1.623917580
1.539527416
1.600543499
1.560336828
1.510775328
1.047035456
1.948045731
1.585233450
1.581887484
1.657243729
1.554719687
1.545084000
1.517527342
1.668194294
1.523495674
1.070138931
1.901802778
1.612946510
1.598664761
1.730187416
1.554266453
1.630399227
1.525219440
1.501329660
1.569445610
1.080008984
1.952266455
1.630031586
1.600337029
1.575413942
1.665667772
1.653483152
1.531413555
1.578559399
1.527204752
1.125165224
1.928348303
1.665107965
1.594254971
1.558260441
1.580443144
1.721765041
1.611882687
1.554115772
1.481445789
1.153225899
1.895941973
1.590845346
1.594406843
1.622134447
1.542799950
1.572096109
1.487481833
1.488727331
1.541668415
1.065222263
1.979826927
1.637682199
1.687788486
1.572833776
1.661515713
1.652965307
1.512972116
1.652459145
1.532427311
1.184990168
1.918582678
1.632138252
1.570527315
1.739164591
1.553117752
1.537225962
1.582097054
1.527907133
1.556695938
1.232340813
1.932020903
1.633190393
1.739966393
1.603624821
1.572401762
1.839830875
1.613389730
1.612452269
1.490983725
1.097191095
1.873188734
1.619640827
1.589110136
1.641755819
1.598107815
1.562451601
1.595380545
1.592729807
1.542133808
1.111119986
1.883124828
1.580420017
1.610385895
1.774866104
1.557146549
1.587807894
1.576714277
1.472908974
1.485465050
1.051700115
1.922650576
1.704103708
1.691683769
1.572108746
1.597748280
1.559042454
1.494700909
1.528012276
1.497877836
1.162013531
1.922073603
1.621933460
1.733702421
1.635572433
1.707945824
1.529879093
1.512287617
1.489785194
1.471356630
1.054792166
1.885167122
1.673570395
1.566384077
1.555376053
1.639084339
1.531245708
1.522700787
1.584966898
1.547506094
1.122744799
