15.777967691
16.070553064
15.868441582
16.282141209
16.345425129
16.138128281
15.960259199
15.934570312
16.226287603
15.994220734
15.947712660
16.150876760
16.266452551
15.773606062
16.227859735
16.055890799
16.549932718
16.229288101
16.024555922
16.281861544
16.458701134
16.158909798
16.442918062
15.892350435
16.030647278
16.285084724
16.375882626
16.204987764
16.474265099
16.108051777
16.253289461
16.070136786
16.014615536
16.462104082
16.180340290
16.105613947
16.339211702
15.933449268
16.020837069
16.381041765
16.379384756
16.163905382
16.091256857
16.244661093
16.327563763
16.189709902
16.020743132
16.281076908
15.993028641
16.206183195
16.187365055
16.334171057
16.142514944
15.994892120
16.063977242
16.096893549
15.910355330
15.931028843
16.178189754
16.316231489
16.075122595
15.913729906
16.266835213
16.455913305
16.196986198
16.245596409
16.372799873
16.359623432
16.225517511
16.585341215
16.257929564
16.216205835
16.108978510
16.089633703
16.604113340
16.573507071
16.087864876
16.044801712
16.087805510
16.358809471
16.103270292
15.985030413
16.204935789
16.105641127
16.180880785
16.386381865
16.153688908
16.108163357
16.153798342
16.298352718
16.312215090
15.859292507
16.542153358
16.316939354
16.604583740
16.181840658
16.045613289
16.186277866
16.135895014
16.091666460
