0.481452227
0.387402296
0.353073359
0.347611189
0.439674377
0.375468254
0.357485294
0.442789555
0.362992287
0.425055981
0.351984024
0.390829325
0.347490072
0.364544868
0.439151049
0.336821556
0.370382071
0.421383142
0.405285597
0.353539705
0.385138988
0.420327187
0.338066101
0.416881561
0.375301838
0.471933126
0.426161766
0.375582218
0.340684414
0.387069941
0.367548466
0.349341393
0.484622717
0.380992174
0.376388073
0.352888823
0.367912531
0.375925779
0.438561916
0.352666855
0.355268717
0.422556639
0.435540438
0.382158518
0.460199118
0.353868484
0.403736591
0.437541008
0.450087547
0.347872019
0.452401638
0.373844862
0.364750385
0.355572224
0.369303465
0.399320364
0.397540092
0.348146677
0.356514215
0.360090494
0.375850916
0.563544512
0.383447170
0.365852118
0.392151594
0.368607521
0.354894638
0.340285063
0.344785452
0.342943907
0.417415380
0.342761755
0.341839790
0.370134115
0.404184580
0.355364323
0.338454008
0.347475529
0.356283665
0.336461782
0.344194889
0.400405884
0.340346813
0.406198263
0.347961903
0.501480341
0.430382252
0.348005772
0.343951702
0.358571053
0.344216824
0.342283010
0.367207289
0.347512245
0.360561609
0.345144272
0.323970556
0.434880495
0.323768854
0.324465990
