2.084812164
1.912296772
1.949040174
2.398672581
1.839585543
1.898863792
1.826383114
1.802294493
1.826682329
1.794131279
1.020353556
2.091176033
2.114072323
1.933363438
1.860140085
1.967234135
1.895879269
1.859923840
1.835304499
1.868429184
1.821933985
1.043531179
2.115438700
1.843372107
1.980595589
1.835163832
1.841639519
1.908455372
1.837671757
1.875066519
1.986378908
1.775856733
0.914597511
2.159133673
1.863726616
1.900600195
1.929747581
1.859066248
2.025520325
1.866937399
1.819128036
1.924889088
1.789180040
0.995854855
2.034690857
2.065905809
2.529067516
2.106305838
2.546419859
1.954505205
2.230912447
2.225586891
1.889294624
1.911434650
0.945889711
2.106490135
2.445745468
1.899765253
1.871518373
1.920564890
1.844217777
1.898158550
1.932913065
1.779991388
1.781540871
1.087445259
2.052748203
1.958523989
1.887413263
1.895046473
1.831791162
1.854883671
1.868649483
1.811033010
1.818797112
1.801891565
0.931431770
2.020884991
1.959298372
1.894996405
1.869229317
1.880926371
1.897675753
1.830961704
1.990319967
1.786521435
1.805371046
0.978883266
2.041538000
1.843719959
1.842393637
1.884924173
1.849566460
1.961812496
1.855965614
1.910758734
1.878421068
1.994844437
0.920328617
2.127140522
1.869534969
1.850837708
1.868765354
1.844245434
1.839006662
1.802079916
1.902784109
1.772866488
1.952840805
0.936717749
2.000229359
1.926537991
1.889259100
1.871789932
1.835477591
1.890374660
1.883368254
1.888222933
1.804888725
1.790046692
0.934543848
2.039835453
1.902728558
1.858332396
1.854809999
1.890832186
1.836891413
1.826158285
1.793647528
1.789552927
1.802701473
0.921311140
2.029766798
1.922809839
1.855675459
1.838720798
1.863354445
1.896966219
1.805457830
1.795307398
1.772825241
2.080397129
0.950516462
2.033098221
1.865869761
1.884361744
1.843261957
1.843937397
1.943198681
1.842662573
1.831653833
1.879150867
1.777965546
0.923312187
2.019173861
1.866469622
1.848837376
1.943035126
1.886581898
1.844740629
1.818723202
1.903926373
1.789335012
1.785178185
0.940397024
2.047616482
1.845314741
1.882064342
1.901674509
1.836564541
1.870668411
2.333526611
1.884644032
2.074050188
1.820408106
0.936165571
1.994266272
1.907255888
1.944227219
1.828707933
1.864930391
1.850863218
1.851584435
1.803022623
1.809165716
1.908504009
0.932499409
1.975127697
1.832829952
1.840014696
1.863442898
1.855354786
1.844205856
1.812870264
1.776149511
1.903267622
1.832517862
0.935859680
2.198739529
1.866395473
1.832248926
1.834554195
1.853096962
1.867369652
1.812810421
1.776098728
1.845985889
1.837957144
0.922279358
2.351200342
1.894223690
1.845373392
1.910659075
1.881203413
1.875674486
1.843222618
1.786130190
1.789323568
1.815568924
1.010504007
2.125793695
1.984792709
1.836179972
1.964356661
1.912739277
1.937240601
2.237223625
1.819488525
1.850096226
1.807638407
0.924398184
2.030700684
1.861690998
1.890542746
1.876930475
1.891975880
1.886976957
1.858211517
1.780019760
1.966854572
1.819774628
0.922429085
2.035364866
1.889758587
1.849342346
1.828981161
1.868742228
1.890636444
1.804418325
1.796714544
1.789127588
1.786621571
0.930262804
2.098469973
1.843602657
1.861799955
1.869507790
1.863290071
1.862888098
1.812458515
1.774758816
1.781981468
1.863002777
0.937852144
2.005466700
1.893853426
1.858995914
1.861141682
1.840405226
1.849829435
1.841204405
1.783468008
1.794309139
1.792627096
0.910310984
1.990505934
1.860638380
1.914119720
1.883820057
1.894558191
1.846216202
1.907860994
1.831267834
2.037349463
1.910036325
0.932662249
2.038759708
1.984129190
1.836717844
1.874363661
2.009511232
1.875184536
1.818832636
1.784310341
1.780525684
1.797846079
0.925861835
2.492993116
1.854849100
1.875617504
1.902272701
1.878947496
1.911082029
1.842126608
1.783763885
1.892650843
1.808127165
0.948063135
2.070702791
1.869884253
1.898854256
1.840937376
1.871757746
1.927357435
1.839864492
1.778292418
1.787698746
1.832593203
0.965840816
1.983258009
1.859547377
1.935106754
1.891848564
2.140956163
1.972294092
1.829853773
1.825033426
1.861591101
1.884238482
1.003891230
1.990684271
1.893209457
1.859385729
1.853250742
2.046187878
2.003584862
1.856967926
1.832609177
1.857916594
1.825290680
0.951294661
2.020154476
1.896809101
1.877414227
1.883244514
1.867781401
1.849883556
1.884988546
1.938565493
1.881690025
2.013056517
0.974203587
2.026441574
1.884769678
1.867061138
1.885253668
1.860031843
1.891958952
1.939856529
1.845403671
1.821975231
1.879109859
0.931650400
2.035826445
1.875034094
2.280812502
1.902709007
1.893285275
2.409504414
1.853117466
1.870290279
1.910514593
2.083289146
0.974918127
1.995631933
1.850283384
1.989398241
1.858315706
1.889789820
1.838215351
1.870902538
1.808021307
1.797324419
1.954145908
0.935815811
2.035089493
1.841965437
2.294002533
1.836549282
2.150362492
1.891651869
1.908370495
1.826915026
1.856902838
1.803184509
0.950613022
1.976912260
2.105130196
1.878085852
1.918483973
1.860122919
1.984325409
1.839041710
1.822368860
1.825709581
2.085921049
0.958755732
2.535176992
1.850950956
1.932471991
1.894213438
1.848996639
1.899848938
1.847962379
1.792023182
1.794804573
1.791877747
0.944499969
2.170995951
1.860542536
1.887503147
1.869789124
1.927281380
1.917375088
1.907950401
1.927001476
1.856394768
1.799070358
0.929678202
1.986970901
1.878727436
1.893937349
1.876003981
1.906862497
1.852747440
1.865423203
1.776786089
1.995726824
1.791149616
0.925510645
1.995592594
1.874283791
1.864110231
1.920023203
1.854412079
1.925116777
1.951217175
1.831318140
1.809841633
1.852928638
1.012478113
2.007873774
1.942115545
2.139954329
1.890124559
1.863497019
1.939349651
1.812412739
1.828322172
1.781551838
1.819914341
0.928849936
1.990956068
1.875964165
1.924710274
2.089516640
1.867796183
1.861653328
1.844822407
1.792761087
1.978206635
1.821440458
0.939835072
2.076937437
1.858862638
1.855109692
1.875689983
1.875349760
1.953983307
1.835651159
1.903981686
1.915432215
1.824422836
0.948521614
2.094822645
1.996211529
1.854483128
1.895616531
1.917932749
1.908951998
1.939407825
1.883286715
1.802522659
1.787280798
0.921511412
1.997152805
1.895529985
1.935700655
2.019274235
1.865658283
1.849086761
1.814598083
1.943438053
1.947626591
1.867047071
0.950599909
2.011588573
1.855676413
1.921323538
1.834403515
1.896168470
2.035840511
1.817966700
1.807826757
1.783778191
1.808701754
0.930279255
1.999479771
1.958433151
1.922239780
1.862925053
1.902200222
1.903681040
1.859443188
1.947460890
1.844631672
1.772207022
1.014739990
2.090095520
1.852026701
1.896441460
1.924097538
2.268564939
1.907464027
1.829278946
1.807096958
1.786497355
1.937404633
0.947580338
2.009377718
1.855253458
1.877642870
1.889419556
1.989704132
1.882893324
1.810638428
1.838041782
1.797411203
1.818945646
0.918009281
2.000380278
1.895684242
1.869557619
1.907308102
1.986341953
1.842401505
1.987260580
1.827383041
1.783444643
1.820140839
0.924196005
2.010204077
1.836764336
1.861676455
1.864136696
1.855201960
1.882420063
1.921230316
2.206037998
2.210324764
1.831779480
0.921532869
2.009726524
1.843122721
1.876332760
2.056708574
1.849514008
1.897222519
1.905419111
1.915842056
1.873730659
1.816157818
1.139002085
2.623639584
1.859529257
2.337830544
1.877201557
1.892054319
1.892761946
1.890841007
1.829287529
1.877446413
1.816410780
0.912977695
2.019408703
1.881643534
1.858913183
1.865302086
1.928695440
1.892734766
1.823686361
1.851020813
1.850302935
1.985390663
0.935537577
2.010934830
1.900816441
1.906709194
1.850186825
2.177193165
1.903879166
1.822202444
1.825233221
1.831429243
1.814120770
1.041263103
2.033828497
1.898038149
1.863057375
1.853503704
1.890419483
1.867779970
1.841350555
1.813972950
1.780644894
1.904773474
0.984251022
2.061051130
1.876528978
1.856921673
1.863485336
1.878674269
1.842929363
1.818215609
1.782172203
1.830958843
1.800537586
0.948049307
2.566302538
1.849439621
1.871245146
1.882283449
1.873441458
1.867579460
1.847469091
1.899250031
1.814597130
1.967136383
0.972832203
2.041152000
1.868591309
1.858567715
1.859575748
1.944428682
1.984909773
1.817651033
1.833434105
2.539291620
1.771735191
0.997440338
2.031057835
1.848664522
1.844746590
1.855831385
1.848165274
1.917946577
1.874332905
1.789829254
1.824920654
1.805501461
0.930998325
2.176934958
1.891515493
2.038372517
1.946381807
1.855884790
1.855495691
1.884446621
1.827277899
1.849779367
1.885329962
0.939221382
2.069891930
1.850493908
1.853195190
2.168954849
1.899350166
1.838287115
1.860800505
1.861193180
1.802640200
1.790793419
1.228811026
1.985488892
1.872567654
1.938260794
1.888417006
1.894520760
1.842832088
1.851286411
1.805874109
1.809964895
1.799351454
0.926693439
2.034907818
1.897567511
1.848491907
1.871330261
1.837267637
2.241724730
1.888732672
2.002935410
2.037013531
1.793144941
0.921123028
2.101864100
1.893217564
1.876478910
1.873972893
1.888534307
2.006135702
1.857399940
1.859840870
1.794192314
2.072309494
0.919140577
2.001348019
1.846880436
1.888903856
1.904454231
1.884968281
2.237035275
1.872243643
1.786751986
1.804315329
2.315544844
0.965081692
2.019141197
1.856231213
2.136793137
1.838149309
1.907398224
2.002573729
1.862665176
1.789066792
2.039704561
1.945605755
0.924656868
2.008152962
1.917419910
1.840826750
1.913115501
1.943913460
1.960408926
1.873337507
1.848902941
1.849896193
1.839461803
0.929987192
2.163248301
1.912337065
1.915967464
1.869685173
1.831464052
1.975204229
1.887596369
1.783208370
2.335298538
2.055266857
0.937436819
2.140605688
1.955990553
1.892921209
1.866152048
1.894177437
1.906793356
1.943785191
1.884301186
1.789940596
1.805986166
0.928766966
2.078910112
1.885738373
1.854156256
1.851485729
1.904946566
1.853808641
1.979546070
1.995579481
1.861961126
1.798368454
0.925312757
2.026567936
1.888680696
1.880298853
1.889150620
1.874641180
1.871548891
1.805431366
1.885950327
1.812766790
1.836263657
0.931711674
1.988391399
1.838021994
1.855527639
1.866383553
1.833031178
1.898071289
1.854483366
1.807761192
1.789036751
1.810709715
0.938636065
2.002711773
1.847111225
1.859301567
1.842739344
1.914599180
2.146083355
1.856859922
1.858901262
1.840294123
1.775592089
0.949226379
2.050980091
1.901979685
1.848557472
1.879500628
1.879625797
1.880284548
1.876190901
1.793119669
1.777332067
1.792062521
0.958828688
2.315893173
1.877546549
1.897904158
1.879549742
1.889659166
1.895006657
1.857743025
1.795739651
1.837417841
1.810196638
0.930593491
1.988725185
1.907848120
1.897068262
1.843304873
1.845619440
1.883474588
1.923825741
1.815694332
1.870708227
2.241161823
1.229508400
2.076592445
1.870925903
1.873209238
1.885219336
1.850950480
1.905427933
1.862941265
1.814446926
1.821055174
1.857282162
0.991883755
2.078054905
1.891221762
1.865220308
2.324796438
1.881431103
1.871032000
1.842861176
1.907327175
1.890645027
1.829230547
1.010550022
1.982934237
1.847512960
1.888452053
1.886895418
1.963982582
1.870723248
1.896885872
1.930761337
1.822977781
1.811544895
0.947482109
2.017581463
1.871166229
1.855055332
1.884647369
1.853683949
1.887381077
1.819060326
1.815194130
1.841967821
1.804313660
0.940000772
2.079598427
1.858849525
1.887541771
1.875606060
1.891181707
1.872149467
1.818277597
1.801739693
1.779177189
1.770575762
0.917556524
2.111838102
1.849254847
1.850939035
1.915577650
1.850798607
1.868399620
1.815329552
1.773872137
2.251688480
1.800796032
0.928972244
2.065478325
1.888395071
1.918383121
2.264501333
1.848915339
1.836938620
1.886588573
1.829486609
1.963947773
1.862687826
0.965786219
2.075790882
1.853570938
1.839841366
1.916639566
1.853307962
2.473650455
1.887429237
1.841154337
2.068335772
1.885424376
0.938215733
2.011629343
1.847208261
1.866265535
2.369627714
1.878302813
1.862899065
1.831041574
1.791248083
1.838500261
1.894561529
0.987621784
2.216985703
1.911463499
1.840033054
1.930910349
1.879167318
1.865605116
1.844422579
1.778650522
1.886097193
1.801124573
0.904164553
2.023218870
1.887082100
1.855938911
2.006595135
1.870225906
2.001291037
1.847142935
1.824865103
1.830439806
1.851537228
1.143680096
2.018131733
1.905091763
1.906218529
1.854417324
1.862782240
1.857775211
1.868741274
1.773426294
1.923110962
1.789642811
0.932215452
1.978460312
1.846131086
1.892338037
1.882685184
1.878914595
2.234030485
1.846297503
1.817324162
1.813452482
1.814102888
0.920772076
2.109902859
1.838455439
1.865780592
1.864080191
1.928828001
1.867271900
1.851783037
1.902598858
1.817112207
1.820415497
0.949705362
2.069236517
1.886927843
1.842694521
1.858980894
1.871525764
1.871236801
1.846771240
1.802738667
1.945911884
1.811511755
0.917784214
1.984406471
1.842433453
1.851392746
1.877283812
1.831122875
1.880589008
1.858929634
1.924825668
1.835651636
1.808268309
0.952244282
2.095592260
1.894820213
1.991765022
1.920098066
1.912780523
1.841986179
1.852573633
1.835700989
1.835180998
1.811126947
0.999952793
2.039054394
1.875741720
1.845860958
1.993050575
1.899027348
1.906555653
1.858871460
1.881021738
1.802153349
1.778814316
0.917649031
2.019984245
1.877871990
1.992053509
1.843989134
1.858942032
1.857574224
1.797671318
2.047205687
1.795753241
1.918905258
0.911419630
1.973501205
1.847106695
1.819264174
1.867863178
2.107479572
1.935236216
1.842628717
1.991809130
1.802298546
1.810713053
1.031266212
2.032772779
1.882102489
1.900125504
1.887453556
1.838295937
1.852584839
1.871877670
1.855155468
1.792387962
1.782948732
0.938316107
1.989933729
1.839639187
1.857327461
1.938009262
1.903762102
1.945144892
1.851717710
2.003008842
1.813639879
1.787899017
1.019320011
