20.595612049
20.540553331
20.197259665
20.417909145
22.730694056
20.855935097
20.002078056
20.207381725
20.274278402
20.063690662
19.998287916
19.803992510
20.107613325
19.953867435
19.945115089
20.727965117
19.985810518
19.762797594
19.941336870
20.288021803
20.691111088
20.067843914
19.754030943
19.850645065
19.739473581
20.301140785
20.023021698
20.476388216
19.986655951
20.473417282
20.257045507
20.379086733
20.134302855
21.383175850
20.072503567
20.692523956
20.548128605
20.429310083
20.356659889
20.048545122
20.182962894
20.250149012
20.285162449
20.224522591
20.296748161
20.359941721
20.002762079
20.288661480
20.539380312
19.969166517
20.141502142
20.708132029
20.474436522
21.108702421
20.197366714
20.375125647
20.014455557
19.849025011
20.701932669
20.815007687
19.876062870
20.435933828
20.514646053
19.915043116
20.668011427
20.428601980
20.807227612
20.602238894
20.217417717
20.953865051
20.295937538
20.280194759
19.986160278
19.776765347
20.185236692
19.929287672
20.268710852
20.744517326
20.101423740
20.679092646
20.136472940
19.888808966
19.839058876
20.311861515
20.622495174
20.921377420
20.473938465
20.147265673
20.437480688
19.983329773
20.225075722
20.112365961
20.024941683
19.941837549
20.280236721
20.084914207
20.212666988
20.323559046
19.935651541
20.240719318
