0.346894264
0.264992476
0.244253635
0.255442381
0.249840736
0.269278765
0.257478714
0.255098820
0.269610643
0.263589859
0.342659235
0.252186537
0.254271507
0.266945124
0.260941267
0.253806591
0.246517658
0.260653496
0.250133038
0.267524958
0.257072210
0.238289833
0.247997046
0.264716625
0.265848398
0.261015654
0.253313780
0.264863253
0.278879642
0.248085260
0.260517597
0.263792992
0.242198944
0.248154640
0.245450974
0.253287792
0.272816420
0.262810230
0.272288084
0.245176554
0.257752895
0.262128115
0.252632141
0.270984411
0.277552128
0.253123760
0.249078512
0.284215689
0.250084877
0.247973680
0.259881496
0.267433167
0.255686998
0.257932663
0.253765583
0.302428484
0.244499683
0.263351679
0.255656004
0.274960518
0.241850138
0.269043684
0.259059191
0.277558088
0.243730545
0.241695404
0.251335382
0.246241570
0.270470381
0.239252567
0.261417627
0.266513109
0.260122299
0.287415504
0.247210264
0.259608030
0.244475126
0.254752874
0.251460314
0.276219130
0.258433104
0.253564835
0.250800133
0.244189024
0.239504814
0.243915081
0.269043207
0.245343208
0.239672184
0.269199610
0.253158808
0.259228230
0.240144253
0.251478910
0.267966986
0.248859167
0.246605873
0.244964600
0.277087212
0.257276297
0.266571045
0.255502701
0.299741030
0.278045416
0.264631033
0.258878946
0.268476725
0.254626989
0.246156454
0.260331154
0.248867512
0.252423286
0.242929220
0.266570568
0.258109331
0.276070595
0.259502411
0.324599266
0.254325867
0.242591619
0.247545481
0.283146143
0.241024494
0.312330961
0.247803926
0.261243820
0.255144835
0.269664526
0.247146845
0.260341167
0.244265318
0.242438793
0.239714384
0.247946262
0.243802309
0.240771294
0.264070272
0.270840406
0.245778084
0.255623341
0.258834839
0.265657425
0.280649662
0.258926392
0.252527237
0.277101040
0.259493589
0.257453203
0.265734196
0.270751476
0.259815454
0.240247726
0.243108273
0.245097160
0.243968725
0.236467600
0.236718416
0.249773741
0.238826752
0.293582201
0.259365797
0.242719650
0.245646238
0.241137028
0.241928577
0.237649202
0.247514725
0.243138313
0.255642891
0.282495260
0.252754211
0.287325621
0.309808969
0.259027243
0.244231939
0.247699022
0.239543915
0.235995293
0.244971514
0.258713722
0.249597311
0.239049435
0.257260323
0.265266657
0.252224445
0.276901722
0.261653662
0.263053656
0.238244057
0.260838032
0.260501385
0.250448465
0.251947641
0.241461754
0.253219366
0.249389648
0.242249250
0.265036345
0.249496698
0.271281719
0.255939960
0.241086960
0.258022547
0.274106979
0.243132591
0.253143311
0.263386965
0.258057833
0.245882750
0.247036219
0.246867418
0.253273726
0.266718149
0.246996880
0.244208336
0.281325817
0.244309187
0.254437685
0.244023800
0.255644321
0.253059149
0.241637468
0.271704912
0.265856504
0.254415512
0.248199701
0.254248142
0.254667997
0.254664421
0.265785933
0.244379520
0.262016773
0.242680311
0.248919964
0.239595413
0.246157885
0.245036364
0.244084358
0.247275114
0.244123936
0.240595818
0.234351397
0.258071661
0.236001492
0.242843151
0.262020350
0.247614861
0.239642382
0.263921022
0.272104025
0.248104095
0.259835482
0.260515928
0.250539303
0.237569809
0.242291689
0.244239330
0.253531456
0.242275715
0.240789652
0.265473127
0.246840954
0.241199970
0.241549253
0.255260944
0.251545906
0.255490780
0.264396191
0.242503405
0.244691849
0.291182995
0.258131981
0.249558449
0.245051384
0.239664555
0.247216940
0.246793985
0.272427082
0.265183687
0.270809889
0.243954420
0.265998602
0.247835398
0.245347023
0.270980597
0.265975237
0.259413481
0.252441168
0.265889883
0.264522076
0.238913536
0.241944790
0.252045870
0.276954889
0.260466099
0.249783993
0.254214287
0.247667313
0.248544693
0.244381666
0.273043156
0.248076677
0.250512362
0.266786337
0.248447180
0.246208429
0.264583111
0.270194054
0.246518135
0.285477400
0.254865885
0.273948908
0.250122309
0.243519068
0.267338991
0.267716408
0.264136076
0.246166706
0.265542269
0.254986763
0.262223005
0.245719433
0.259035826
0.258953810
0.262719870
0.251347303
0.240336418
0.238198519
0.258223534
0.247259140
0.266836643
0.250626326
0.247553110
0.234325409
0.255061865
0.244927168
0.255301714
0.246624231
0.246481657
0.259935856
0.259444237
0.249632835
0.268613338
0.240333796
0.250310421
0.252285004
0.253025293
0.250069618
0.263035297
0.254898071
0.254411221
0.255874157
0.254519701
0.263516426
0.256082773
0.252080441
0.250678539
0.252917290
0.256443739
0.252824306
0.252086163
0.235670805
0.238132000
0.249366283
0.247559309
0.270640135
0.267968416
0.258351088
0.241027832
0.261381388
0.246701717
0.255953789
0.293591499
0.248547316
0.240367413
0.248297453
0.238716602
0.242549896
0.263646603
0.240786076
0.264932156
0.239138842
0.254124165
0.259425163
0.251509905
0.262724876
0.253353119
0.266906261
0.245508194
0.247754335
0.261149406
0.241287470
0.263959646
0.258484840
0.246616840
0.242442608
0.269114256
0.251039743
0.248515606
0.255457401
0.256920815
0.247976542
0.292917967
0.282847643
0.272547245
0.243052959
0.255932093
0.250048399
0.246647120
0.250296116
0.276026726
0.243542671
0.251193047
0.238291025
0.254633427
0.251392365
0.250034332
0.306185961
0.252895594
0.246514320
0.259235144
0.247378349
0.244985104
0.285849333
0.282462597
0.248565197
0.241366625
0.249331236
0.273460150
0.261470079
0.256860971
0.240189075
0.269984961
0.257567644
0.253469944
0.255433083
0.262093306
0.262872458
0.251685381
0.263788939
0.259428978
0.263623714
0.305086613
0.250078917
0.249322653
0.271667242
0.263498783
0.276991129
0.250564814
0.247649670
0.274760008
0.253793001
0.250624418
0.264593363
0.250847101
0.253160954
0.248003483
0.253662825
0.241256237
0.254812479
0.267129898
0.252219915
0.266295671
0.265444279
0.274859905
0.250105381
0.247040033
0.258179903
0.234736443
0.240285397
0.250911951
0.272579908
0.263623238
0.244532585
0.261820793
0.246311665
0.244313478
0.238744497
0.248949051
0.249823809
0.249845266
0.249520302
0.241343260
0.244386911
0.278476000
0.243844509
0.260632753
0.270361900
0.241453886
0.285568476
0.265183449
0.249881744
0.242653608
0.244243622
0.263413429
0.265599966
0.266188145
0.247561693
0.248093367
0.319047451
0.243510962
0.247081280
0.264868498
0.246856689
0.250081539
0.260843277
0.261700869
0.246622562
0.264523983
0.281953573
0.244939804
0.244621515
0.240879774
0.260354757
0.255730867
0.245582342
0.271912575
0.250608921
0.251652956
0.259595156
0.248367071
0.238594055
0.295019865
0.236651659
0.275190353
0.266703367
0.266014099
0.250673056
0.261549473
0.262892723
0.276472092
0.279094458
0.264724016
0.270817280
0.260665417
0.248331785
0.241904974
0.253034353
0.253120422
0.254117250
0.259953022
0.264147997
0.253045082
0.266874313
0.285410643
0.248310328
0.257432222
0.242578983
0.242769718
0.265657663
0.259250641
0.247638702
0.243894815
0.248867989
0.257524252
0.248167515
0.246438503
0.259445429
0.244519711
0.241876602
0.238725424
0.272583008
0.262723923
0.270797491
0.290137053
0.276407242
0.241415977
0.239362955
0.242671013
0.249506474
0.247164726
0.239544868
0.256217241
0.264558792
0.273077726
0.244672537
0.305057526
0.245363474
0.247693062
0.248756647
0.240023851
0.245110512
0.251449823
0.245149374
0.256367922
0.249189377
0.247033119
0.264922619
0.254227161
0.261442661
0.258757353
0.252468348
0.246960163
0.246913910
0.252169847
0.254173279
0.219424486
0.242233753
0.233707905
0.237997532
