0.111016750
0.105370998
0.105249643
0.105378389
0.105426788
0.105301142
0.105360746
0.105350494
0.105419874
0.105399847
0.105295897
0.105276346
0.105386972
0.095735550
0.106206656
0.106226683
0.105473042
0.105419397
0.105493784
0.105353832
0.105509520
0.105387449
0.105492115
0.105512381
0.105383635
0.105363131
0.105390310
0.095245361
0.100295067
0.105715990
0.105448723
0.101437569
0.100079298
0.102529287
0.105802774
0.105852842
0.105658770
0.105267525
0.105326176
0.100627899
0.099910975
0.094644785
0.097308636
0.101747036
0.104465723
0.104343414
0.106002331
0.105558395
0.105334520
0.105409384
0.105300665
0.105441332
0.105369568
0.102542639
0.099975586
0.093142986
0.099938869
0.100096226
0.100724697
0.103560209
0.103845119
0.105813742
0.105461836
0.105696201
0.105328798
0.105368614
0.105351448
0.105306387
0.105368614
0.095244408
0.102621794
0.105725288
0.104362249
0.099708557
0.100930929
0.103010178
0.103265524
0.106216908
0.105306149
0.105278492
0.104142666
0.100109816
0.100539684
0.092921495
0.100600481
0.105714560
0.105299711
0.105385542
0.105347633
0.105234623
0.104366779
0.100076675
0.100545406
0.105721474
0.105552673
0.105292797
0.105297804
0.095170498
0.101600170
0.100566626
0.099724293
0.105002642
0.105723619
0.099960566
0.100245714
0.106330633
0.105889082
0.100633383
0.099782944
0.105092049
0.106001616
0.095406294
0.102038860
0.100654602
0.099936962
0.105553865
0.105594635
0.100216627
0.100116253
0.106056690
0.105937719
0.100200653
0.100418568
0.105203867
0.105561256
0.095234871
0.100702763
0.100036144
0.101872206
0.104645729
0.104532957
0.106028080
0.105381727
0.105537891
0.105377436
0.105376720
0.105381727
0.105413914
0.105407000
0.095215082
0.097294331
0.099951029
0.105622768
0.105563641
0.105371952
0.105360985
0.105390787
0.105229855
0.105354786
0.105333328
0.105263472
0.105284214
0.105231047
0.095253706
0.100652218
0.105658531
0.105167150
0.102864265
0.099984407
0.102255106
0.105577230
0.105823517
0.106157780
0.105911493
0.105392218
0.100698471
0.099953175
0.094744444
0.101265669
0.105548620
0.105155230
0.105187178
0.105165005
0.105192423
0.105182648
0.105289936
0.105259657
0.105550766
0.105171680
0.105250597
0.105230331
0.095220804
0.100106716
0.104082346
0.104024649
0.105615139
0.105961323
0.105478764
0.105388880
0.105321884
0.105351686
0.105700493
0.105336189
0.105301142
0.105269670
0.095099926
0.103047848
0.100718975
0.100223303
0.105216026
0.105496168
0.105481863
0.105562687
0.105604649
0.105523348
0.105434656
0.105393648
0.105326653
0.105318546
0.095164299
0.101422787
0.106056929
0.105355024
0.105316162
0.105388165
0.105448484
0.105463743
0.105535269
0.105392694
0.105267048
0.105262280
0.105268240
0.105263948
0.095154762
0.098548174
0.100306034
0.106001854
0.105243206
0.105576277
0.105340719
0.105266094
0.105302572
0.105353832
0.105231762
0.105157614
0.105247736
0.105169296
0.095038891
0.098019838
0.100188017
0.103629112
0.105569601
0.105284691
0.105248928
0.105221748
0.105136871
0.105260134
0.105168819
0.105126143
0.105150700
0.105142355
0.095062256
0.100667715
0.106180906
0.105306149
0.105288267
0.105282784
0.105291367
0.105307341
0.105280876
0.105209589
0.105324030
0.105230093
0.105341434
0.105228901
0.095237970
0.101777315
0.106070518
0.105436563
0.105394602
0.105275154
0.105300426
0.105430126
0.105309010
0.105323315
0.105424643
0.105315447
0.105255127
0.105234146
0.095188379
0.096629143
0.100442648
0.106257200
0.105936289
0.105560064
0.105216503
0.105323315
0.105381727
0.105336428
0.105319023
0.105354309
0.105324984
0.105305433
0.095156908
0.097459078
0.100060701
0.105098248
0.105465174
0.105494976
0.105323315
0.105409861
0.105333090
0.105319977
0.105383635
0.105324507
0.105318069
0.105293989
0.095220804
0.101793528
0.102161884
0.102829456
0.105887651
0.105348349
0.105368137
0.105285645
0.105319500
0.105366230
0.105316639
0.105359793
0.105301619
0.105410099
0.095236301
0.102980614
0.106030464
0.105841160
0.105554819
0.105360746
0.105269432
0.105524063
0.105327368
0.105376005
0.105446100
0.105340004
0.105355501
0.105324507
0.095217943
0.101151705
0.106149197
0.105438471
0.105421066
0.105334282
0.105368376
0.105405569
0.105473518
0.105405092
0.105528831
0.105376482
0.105380297
0.105340242
0.095195293
0.101515532
0.100624084
0.100111723
0.103549957
0.105712414
0.105314732
0.105499506
0.105428457
0.105316877
0.105499506
0.105345011
0.105354786
0.105370998
0.095205069
0.101293325
0.106443644
0.105419874
0.105345011
0.105574131
0.105455637
0.105390549
0.105486870
0.105382919
0.105414867
0.105304003
0.105376720
0.105300426
0.095271111
0.098294735
0.100444317
0.102619171
0.103036642
0.104912996
0.105241060
0.105781794
0.105971336
0.105562687
0.105290890
0.105291843
0.105261564
0.105293036
0.095236540
0.101590872
0.105739355
0.105476856
0.105391502
0.105440855
0.105538845
0.105513334
0.105515003
0.105511904
0.105441332
0.105341196
0.105408669
0.105378389
0.095268488
0.097130299
0.100244999
0.104407310
0.105553150
0.105360985
0.105374098
0.105490446
0.105321884
0.105452776
0.105463266
0.105415821
0.105367184
0.105328560
0.095241785
0.100337744
0.103279114
0.103301525
0.106224537
0.105491877
0.105468750
0.105555058
0.105348825
0.105436325
0.105407238
0.105376720
0.105418921
0.105372906
0.095293283
0.103444815
0.103119612
0.099988222
0.103499889
0.105644226
0.105318785
0.105329275
0.105368137
0.105337381
0.105529308
0.105377913
0.101058245
0.100009203
0.094712496
0.097798586
0.100059509
0.106228113
0.105393648
0.105391502
0.105346441
0.105461359
0.105357647
0.105286598
0.105324984
0.105304480
0.105307102
0.105286121
0.095139742
0.098582029
0.100066423
0.103614092
0.105637550
0.105374575
0.105546474
0.105433464
0.105396032
0.105456591
0.105322123
0.105313063
0.105284929
0.105335474
0.095233679
0.101681471
0.103827238
0.104125500
0.105937481
0.105902195
0.105820417
0.105411768
0.105359554
0.105415821
0.105381489
0.105272532
0.105468035
0.105395317
0.095238686
0.100566387
0.105738401
0.105355024
0.105369806
0.105292559
0.105344296
0.105414629
0.105314732
0.105490208
0.105317831
0.105265141
0.105264425
0.105296135
0.095219374
0.100755930
0.100338221
0.100104332
0.104961395
0.106004715
0.105552197
0.105381012
0.105355501
0.105334759
0.105362892
0.105323553
0.105367661
0.105355263
0.095266104
0.102184296
0.105654001
0.105297565
0.105312586
0.105354071
0.105353594
0.105441093
0.105386496
0.105357170
0.105384588
0.105339289
0.105349541
0.105427265
0.095260620
0.102117300
0.105656385
0.105414867
0.105369568
0.105399609
0.105362415
0.105429411
0.105410337
0.105373383
0.101341963
0.099794865
0.104395151
0.105792999
0.095241785
0.098459005
0.099965811
0.103768349
0.105597496
0.105228901
0.105304718
0.105394602
0.105319262
0.105504513
0.105292082
0.105292082
0.105299711
0.105275154
0.095181227
0.103196621
0.100657701
0.100188017
0.105023861
0.105741978
0.100149393
0.099969149
0.103502989
0.105820417
0.105385065
0.105318785
0.105329514
0.105347872
0.095273972
0.097215176
0.100340843
0.104399920
0.105419874
0.105155945
0.105321169
0.105253935
0.105327129
0.105246782
0.105324268
0.105309010
0.105189323
0.105296373
0.095232248
0.102915049
0.105571747
0.105286360
0.105294228
0.105164528
0.105273008
0.105275631
0.105351448
0.105369091
0.105277538
0.105246305
0.105275869
0.105206728
0.095187426
0.102332830
0.105789661
0.105401754
0.105311155
0.105459690
0.105429649
0.105326891
0.105391502
0.105402470
0.105288267
0.105176449
0.105135202
0.105166674
0.095312595
0.106072903
0.105419159
0.105185747
0.105111122
0.105178595
0.105362654
0.105314732
0.105169296
0.105231762
0.105259418
0.105229378
0.105204105
0.105277777
0.095111609
0.105319500
0.105648041
0.105454683
0.105245829
0.105278492
0.105209827
0.105303288
0.105230093
0.105399132
0.105342388
0.105318308
0.105217457
0.105283976
0.095147133
0.105890751
0.105412483
0.105251551
0.105184555
0.105271816
0.105274439
0.105186939
0.105326653
0.105196476
0.105294943
0.105235815
0.105263472
0.105091810
0.095021963
0.106581926
0.105172396
0.105250359
0.105321646
0.105459213
0.105325460
0.105130672
0.105269909
0.105376720
0.105154514
0.105105162
0.105095387
0.105119705
0.095031977
0.105853081
0.105574131
0.105349541
0.105214834
0.105252743
0.105376244
0.105231762
0.105278969
0.105275154
0.105384827
0.105246782
0.105309010
0.105276108
0.095216274
0.106314659
0.105525732
0.105375290
0.105378628
0.105561733
0.105303288
0.105504751
0.105361700
0.105284691
0.105414629
0.105401039
0.105272055
0.105330944
0.095237494
0.105249643
0.105578423
0.105398655
0.105374813
0.105438948
0.105447054
0.105310440
0.105381250
0.105298996
0.105426550
0.105404854
0.105280161
0.105240583
0.095260382
0.105373383
0.105697870
0.105370283
0.105386496
0.105391026
0.105352879
0.105356932
0.105487823
0.105379105
0.105319738
0.105379581
0.105362892
0.105390549
0.095266104
0.106302500
0.105592966
0.105404377
0.105378389
0.105315924
0.105508566
0.105384111
0.105409622
0.105547190
0.105401993
0.105368853
0.105476618
0.105490208
0.095276356
0.105949402
0.105610847
0.105507612
0.105781317
0.105330944
0.105399847
0.105409384
0.105485201
0.105413675
0.105448008
0.105381966
0.105313540
0.105357409
0.095200300
0.098878145
0.100391150
0.104961872
0.105535984
0.105403185
0.105424643
0.105360508
0.105687618
0.105480671
0.105331659
0.105335474
0.105343580
0.105320215
0.095237732
0.098211527
0.100507975
0.104023933
0.105641127
0.105459213
0.105357170
0.105406046
0.105472803
0.105338573
0.105482817
0.105279922
0.105331182
0.105518818
0.095071316
0.102461338
0.105225086
0.105159760
0.105755091
0.105830669
0.105605841
0.105484962
0.105535984
0.105551243
0.105469704
0.105384111
0.105639696
0.105401278
0.095262766
0.102660656
0.105780125
0.105395079
0.105368376
0.105581522
0.105318785
0.105563402
0.105318069
0.105374098
0.105557442
0.105364561
0.105254650
0.105349064
0.095211506
0.097579241
0.100139618
0.105699301
0.105762243
0.105863094
0.105311155
0.105376959
0.105369806
0.105753422
0.105372667
0.105362654
0.105292559
0.105373621
0.095170975
0.102145433
0.104403734
0.104259253
0.106090546
0.105814695
0.105576754
0.105492115
0.105756283
0.105282307
0.105481386
0.105302811
0.105344534
0.105338335
0.095207214
0.097935915
0.100211620
0.105181217
0.106068850
0.100387573
0.100382566
0.106107712
0.105655432
0.105424881
0.105544567
0.105360746
0.105343580
0.105321407
0.095210075
0.102894068
0.105658293
0.105444193
0.105399847
0.105462790
0.105341911
0.105593920
0.105334520
0.105352879
0.105421066
0.105308294
0.100353003
0.100469351
0.093685627
0.100563765
0.103043795
0.103350163
0.105731964
0.105640411
0.106128693
0.105336428
0.105360270
0.105386257
0.105334759
0.105306864
0.105539322
0.105315924
0.095187187
0.101154327
0.103801489
0.099789381
0.101916790
0.105606079
0.105191946
0.105655909
0.105248928
0.105264187
0.105431318
0.105220318
0.105273008
0.105358124
0.095158100
0.102798223
0.103116035
0.104643822
0.105639935
0.105304241
0.105361462
0.101091385
0.100107908
0.104925394
0.105564117
0.105309963
0.105322599
0.105379343
0.095192194
0.101479530
0.105930090
0.105363607
0.105528831
0.105398417
0.105370760
0.105421305
0.105360031
0.105394363
0.105316639
0.105340242
0.105345249
0.105399370
0.095213652
0.098420143
0.101239204
0.104202509
0.104289293
0.105928659
0.105795145
0.105822086
0.105264664
0.105296850
0.105406523
0.105233908
0.105305910
0.105336905
0.095194101
0.103578568
0.106106997
0.105717897
0.105741978
0.105298519
0.105370283
0.105386496
0.105513334
0.105366230
0.105526924
0.100152969
0.099978209
0.105157614
0.095822573
0.101500750
0.102092266
0.099848986
0.104114532
0.105733633
0.105386734
0.105423927
0.105534077
0.105411291
0.105335951
0.105404139
0.105343342
0.105297089
0.095223188
0.099030972
0.100227356
0.105760813
0.105884552
0.105521917
0.105460405
0.105973721
0.105625868
0.105449915
0.105422497
0.105284214
0.105362654
0.105305195
0.095225096
0.100360870
0.106171370
0.105381489
0.105460167
0.105369091
0.105476379
0.101712942
0.100100994
0.104192734
0.105678558
0.105368853
0.105409861
0.105315447
0.095208168
0.099727869
0.103771925
0.103803873
0.106143951
0.105418921
0.105319500
0.105326653
0.105419636
0.105363369
0.105328321
0.105343342
0.105288744
0.105321646
0.095191240
0.101538420
0.105866194
0.105312586
0.105354548
0.105363131
0.105494499
0.105399847
0.105344296
0.105433464
0.105480433
0.105317116
0.105337858
0.105285645
0.090972662
0.097736835
0.100511074
0.105269670
0.105588198
0.105462074
0.105294943
0.105299711
0.105341196
0.105407476
0.105356455
0.105391741
0.105338812
0.105303049
0.095288515
0.100429058
0.099922895
0.100710869
0.103449821
0.103879690
0.105637789
0.105698824
0.105760574
0.105329037
0.105293751
0.105364561
0.105289459
0.105364084
0.095352173
0.102746725
0.105669022
0.105335474
0.105322361
0.105374098
0.105464697
0.105373621
0.105442047
0.105426073
0.105522871
0.105333328
0.105394840
0.105404139
0.091723204
0.096833229
0.100463152
0.106254816
0.105984688
0.105776787
0.105461836
0.105492830
0.105394363
0.105319262
0.105411530
0.105272770
0.105335712
0.106007814
0.095483065
0.097686529
0.100654840
0.105815649
0.105494738
0.105432510
0.105385542
0.105387926
0.105497837
0.105276108
0.105364084
0.105415583
0.105319262
0.105318308
0.095214605
0.101719856
0.105777025
0.105559826
0.105772734
0.105503321
0.105426073
0.105515718
0.105335236
0.105537891
0.105289936
0.105344772
0.105437517
0.105417013
0.095195055
0.101426840
0.106036901
0.105322838
0.100771904
0.100204229
0.103284121
0.105654001
0.105545282
0.105400324
0.101093292
0.099995136
0.104876995
0.105593443
0.095232010
0.097276926
0.100121737
0.105999708
0.105884790
0.105745554
0.105304956
0.105323076
0.105366468
0.105941296
0.105515003
0.105263472
0.105327129
0.105320692
0.095229149
0.099797010
0.106063366
0.105380774
0.105325222
0.105328560
0.105314970
0.105375528
0.105372429
0.101200104
0.100059748
0.104884863
0.105454683
0.105328321
0.095144033
0.101148129
0.106184959
0.105351210
0.105343342
0.105400085
0.105929613
0.105791092
0.105376959
0.105270386
0.105972052
0.105504751
0.105316162
0.105380297
0.095228672
0.102437735
0.105574369
0.105387449
0.105336428
0.105522394
0.105414629
0.105441809
0.105387926
0.105344057
0.105368376
0.105352879
0.105311632
0.105341673
0.095201492
0.101214647
0.105710983
0.105293989
0.105433702
0.105458021
0.100652456
0.100023270
0.105028629
0.105785370
0.105437756
0.105309963
0.105359793
0.105348110
0.095278025
0.101280689
0.105958223
0.105421066
0.105306149
0.105363607
0.105383873
0.105322838
0.105353355
0.105304480
0.105491161
0.105362177
0.105354071
0.105340481
0.095206976
0.097325087
0.100946426
0.105306387
0.104996443
0.105931044
0.105627298
0.105319738
0.105497837
0.105298996
0.105300188
0.105364323
0.105390787
0.105281115
0.095224857
0.097318411
0.100678682
0.105195045
0.105538368
0.105346441
0.105390787
0.105505466
0.105363846
0.105503798
0.105350256
0.105361700
0.105647564
0.105309486
0.095259428
0.100580931
0.103336334
0.103294373
0.105600357
0.105329990
0.105678797
0.105317116
0.105402231
0.105335236
0.105463266
0.105347395
0.105286598
0.105315924
0.095209837
0.103941679
0.100695372
0.100266695
0.105282784
0.105705023
0.105344296
0.105445623
0.105356216
0.105367899
0.105383873
0.105329514
0.105313778
0.105304480
0.095226288
0.101909876
0.106365919
0.105376959
0.105493546
0.105378628
0.105319023
0.105333328
0.105385780
0.105406523
0.105412960
0.105444908
0.105302572
0.105304480
0.095201254
0.097895861
0.100348949
0.104426622
0.105473757
0.105334520
0.105416775
0.105319500
0.105359077
0.105230331
0.105322123
0.105294704
0.105333090
0.105302095
0.095188856
0.103428841
0.105816841
0.105732203
0.105614901
0.105255842
0.105340719
0.105473280
0.105474710
0.105376005
0.105499268
0.105534554
0.105297089
0.105309486
0.095322609
0.102740765
0.104790449
0.104980230
0.105812550
0.105970144
0.105553389
0.105319977
0.105463266
0.105345726
0.105310917
0.105269194
0.105341673
0.105280399
0.095170498
0.102804661
0.105540752
0.105359554
0.105313540
0.105303526
0.105257511
0.105268717
0.105450869
0.105538845
0.105304718
0.105273485
0.105315924
0.105255842
0.095157385
0.102209091
0.105581522
0.105269194
0.105319977
0.105371237
0.105271578
0.105310440
0.105251551
0.105261564
0.105298281
0.105273962
0.105282545
0.105268717
0.095138073
0.097586632
0.100512505
0.104177475
0.104463100
0.105856180
0.106071949
0.105629444
0.105293751
0.105334997
0.105306387
0.105390310
0.105340958
0.105297089
0.095242262
0.096621513
0.100572109
0.105856895
0.106020689
0.105581760
0.105255365
0.105268478
0.105218887
0.105277061
0.105462313
0.105272055
0.105294943
0.105257273
0.095184088
0.100333691
0.102850199
0.103564501
0.105747461
0.105466604
0.105316639
0.105463505
0.105329275
0.105312347
0.105326176
0.105303049
0.105249643
0.105236769
0.095149040
0.101118803
0.100111008
0.100757837
0.104459047
0.104343414
0.105772972
0.105875254
0.105679750
0.105279922
0.105375051
0.105283499
0.105293274
0.105263233
0.095240593
