1.525770903
1.520437479
1.516708374
1.495821714
1.506616831
1.486347675
1.501753330
1.487751484
1.491910219
1.515995026
1.501509905
1.493385553
1.510787249
1.515568018
1.505309105
1.518661499
1.506921053
1.511236906
1.512132645
1.524588823
1.512794256
1.511871815
1.510983467
1.519080877
1.527902603
1.507325888
1.528471708
1.522293091
1.522472620
1.515830040
1.516709566
1.505353689
1.514986277
1.508713007
1.514311552
1.514036417
1.511097193
1.532885551
1.512264967
1.521631241
1.494569778
1.502856731
1.516322613
1.520126104
1.512849808
1.520433664
1.515216827
1.515371084
1.529244661
1.523884535
1.522409916
1.521171331
1.525646448
1.523456812
1.511131287
1.516845226
1.515950441
1.527509212
1.508087873
1.513459921
1.508884907
1.509467602
1.517817259
1.507262945
1.509516716
1.519512653
1.511649847
1.516762018
1.512921095
1.514684200
1.509978771
1.516296148
1.516769171
1.514562845
1.511179447
1.518868208
1.516211271
1.517164230
1.519601822
1.504986048
1.506022692
1.509888411
1.519348860
1.521927357
1.519560814
1.528240919
1.508542538
1.509913921
1.510768890
1.509944916
1.518299103
1.505482674
1.537874222
1.534527302
1.516721249
1.516039848
1.515952110
1.517907858
1.506769419
1.509284735
