0.018229723
0.018013954
0.019817114
0.020140409
0.019946814
0.019761562
0.019768476
0.019826889
0.019710064
0.019581795
0.021425724
0.021590233
0.021582603
0.021566153
0.021570444
0.021472454
0.021499634
0.021551609
0.021518469
0.021670103
0.021664381
0.021693468
0.021995306
0.021688223
0.021455765
0.021458149
0.021427631
0.021429539
0.021422386
0.021466494
0.021446228
0.021480560
0.021411896
0.021482706
0.021590948
0.021550894
0.021512747
0.021493435
0.021448851
0.021392107
0.021433592
0.021538019
0.021462679
0.021427631
0.021443844
0.021396637
0.021399736
0.021390676
0.021455288
0.021369696
0.021433115
0.021416664
0.021375418
0.021488428
0.021513224
0.021406412
0.021466255
0.021435022
0.021377802
0.021433353
0.021480560
0.021384954
0.021554708
0.021600723
0.021500111
0.021534204
0.021462202
0.021641970
0.021554232
0.021502495
0.021476269
0.021460533
0.021490335
0.021483660
0.021458149
0.021448851
0.021636009
0.021512270
0.021512508
0.021465540
0.021430492
0.021428108
0.021409273
0.021467447
0.021524191
0.021474838
0.021474123
0.021433592
0.021515608
0.021524906
0.021479368
0.021446943
0.021453381
0.021414280
0.021414757
0.021377325
0.021431446
0.021435022
0.021408081
0.021552563
0.021468639
0.021396160
0.021394730
0.021424770
0.021438837
0.021517515
0.021537542
0.021452904
0.021516800
0.021441221
0.021453857
0.021497011
0.021457911
0.021441936
0.021444082
0.021462440
0.021531105
0.021574974
0.021513462
0.021490574
0.021428108
0.021486521
0.021448851
0.021455288
0.021480083
0.021450758
0.021473408
0.021462679
0.021416187
0.021417141
0.021435499
0.021420717
0.021443605
0.021424770
0.021466970
0.021450758
0.021432400
0.021469355
0.021454334
0.021433353
0.021385670
0.021399736
0.021398067
0.021399498
0.021446943
0.021418333
0.021472692
0.021461725
0.021490335
0.021466017
0.021528244
0.021511078
0.021445990
0.021502972
0.021462917
0.021504164
0.021483660
0.021477222
0.021437883
0.021460533
0.021378517
0.021371841
0.021396875
0.021408319
0.021429777
0.021400928
0.021434546
0.021400928
0.021373749
0.021443605
0.021439314
0.021435738
0.021427631
0.021395922
0.021553755
0.021518230
0.021524906
0.021478176
0.021695614
0.021535158
0.021488905
0.021492004
0.021486282
0.021465540
0.021524191
0.021518469
0.021461248
0.021482706
0.021496296
0.021664381
0.021516562
0.021516562
0.021543264
0.021544218
0.021497965
0.021507502
0.021454096
0.021421909
0.021398783
0.021416664
0.021432638
0.021437407
0.021567822
0.021458626
0.021417618
0.021429777
0.021407843
0.021421194
0.021513462
0.021492958
0.021461487
0.021433830
0.021447420
0.021391153
0.021366596
0.021407843
0.021368504
0.021403074
0.021401882
0.021479845
0.021516085
0.021416187
0.021409035
0.021404505
0.021427393
0.021409750
0.021392107
0.021411657
0.021393061
0.021446943
0.021423817
0.021511316
0.021466017
0.021436930
0.021409750
0.021443367
0.021448374
0.021348715
0.021404743
0.021437645
0.021469593
0.021414042
0.021401882
0.021453381
0.021389008
0.021403074
0.021415710
0.021413088
0.021492004
0.021463633
0.021389484
0.021414280
0.021419525
0.021409512
0.021432400
0.021389246
0.021369696
0.021418333
0.021390200
0.021393299
0.021424294
0.021430731
0.021422625
0.021404982
0.021435022
0.021444559
0.021441221
0.021408796
0.021386385
0.021442890
0.021430016
0.021393061
0.021395445
0.021420717
0.021409273
0.021413565
0.021415472
0.021439314
0.021363258
0.021423578
0.021394491
0.021384716
0.021353960
0.021406412
0.021409273
0.021380424
0.021408558
0.021403551
0.021379232
0.021372318
0.021393776
0.021385193
0.021403313
0.021399736
0.021458626
0.021515846
0.021495104
0.021470308
0.021506071
0.021483660
0.021452427
0.021548033
0.021528244
0.021464586
0.021489859
0.021462440
0.021471024
0.021459103
0.021456957
0.021478653
0.021462679
0.021451235
0.021412373
0.021476746
0.021523476
0.021523476
0.021413088
0.021442413
0.021436214
0.021424055
0.021438122
0.021409750
0.021423578
0.021388054
0.021418333
0.021429300
0.021398544
0.021436214
0.021418571
0.021446705
0.021416664
0.021418095
0.021441221
0.021398783
0.021427631
0.021397829
0.021408558
0.021404982
0.021426201
0.021398067
0.021466255
0.021477222
0.021451712
0.021453381
0.021433592
0.021549463
0.021541834
0.021556616
0.021459579
0.021456957
0.021455765
0.021466017
0.021439552
0.021450758
0.021496058
0.021729946
0.021492720
0.021449327
0.021451235
0.021462917
0.021516085
0.021512270
0.021480083
0.021450996
0.021509409
0.021434784
0.021471500
0.021451950
0.021478176
0.021469116
0.021469593
0.021478653
0.021470070
0.021444321
0.021432400
0.021507740
0.021457195
0.021432161
0.021446466
0.021484613
0.021438837
0.021520615
0.021503210
0.021574020
0.021492004
0.021488190
0.021482706
0.021489859
0.021514893
0.021457672
0.021457434
0.021436691
0.021486282
0.021478653
0.021487713
0.021397829
0.021400928
0.021353722
0.021476030
0.021413326
0.021384716
0.021423578
0.021439075
0.021419764
0.021407843
0.021390676
0.021417618
0.021402121
0.021436453
0.021437168
0.021432877
0.021411180
0.021436691
0.021446943
0.021524668
0.021450758
0.021406412
0.021430969
0.021428823
0.021449089
0.021460772
0.021430969
0.021451950
0.021427155
0.021427631
0.021396399
0.021457672
0.021448374
0.021387339
0.021396875
0.021435022
0.021418810
0.021449327
0.021464825
0.021483660
0.021465063
0.021460056
0.021440029
0.021421432
0.021405220
0.021428108
0.021469116
0.021475554
0.021464109
0.021464109
0.021402597
0.021416187
0.021380663
0.021453857
0.021449804
0.021409988
0.021400452
0.021404505
0.021428585
0.021416187
0.021403790
0.021424770
0.021484137
0.021442175
0.021379948
0.021419287
0.021443605
0.021406174
0.021381617
0.021386147
0.021418810
0.021382332
0.021396875
0.021398306
0.021445513
0.021390676
0.021421909
0.021391630
0.021370649
0.021404028
0.021378279
0.021413326
0.021381378
0.021414995
0.021385908
0.021439552
0.021453142
0.021414518
0.021462202
0.021472216
0.021517515
0.021438837
0.021435738
0.021474838
0.021420479
0.021371841
0.021424055
0.021416664
0.021412134
0.021428585
0.021440268
0.021424532
0.021397114
0.021423578
0.021416426
0.021409750
0.021437168
0.021406651
0.021445036
0.021450758
0.021507025
0.021433353
0.021518946
0.021406889
0.021356106
0.021397352
0.021516800
0.021427870
0.021398067
0.021431446
0.021436691
0.021446228
0.021395683
0.021377802
0.021390676
0.021376371
0.021417856
0.021468878
0.021399260
0.021435261
0.021410704
0.021385193
0.021397591
0.021449089
0.021455526
0.021446705
0.021414042
0.021415949
0.021440744
0.021395683
0.021453857
0.021436930
0.021434069
0.021399021
0.021435022
0.021414042
0.021426678
0.021429062
0.021385193
0.021393538
0.021427631
0.021392822
0.021373034
0.021404028
0.021381140
0.021423101
0.021419764
0.021419764
0.021472931
0.021401167
0.021423340
0.021401405
0.021408319
0.021383047
0.021374702
0.021381855
0.021382809
0.021460772
0.021439075
0.021434546
0.021400213
0.021397114
0.021393538
0.021391392
0.021415234
0.021412134
0.021438360
0.021437645
0.021403074
0.021397829
0.021385908
0.021430016
0.021422386
0.021388292
0.021413088
0.021386623
0.021443844
0.021436214
0.021406651
0.021407366
0.021395922
0.021388531
0.021431684
0.021448135
0.021443605
0.021373272
0.021382093
0.021424055
0.021426916
0.021443129
0.021408081
0.021361589
0.021385908
0.021410465
0.021398067
