2.504603863
2.427872419
2.175916672
2.099975586
2.134115934
2.177585125
2.173136711
2.093894243
2.106914997
1.570068836
2.234160900
2.372551680
2.236289740
2.263828039
2.138325691
2.097842216
2.003349543
2.154164314
2.024410009
1.436353445
2.194708824
2.089936256
2.030723095
2.199714422
2.159022093
2.111236572
1.996741772
2.046140909
2.031285286
1.318024397
2.249859095
2.095326662
2.045354366
2.036493063
2.060661077
2.107770205
1.997293472
2.034272671
2.085887671
1.311473370
2.236232519
2.140986204
2.093125582
2.183845282
2.085039616
2.183767796
2.066757917
1.974166393
2.138483286
1.608060360
2.194996595
2.033777952
2.053297520
2.066227436
2.039757490
2.111207008
2.016965389
1.999041319
2.039354563
1.296236992
2.324233294
2.028619766
1.987554789
2.297302485
2.199446678
2.008481741
2.000757694
1.981529951
2.036712646
1.363385201
2.221612215
2.002116919
1.990003824
2.009883165
2.032784939
1.993874311
1.972301960
1.968935251
1.961903572
1.299015284
2.167142868
2.070208788
2.354116917
1.997058868
2.002444983
2.013393641
2.092586756
2.030917168
1.967587471
1.390896797
2.365290403
2.003785849
2.057605267
2.077850580
2.049780846
2.029190302
1.959823132
1.946324348
1.948438168
1.346577168
2.178107500
2.085175037
2.072260618
2.061413527
2.072006941
2.139386654
1.975323439
2.018121481
2.002186775
1.415490150
2.153847456
2.027600527
1.974951744
2.045683146
2.040304661
1.994380713
1.943572760
1.917001486
1.937444687
1.316373587
2.154188871
2.035168886
2.017943621
2.006958008
2.076254845
2.081749201
2.007946014
1.961424112
1.932628870
1.336880207
2.208554983
2.093540430
2.014499664
2.078106880
2.177444696
2.047991753
2.000212908
1.996374846
1.982131720
1.311700344
2.167512178
1.995219231
2.057672024
1.988116741
1.990465164
2.019976377
2.000813246
2.129813671
1.944871426
1.340442419
2.242996931
2.022502184
1.975443840
1.988351822
2.018635273
1.978336096
1.936469316
1.967805862
1.942131281
1.299391985
2.161006451
2.087370396
2.005015373
2.021114588
2.043278217
1.991699934
1.972945213
2.093502522
2.008007288
1.307734728
2.217190981
1.975697279
1.991206169
2.013060808
2.244457483
1.962479353
1.912814617
1.963586092
1.934514523
1.325121164
2.136732817
2.057024479
2.048169851
2.012591600
2.036014795
2.032401562
1.971470118
1.984485865
1.942769527
1.338208437
2.125890493
1.979542017
2.018322945
2.087220430
2.007751465
1.999989510
2.042567015
1.964567184
1.941844463
1.352729559
2.190247774
2.069475889
2.043709040
2.093731403
2.545321941
2.116868019
2.292011023
2.048269033
2.050582886
1.326265812
2.182975054
2.039866447
2.004586697
1.983311176
1.940659761
1.961642742
1.983382702
1.947769880
1.961472988
1.329592943
2.219982624
2.022893190
1.999140978
2.023320198
2.037994146
2.178492308
1.977209330
1.929924250
1.945562124
1.353822947
2.180643082
1.990000486
2.035525084
1.969543695
2.005518675
1.960884809
1.954341888
2.083471060
2.018700361
1.329395056
2.138338327
2.050691366
2.040660620
1.997562170
2.168425083
2.038013697
1.987339020
2.139970064
1.933778524
1.430994987
2.178666592
1.990646601
2.021048546
1.999626637
2.058943033
2.011551619
1.946985245
2.015609026
1.950025797
1.316158533
2.151132345
2.092829704
2.076118708
1.990201712
2.026746035
1.968499184
1.954328775
1.934140921
1.974315882
1.318440437
2.163244009
2.060013771
2.451315165
2.091217995
1.997835398
1.958208084
1.930781603
2.158445835
1.962173462
1.311591864
2.151958466
2.056420565
2.050825596
2.063910961
1.973268509
2.003496408
1.920071363
1.916058540
1.950112820
1.335045099
2.254493237
1.992992163
1.951925516
2.099245548
2.005045652
2.078150988
1.961289644
1.980705500
2.027315378
1.339053392
2.171618223
2.013032436
2.012683868
2.008288622
2.072536230
1.983885288
1.984139204
1.995273590
2.013339520
1.329515219
2.222868204
2.027461767
2.016505241
2.062591791
1.994217634
2.023064375
1.974961281
1.965384245
2.194411278
1.337389469
2.199731588
1.999158859
2.016665697
2.064251423
1.998067379
1.974399090
1.933022022
1.961831570
1.959438086
1.639526129
2.195172310
2.070373535
1.974136829
1.982551813
1.958907843
1.954990864
1.937380075
2.114996433
1.916274309
1.307363749
2.161375523
1.971609592
1.990306139
2.045650959
2.079864025
2.046098232
1.955554724
1.944360971
1.908199549
1.351944208
2.198979616
2.333379269
2.002527475
1.952861071
2.074041843
2.122179508
1.952611685
1.935344696
1.949500561
1.336646557
2.247157812
1.997570276
2.113282919
2.002380371
2.300027370
1.986783266
2.019675016
1.915519476
1.943999767
1.310058355
2.231609821
2.041654587
2.000598669
2.061616421
2.017217636
1.982738733
1.977102280
1.996258974
1.959493876
1.311927557
2.182999611
2.101185799
2.084383965
2.004032373
1.999686718
1.988057375
2.023190260
1.971123457
1.965549231
1.375339746
2.150187969
2.014055014
2.083039999
1.962858677
1.991596937
1.972532272
1.906128407
1.921253204
1.994262934
1.317386150
2.192116976
2.152276754
1.968486786
1.963498354
2.005934954
2.032668114
1.922854900
1.968508482
2.021824598
1.309204340
2.102775812
1.976691961
1.983533621
1.982278109
2.013178825
1.969766855
1.926644087
1.920174122
1.948938370
1.328416586
2.358412981
2.171601057
1.986060619
2.012274027
2.015693426
2.021350145
1.971037626
1.923006535
1.909609318
1.310600519
2.175169706
1.973308325
2.016064882
1.977696180
1.990242958
1.985859871
2.002232552
1.948324680
1.969383001
1.317907572
2.531220675
2.016805649
2.017698765
2.062233210
1.978507757
1.993252993
1.975273371
1.935737133
1.946934700
1.391003132
2.149413586
1.986084461
2.002874136
1.970896006
2.038553715
1.973917484
1.914921522
1.924149275
1.898769140
1.284057140
2.148722172
2.030815363
2.033324718
2.027482510
2.125242710
1.986404657
1.947734833
1.927475214
1.983411789
1.465919256
2.197892427
2.024488211
2.001076698
1.996128082
2.011620283
2.047254086
2.023093462
1.935473680
1.920810461
1.303423405
2.185846329
2.002570391
2.068462133
1.978265524
2.011127710
2.054413557
1.998050928
1.954131603
1.982889891
1.315483570
2.143539906
1.992043972
1.981311560
2.043531418
2.027215719
2.010652065
1.931812048
1.959716558
1.959025145
1.324413300
2.138600826
1.980265379
2.064150810
1.986818552
1.985437393
1.980070114
1.968507528
1.988152742
1.978548288
1.355749846
2.173872948
1.970769167
2.051169395
1.992966652
1.990427732
2.443956137
1.970404387
1.983692169
1.954867601
1.327786207
2.171252489
2.072563887
2.035587549
2.018727779
2.046413898
2.414206743
2.033860922
1.936087847
1.924179554
1.318106174
2.265412807
2.019871712
2.224730253
2.007313967
1.974290609
2.004245520
1.944633245
1.967152596
1.926412344
1.322932959
2.193078518
2.046282768
2.004637241
2.014292717
2.010689259
2.010719538
1.970022678
2.011712551
1.951351643
1.330489635
2.162085533
2.111405611
1.995821238
1.993555784
2.047759295
1.995867252
1.984693050
1.971175194
1.955716133
1.296833277
2.141828299
1.985223055
2.066001654
2.045978069
2.146397352
2.072026253
2.010994434
1.955996752
2.108011246
1.363433599
2.164888859
2.030458450
2.007053852
1.983947039
2.001984119
1.983449221
1.921221972
1.941303253
1.974594116
1.312937021
2.217909575
2.081518650
2.092092037
2.068352222
1.983451605
1.961485147
1.942819595
1.937142611
1.943956137
1.331386805
2.478945732
2.056093931
2.116321802
2.030328751
1.973565578
2.050119400
1.951205969
2.029787064
1.953125000
1.334042549
2.172389030
2.082936764
1.990646601
2.175689697
2.073571444
1.993549585
1.982759714
2.026989222
2.060683489
1.348426104
2.154754639
2.153714180
1.985050917
1.972531080
2.000561237
1.991393805
1.935534477
1.937884331
1.953613043
1.304517508
2.298112392
2.005954027
2.103835583
1.991859198
2.143354893
1.970344067
1.949216843
1.949053288
1.924365282
1.556459188
2.194993496
2.101836920
1.976923704
2.003589869
2.024288654
1.944228888
1.938490152
2.151835203
2.070197821
1.314496756
2.148200035
2.089548826
2.065665483
2.008850813
2.056998491
2.015255690
2.014536619
1.936373711
1.991370201
1.382951260
2.182972908
2.024173260
1.972085238
1.975119114
2.021479845
1.940125942
1.925863743
1.911350727
1.938532591
1.300889492
2.148904324
2.094082117
2.011990786
2.009391308
1.971795559
2.046142340
1.960545301
1.964952707
1.941814423
1.325168133
2.236093044
1.968621731
2.005172014
2.007072926
1.981869936
1.959046841
1.927264452
1.960285425
1.922787189
1.327763319
2.196662188
2.064389944
2.117438316
2.014632702
2.104380369
1.984419107
1.930626869
1.915094614
2.064856768
1.334576607
2.199994802
2.100183964
1.999171972
2.040730000
1.992295027
2.169525146
1.941601515
1.929554939
1.947511196
1.311142206
2.207971573
2.030027390
2.029949427
2.001335144
2.127809286
1.984999895
1.960310936
2.011816502
1.977718353
1.328033686
2.179226637
2.036138296
2.012516022
1.959295750
1.970585585
1.983357430
1.924286127
1.945640802
1.954270840
1.327762127
2.138301849
1.994515896
1.990488768
2.271686316
2.042763948
2.004685402
2.012202978
1.992065430
1.944601774
1.336031199
2.135034800
2.005660534
2.007185459
2.007905483
1.980633736
2.070128918
1.903104067
2.038731575
2.004442692
1.319026232
2.149159431
2.031558752
1.981176615
1.994665861
2.112851143
1.997622252
2.028569698
1.962333441
1.975066900
1.320044994
2.163625479
2.003842115
2.005358696
1.994185209
2.004897594
1.968480110
1.990341425
1.991795540
1.921684980
1.301530361
2.177880764
2.082808256
2.021773577
2.049381256
2.067352772
2.153314114
2.109786034
2.197208881
1.962687731
1.357704878
2.205785275
2.003886223
2.022830963
1.985311985
2.032457829
2.041637421
1.970752716
1.934888840
2.039607763
1.300751686
2.144891500
2.037129641
1.995670080
1.965897083
1.994261503
2.000461340
2.021991730
1.926276207
2.061827660
1.391917706
2.144592762
1.981028795
2.022977829
1.980470657
2.008392572
2.076848269
1.950557709
1.989899635
1.965934992
1.603521585
2.161225080
2.012492180
2.028559446
2.035736799
1.989057302
2.003762007
1.963422298
1.935029984
1.982424736
1.422287464
2.125463486
1.971351624
2.022486448
1.972082376
2.004747391
1.954340219
2.091465950
2.138176680
2.380567312
1.349881887
2.131308317
2.048597336
1.973034143
2.011022329
1.973725080
2.000078201
1.958461523
1.914849997
1.931830406
1.362640858
2.169877768
1.988743067
1.995387554
1.949022770
1.968126774
2.002090693
1.956110716
1.957880497
1.896553755
1.318774939
2.173196793
2.071916580
2.057412148
1.991971254
1.976284742
1.958979607
1.949739933
1.948244333
2.329504251
1.322340012
2.146698952
2.027485609
2.100201130
1.960612535
1.994609356
1.977742195
1.924082756
1.908696651
1.940005064
1.639413834
2.167351246
2.196793795
1.997809172
2.103989840
2.100132465
2.116165638
1.948625326
1.931014776
1.947122812
1.327489376
2.149844408
1.977455139
1.967776775
2.072296619
2.013227940
2.023811817
1.940730333
1.935910940
1.916131258
1.287495852
2.198363543
1.982197285
2.051991224
2.212332964
1.956011295
1.969305515
2.028106451
1.933491468
1.980529785
1.318584204
2.184278011
2.050953388
2.089318037
2.064278841
1.965603590
1.955708027
1.912587166
1.937748432
2.006450891
1.303766012
2.143967152
2.062527418
2.092486620
1.994170666
2.033119202
2.030989647
1.960529804
1.995172739
2.093766212
1.383703709
2.173544407
2.026740789
2.014529705
1.995679855
2.003009081
1.951083422
1.928411007
1.923739195
1.938266516
1.301782370
2.192820787
2.012758493
1.994019508
2.003088951
2.045032263
2.008715868
1.975907564
1.952727556
2.199415684
1.345286131
2.140434265
2.036423683
1.997016907
1.957658291
1.967106819
1.968624353
1.930710554
2.033010006
1.937698841
1.364911079
2.166311502
1.994950294
2.004008293
2.086861134
2.181281090
1.992450476
2.020943880
1.945352077
1.921843290
1.348990202
2.177342176
2.009219170
2.025495052
1.975234985
1.996567488
2.027063847
1.951157570
1.933167934
1.960101128
1.337021589
2.155152559
2.122438669
1.973253965
1.998623848
2.122321367
2.061628819
2.099248648
1.936545372
1.963128090
1.361907721
2.203710556
2.291050673
2.015712023
1.987068653
1.977977991
1.939567089
2.021449089
1.923381329
1.964927912
1.380240679
2.232893944
2.062118292
2.095404625
2.065917730
2.030847311
1.948967695
1.942740202
1.914102793
1.952474117
1.323157549
2.615723610
1.992583752
1.970801592
1.957040548
1.982276440
1.997207880
1.949421644
1.955259800
1.942087889
1.326325655
