21.712677240
21.244536161
20.457572222
20.297796965
20.980439186
20.135392666
20.513605595
19.736747980
20.363785982
20.064785719
20.297049046
19.632313967
19.884117365
20.186295986
19.910744190
19.654364347
19.988662481
19.814556360
19.853635311
19.802330017
21.058656931
19.610285044
19.964417219
19.812765837
20.206326723
19.772526264
19.767697096
20.375360727
19.694527149
19.970788956
19.858133793
20.093594790
20.033210993
19.703141451
19.735668659
20.144974709
20.107808828
19.857082844
19.988385916
19.585580349
19.813431501
19.429230213
19.954909801
19.637135506
20.134029627
19.423103094
19.954234362
19.759085655
19.846256018
19.671478748
19.727153301
20.139171124
20.257236719
19.948886156
19.830169916
19.795270443
20.183285713
19.595782042
19.841032028
20.255502462
20.187951088
19.667529821
20.169920683
20.015095472
19.999557972
19.484330177
19.751933336
19.575062752
20.027992487
19.908019781
19.941504955
19.577780247
20.015040636
19.777686596
19.832532644
19.632247210
20.452238798
19.806825161
19.825962305
20.019138575
19.819093227
20.299558878
19.596662998
19.500943184
20.086704254
19.903160572
20.117594242
19.574095726
19.924785376
19.753669262
20.086270571
19.543562651
20.023473024
19.627476692
19.955736160
19.689426661
20.079472780
19.989442587
19.862515688
19.969625711
