0.334137201
0.247482538
0.253864527
0.259916067
0.257695913
0.254187584
0.232961893
0.246413469
0.240356922
0.243960381
0.240949154
0.274807215
0.243503571
0.258420229
0.244745255
0.261542797
0.232855558
0.251262665
0.249631882
0.246402025
0.256986856
0.244100571
0.234046936
0.275482655
0.265487909
0.235186815
0.252869606
0.243628263
0.253839970
0.245401621
0.260926723
0.241480589
0.240274191
0.280911922
0.244762182
0.268521786
0.243302107
0.255453348
0.265574932
0.234827995
0.267551422
0.252980947
0.275047541
0.264211655
0.237113237
0.260012865
0.253474712
0.236930132
0.262239933
0.276104927
0.268916607
0.239781618
0.249097109
0.241652012
0.262814045
0.239678621
0.260688543
0.256911516
0.244233131
0.279459476
0.255534172
0.236527443
0.238242865
0.259282112
0.244014025
0.237614870
0.245935202
0.283136368
0.244116306
0.262890816
0.235022783
0.263473749
0.235532761
0.262418747
0.262065172
0.260496855
0.242290974
0.259341002
0.270460606
0.238688469
0.280040741
0.271549702
0.276363134
0.245208502
0.263507366
0.249693394
0.260275126
0.278744936
0.261430502
0.257270336
0.242727757
0.243786573
0.255914688
0.262015820
0.249464035
0.273373604
0.212313890
0.212736130
0.235419512
0.217027664
