0.103214741
0.104312181
0.097784042
0.104097366
0.097131968
0.098878384
0.096525192
0.104055166
0.104890823
0.101156712
0.094010592
0.115149975
0.096644640
0.117408037
0.093693733
0.097617626
0.104768515
0.111019611
0.100418329
0.104661703
0.101162910
0.099509478
0.106628895
0.104948521
0.097110271
0.102660656
0.105167627
0.107707262
0.096264601
0.099471569
0.101964712
0.106962442
0.099056721
0.105540037
0.101243258
0.110851288
0.108247519
0.100812912
0.096953630
0.103363991
0.100678444
0.098257542
0.115434408
0.094774246
0.100564957
0.102338552
0.104339838
0.108036518
0.103042603
0.097473621
0.097990990
0.106376410
0.099131823
0.099640131
0.096954823
0.107723236
0.101590872
0.100680828
0.109624624
0.103244543
0.098899364
0.108326674
0.102123022
0.104138374
0.105267763
0.112463474
0.099688768
0.094518185
0.103712797
0.103256226
0.098589420
0.103133917
0.111928463
0.101787567
0.098932981
0.102395296
0.100201130
0.104654074
0.100843668
0.100311995
0.101199627
0.113252163
0.112908602
0.099814177
0.098741293
0.110341311
0.096892595
0.112064123
0.098914146
0.096196413
0.096500397
0.097855568
0.100717545
0.094701767
0.118174314
0.104467154
0.104136944
0.109784365
0.104145765
0.096882820
0.107116461
0.100945950
0.098644733
0.101698160
0.097589731
0.097501993
0.103578806
0.100553513
0.099101067
0.099291325
0.101888418
0.107182980
0.099764347
0.098277569
0.111660004
0.109105825
0.103338718
0.098934412
0.099105358
0.104562759
0.100819826
0.105582237
0.103096485
0.104700804
0.111154795
0.097307205
0.100699186
0.108390570
0.106677532
0.099093914
0.100698709
0.107090712
0.105536938
0.099742651
0.098332167
0.095706940
0.096812963
0.098030329
0.111643076
0.099170446
0.106763840
0.105030060
0.101463556
0.100654125
0.098874569
0.112934113
0.098310471
0.103236437
0.103177071
0.113041162
0.106550455
0.108837605
0.104820967
0.104416609
0.096197128
0.102477551
0.095407724
0.110137224
0.103722572
0.117013931
0.096676111
0.111217976
0.102234840
0.097005367
0.096887827
0.098319530
0.102031231
0.099285364
0.095881939
0.097049952
0.098637104
0.101794004
0.095924854
0.100144148
0.102487564
0.099607229
0.096547842
0.108252525
0.107440472
0.102176666
0.097643375
0.113610029
0.098490953
0.103940010
0.108279943
0.100060225
0.113701105
0.113571644
0.101256609
0.110431194
0.114514112
0.100975990
0.103720665
0.099454165
0.103747129
0.118921995
0.096394539
0.099890709
0.108356237
0.108939409
0.105931282
0.103428125
0.099906445
0.093818665
0.102412939
0.099013090
0.106145382
0.100941896
0.102122784
0.096302748
0.100152254
0.096201181
0.099714994
0.104109287
0.102684259
0.106173277
0.099875689
0.098284483
0.098482847
0.096017122
0.105651617
0.101626396
0.106906176
0.099415302
0.110850573
0.096022129
0.103230715
0.098908424
0.120708942
0.104823589
0.106398582
0.099839449
0.100809336
0.098006725
0.103687525
0.108137608
0.110233068
0.112736464
0.102540493
0.097273827
0.099369287
0.095804453
0.100018501
0.107331514
0.095401049
0.101186514
0.105943203
0.101897717
0.106758833
0.099336624
0.105384827
0.100764513
0.097410440
0.102231264
0.104628563
0.107311726
0.109452009
0.104726315
0.102765560
0.102113485
0.107067585
0.106824636
0.096610308
0.100958347
0.095526695
0.116141319
0.101468563
0.107322693
0.097228289
0.101893425
0.105890036
0.108405828
0.105587959
0.100851774
0.105230093
0.104125977
0.101419449
0.107128859
0.104987144
0.102615595
0.105527878
0.107478619
0.116712332
0.109544516
0.117038965
0.099314451
0.099296808
0.096431494
0.097858191
0.099830151
0.102591276
0.097010374
0.098873854
0.102233648
0.099084616
0.103211880
0.100514174
0.096832752
0.100362062
0.097802401
0.102083206
0.102192640
0.097655773
0.099406242
0.101436138
0.098031998
0.094612360
0.106068611
0.097525835
0.096111774
0.102845669
0.095538378
0.097059011
0.097799063
0.099408627
0.096809149
0.101054907
0.105424643
0.106662750
0.095504761
0.098317146
0.097256660
0.101385117
0.104046345
0.100657940
0.097590923
0.100499630
0.098942757
0.099360228
0.100920916
0.100444555
0.100268841
0.101133108
0.100879669
0.096063137
0.104650021
0.098157167
0.096588373
0.097532034
0.094558716
0.100361824
0.111332655
0.097614527
0.099672556
0.108236074
0.098078489
0.095516443
0.096268654
0.098338366
0.098240614
0.098929167
0.102171183
0.103987217
0.106726885
0.097082853
0.094777346
0.102420568
0.099837542
0.104286432
0.105846167
0.102309465
0.096599102
0.098898649
0.098801613
0.099277258
0.099956036
0.102931499
0.094782591
0.100330114
0.100210428
0.109780550
0.096429825
0.101472378
0.101149559
0.101399422
0.096613646
0.101053238
0.101509094
0.095895529
0.101268291
0.098756313
0.096752644
0.099290848
0.096276999
0.098180056
0.108099222
0.101051331
0.108460903
0.097802401
0.118817568
0.112336636
0.108196974
0.107512236
0.105469465
0.105043411
0.101203680
0.113430023
0.100366831
0.098972797
0.125477552
0.099271536
0.117064238
0.106282949
0.113705873
0.161635876
0.123153210
0.106206179
0.110679388
0.114264965
0.117474794
0.099359751
0.103256702
0.118577719
0.114176750
0.099490881
0.102081299
0.099323273
0.111351252
0.105308533
0.103551865
0.101995468
0.104954481
0.101882935
0.096295595
0.095002174
0.099703550
0.117554426
0.103309631
0.131599426
0.124193668
0.104333401
0.097637415
0.101218939
0.103729725
0.110112667
0.114832878
0.131570816
0.102046490
0.108894587
0.098366499
0.106312037
0.096043587
0.105525255
0.109909773
0.096261024
0.104052305
0.103681087
0.106169939
0.150074005
0.110170126
0.112545967
0.110633373
0.100045443
0.100822210
0.097387552
0.098152399
0.095187664
0.100340605
0.107514381
0.098114967
0.097954273
0.099872589
0.099480391
0.100626945
0.102257729
0.103934526
0.100461245
0.102746964
0.097271919
0.100887537
0.096535921
0.096061468
0.101851225
0.105495930
0.098376513
0.098976374
0.098562956
0.096263647
0.098488569
0.095506191
0.104450226
0.098861217
0.108564615
0.101168633
0.107385635
0.101014376
0.109365940
0.100581884
0.102395535
0.122228861
0.102291822
0.100063562
0.113000870
0.129240990
0.100686789
0.102303743
0.095999002
0.107210636
0.099559069
0.101024151
0.118254185
0.100309849
0.105513334
0.100154877
0.099561453
0.104509354
0.104122877
0.103268385
0.098187685
0.099983692
0.102742434
0.098474503
0.099251986
0.100090504
0.098236799
0.098653793
0.101328135
0.101616144
0.104593992
0.102101564
0.102032423
0.100386858
0.097444773
0.100828171
0.102337122
0.105262041
0.104792356
0.102637291
0.097573757
0.101881027
0.103748560
0.101642609
0.095569611
0.098255634
0.097898960
0.103805304
0.098035574
0.098384380
0.101683378
0.097504139
0.100494385
0.101450682
0.103193283
0.100905418
0.099322081
0.098125935
0.102649689
0.101071119
0.100557327
0.110132933
0.102693796
0.102885246
0.101013184
0.097554922
0.102439880
0.105383635
0.101057529
0.095373154
0.105254412
0.101663828
0.106045008
0.096060991
0.104753494
0.101209402
0.097288370
0.102563381
0.101687670
0.097823858
0.102184772
0.101541281
0.102486849
0.095477581
0.102924585
0.105454922
0.098704576
0.100755930
0.100578547
0.100462675
0.104197264
0.100479364
0.105160236
0.105376959
0.095595598
0.096090555
0.105393648
0.112957716
0.101452827
0.096527576
0.100233316
0.101854563
0.099232197
0.098155737
0.096516371
0.099118948
0.107690334
0.105199575
0.103952646
0.101240873
0.101024151
0.096588612
0.101984739
0.107663870
0.101179361
0.100360155
0.098732233
0.105425119
0.105831385
0.099315166
0.097702026
0.102033377
0.103908539
0.104629040
0.097652197
0.112287045
0.101046562
0.096755743
0.104469538
0.104866505
0.098366499
0.101931572
0.096678734
0.107081652
0.097701311
0.117969513
0.099343777
0.099805832
0.106990814
0.102016687
0.100273609
0.101372719
0.101669788
0.105726957
0.104794979
0.099990368
0.100808382
0.102930546
0.104462862
0.101471663
0.095635414
0.100876808
0.105016708
0.097366333
0.104336977
0.105652571
0.103525400
0.109343052
0.105038166
0.101901770
0.096066952
0.103777647
0.098233461
0.102311373
0.113421679
0.102754593
0.098136425
0.100424290
0.097847462
0.098384142
0.101368189
0.100841522
0.102137089
0.097720146
0.108460665
0.099741697
0.097840071
0.103969097
0.096567869
0.096578121
0.096974850
0.100639105
0.100751162
0.102935791
0.097673416
0.099675894
0.105792284
0.103340626
0.111198187
0.104631662
0.099678755
0.103215218
0.103500605
0.101304293
0.099290133
0.101148367
0.100896835
0.101946115
0.099538565
0.101590633
0.109229088
0.101502657
0.099649668
0.098786116
0.100699663
0.098606825
0.103101254
0.109236240
0.107159138
0.104260206
0.096243143
0.097769022
0.102435350
0.099253416
0.101966858
0.099376917
0.107030392
0.103512049
0.102828264
0.096524000
0.103814602
0.098131895
0.104566336
0.100216627
0.116117239
0.101303339
0.097646952
0.098818541
0.099508762
0.100155830
0.094777584
0.097751141
0.107491493
0.097373962
0.102565765
0.099869967
0.099351168
0.102566242
0.101246595
0.095141888
0.096169472
0.100219011
0.100765705
0.101638556
0.101166725
0.109981775
0.105763435
0.099274635
0.103969097
0.102889061
0.097937584
0.110043526
0.105539322
0.096534729
0.095772266
0.102153063
0.100889444
0.104883194
0.102908611
0.103898764
0.103782415
0.096606970
0.101905823
0.099444389
0.100297928
0.099608183
0.102436066
0.099758863
0.107430220
0.101835489
0.100735188
0.102889061
0.097321510
0.101202250
0.100706339
0.101807833
0.106117010
0.100516319
0.101197243
0.103794098
0.099903345
0.100307703
0.104672194
0.101460218
0.106423378
0.099641562
0.100255013
0.099013567
0.099589825
0.099769831
0.111001253
0.100771904
0.102711201
0.102377653
0.101258755
0.096968174
0.101034641
0.099634171
0.099603891
0.109306574
0.102943182
0.100127697
0.098036528
0.101397276
0.096844912
0.099021912
0.103546858
0.110439539
0.098857880
0.101534367
0.099239588
0.097863674
0.102339506
0.102163076
0.099790812
0.102188110
0.096554756
0.102396011
0.108018398
0.111788750
0.097304106
0.100459337
0.102368593
0.100243807
0.104269266
0.103420019
0.099901676
0.104114771
0.104207993
0.098405361
0.097830057
0.098551035
0.102386951
0.104824066
0.095771313
0.104761124
0.100420237
0.100240469
0.101770639
0.099953413
0.099355459
0.103506088
0.106881142
0.097263098
0.102786064
0.101202965
0.110397100
0.102634430
0.099838972
0.099938154
0.104305744
0.106190681
0.107805729
0.096573830
0.101545811
0.099445105
0.101732492
0.101851702
0.097432137
0.096255302
0.103116512
0.101294041
0.099672079
0.101912022
0.097653151
0.101800919
0.099652290
0.100485086
0.101044893
0.107122660
0.102060080
0.098058462
0.102056026
0.097559452
0.111269951
0.101058722
0.102677345
0.102645397
0.103936911
0.100005865
0.104634285
0.098658800
0.102450371
0.108422995
0.105798006
0.097305298
0.106235981
0.102850914
0.112905025
0.099178076
0.098983288
0.101193905
0.106705427
0.099381924
0.100086689
0.096173048
0.099626064
0.101434708
0.106451511
0.100126028
0.097506523
0.097958326
0.104968309
0.100596189
0.099545717
0.108171463
0.105800152
0.100033045
0.104322195
0.102249622
0.100799084
0.107365847
0.102625370
0.107042074
0.101672888
0.096971989
0.116502762
0.112992287
0.101024866
0.102915525
0.099237919
0.108577013
0.112409592
0.106549740
0.116940498
0.111638546
0.107994318
0.101440430
0.109214544
0.111027241
0.107046127
0.108892679
0.102930546
0.103320837
0.109826088
0.119537592
0.106833458
0.106791019
0.105615139
0.102614641
0.102979898
0.106969118
0.111368656
0.111602306
0.102877378
0.110927582
0.109977007
0.107815981
0.102016687
0.126831293
0.103715181
0.102285147
0.107431173
0.100322962
0.102991104
0.111879349
0.102135658
0.110793829
0.101913691
0.111874580
0.124635696
0.112532616
0.112221718
0.112839222
0.110536098
0.107809305
0.112723589
0.120835066
0.116703033
0.118462086
0.110605955
0.105705023
0.114220858
0.110248327
0.114497185
0.115740538
0.106921911
0.107650518
0.104627848
0.110694885
0.107430220
0.111055374
0.106970549
0.113885164
0.114557505
0.112792969
0.118980408
0.111041069
0.144418240
0.114798784
0.106425524
0.108078241
0.115380287
0.106972694
0.108494520
0.114983320
0.112478971
0.118693113
0.108746767
0.122524500
0.108969688
0.108420372
0.121012926
0.112683058
0.117610216
0.117145538
0.110583067
0.113589764
0.111711025
0.115509033
0.116667032
0.108232260
