0.001873493
0.001714468
0.001635790
0.001785040
0.001640558
0.001657486
0.001628160
0.001697779
0.001644135
0.001654148
0.001647472
0.001827002
0.001747131
0.001734972
0.001685619
0.001712084
0.001677036
0.001665592
0.001664877
0.001629353
0.001854897
0.001845360
0.001708269
0.001699924
0.001697302
0.001746655
0.001701832
0.001641512
0.001627207
0.001733780
0.001662493
0.001722097
0.001625538
0.001649141
0.001622200
0.001679182
0.001624107
0.001719713
0.001646757
0.001711845
0.001670837
0.001805782
0.001641989
0.001702547
0.001639128
0.001673460
0.001749277
0.001707077
0.001656771
0.001665592
0.001626015
0.001674414
0.001618147
0.001653194
0.001653194
0.001741886
0.001684189
0.001673698
0.001666784
0.001702309
0.001673937
0.001723051
0.001667023
0.001764774
0.001669407
0.001682758
0.001651764
0.001672506
0.001651525
0.001630068
0.001636744
0.001695633
0.001633883
0.001674414
0.001637936
0.001684904
0.001641035
0.001690388
0.001652718
0.001677275
0.001713037
0.001672029
0.001629353
0.001672745
0.001609802
0.001656055
0.001635551
0.001609564
0.001627684
0.001737118
0.001672506
0.001665831
0.001637936
0.001767635
0.001671791
0.001666307
0.001648188
0.001725674
0.001676798
0.001691818
0.001677275
0.001730204
0.001670599
0.001695871
0.001615524
0.001792669
0.001787186
0.001666307
0.001618862
0.001621723
0.001677036
0.001671791
0.001627445
0.001674175
0.001736879
0.001705885
0.001640320
0.001648664
0.001679420
0.001704931
0.001626253
0.001629591
0.001760721
0.001793623
0.001724958
0.001671553
0.001625061
0.001711845
0.001665354
0.001614332
0.001634121
0.001709461
0.001660347
0.001630068
0.001650810
0.001683235
0.001652479
0.001649141
0.001637459
0.001713037
0.001726866
0.001687765
0.001647234
0.001690388
0.001672506
0.001650333
0.001649857
0.001643896
0.001738787
0.001657248
0.001676321
0.001624346
0.001696348
0.001661301
0.001649380
0.001625061
0.001862764
0.001691341
0.001723289
0.001676321
0.001683712
0.001657486
0.001732826
0.001693010
0.001882792
0.001754761
0.001760483
0.001733303
0.001822472
0.001697302
0.001640558
0.001637459
0.001747847
0.001638174
0.001672268
0.001672506
0.001667976
0.001682281
0.001630783
0.001612186
0.001749992
0.001725197
0.001652956
0.001677990
0.001645327
0.001641273
0.001637697
0.001611471
0.001634121
0.001737356
0.001655340
0.001648664
0.001648188
0.001694441
0.001630545
0.001630783
0.001625538
0.001707554
0.001634598
0.001678705
0.001640320
0.001646757
0.001631021
0.001628637
0.001615286
0.001886368
0.001769781
0.001729012
0.001684189
0.001742840
0.001726389
0.001680374
0.001641512
0.001637936
0.001687527
0.001745701
0.001656771
0.001649857
0.001637459
0.001688004
0.001622438
0.001669645
0.001653194
0.001787186
0.001647472
0.001658678
0.001648426
0.001670599
0.001633883
0.001630783
0.001635313
0.001721621
0.001661301
0.001657724
0.001643419
0.001671791
0.001641512
0.001667738
0.001633883
0.001721144
0.001659393
0.001665831
0.001640320
0.001715422
0.001661062
0.001660347
0.001630306
0.001763582
0.001662731
0.001713514
0.001616716
0.001652718
0.001663685
0.001644850
0.001629114
0.001713037
0.001641273
0.001644135
0.001642227
0.001637936
0.001623154
0.001608610
0.001643181
0.001636028
0.001688480
0.001670599
0.001663208
0.001653910
0.001690626
0.001628876
0.001649618
0.001659632
0.001795530
0.001637697
0.001645803
0.001633644
0.001778603
0.001689672
0.001689434
0.001888037
0.001759052
0.001722097
0.001710415
0.001758337
0.001707554
0.001704454
0.001684189
0.001906157
0.001756668
0.001697063
0.001796961
0.001656055
0.001673698
0.001661539
0.001756191
0.001700163
0.001686096
0.001662016
0.001703262
0.001680374
0.001693964
0.001657486
0.001687288
0.001669168
0.001704216
0.001621723
0.001722574
0.001673460
0.001669168
0.001631737
0.001678705
0.001850843
0.001791477
0.001702547
0.001720905
0.001735449
0.001718521
0.001726627
0.001749039
0.001821041
0.001769543
0.001713753
0.001656055
0.001798153
0.001731396
0.001682281
0.001684666
0.001789570
0.001860142
0.001660824
0.001679659
0.001656294
0.001663685
0.001666784
0.001650095
0.001705885
0.001763821
0.001653433
0.001677513
0.001649618
0.001621962
0.001638889
0.001641035
0.001642466
0.001654148
0.001639843
0.001651764
0.001609087
0.001606703
0.001642227
0.001646519
0.001735210
0.001736164
0.001773357
0.001871109
0.001821041
0.001837969
0.001794577
0.001815796
0.001822472
0.001746655
0.001720428
0.001720428
0.001747608
0.001675844
0.001699448
0.001680374
0.001945019
0.001696348
0.001761436
0.001698971
0.001662016
0.001651287
0.001675606
0.001645565
0.001684189
0.001645803
0.001672983
0.001656055
0.001617908
0.001617670
0.001627684
0.001616716
0.001622200
0.001640797
0.001742125
0.001654625
0.001697779
0.001669645
0.001700401
0.001651525
0.001679659
0.001627684
0.001663685
0.001627445
0.001692772
0.001623631
0.001697779
0.001655817
0.001677752
0.001618385
0.001675606
0.001620770
0.001693249
0.001631975
0.001693487
0.001644135
0.001671076
0.001646757
0.001667500
0.001632929
0.001760721
0.001639605
0.001698494
0.001644135
0.001702785
0.001634836
0.001706600
0.001612663
0.001675844
0.001630783
0.001677275
0.001666307
0.001667738
0.001611471
0.001669645
0.001650095
0.001641273
0.001677036
0.001675129
0.001688957
0.001639843
0.001619101
0.001666784
0.001637459
0.001632214
0.001640320
0.001760483
0.001676559
0.001682281
0.001618624
0.001637220
0.001611710
0.001654863
0.001630783
0.001708746
0.001624584
0.001659155
0.001622200
0.001667023
0.001630783
0.001668692
0.001640081
0.001667738
0.001726866
0.001687050
0.001620054
0.001685381
0.001626492
0.001665115
0.001604795
0.001672268
0.001612186
0.001718044
0.001668692
0.001714468
0.001617193
0.001639366
0.001632929
0.001624346
0.001600027
0.001676559
0.001610041
0.001643181
0.001606941
0.001633167
0.001599550
0.001706123
0.001644373
0.001636982
0.001677513
0.001661062
0.001644373
0.001612663
0.001601934
0.001715422
0.001716852
0.001696348
0.001791954
0.001801491
0.001721859
0.001683950
0.001646757
0.001616001
0.001633167
0.001732826
0.001616478
0.001856804
0.001702309
0.001757145
0.001698732
0.001734018
0.001676798
0.001640797
0.001636744
0.001671076
0.001616955
0.001687288
0.001608849
0.001685619
0.001636267
0.001646757
0.001627207
0.001723289
0.001633644
0.001696825
0.001638889
0.001658678
0.001633406
0.001623154
0.001606464
0.001778603
0.001727343
0.001774788
0.001677036
0.001698971
0.001675367
0.001715899
0.001678705
0.001688957
0.001729727
0.001765013
0.001693249
0.001619101
0.001615763
0.001649141
0.001646280
0.001686335
0.001625538
0.001741886
0.001674891
0.001626968
0.001613617
0.001613855
0.001612186
0.001636267
0.001636267
0.001703501
0.001691580
0.001614094
0.001635551
0.001645803
0.001641273
0.001637220
0.001632214
0.001687050
0.001687527
0.001677036
0.001642466
0.001639366
0.001640081
0.001642704
0.001628637
0.001633883
0.001657963
0.001679182
0.001655579
0.001637220
0.001626015
0.001641273
0.001626968
0.001641989
0.001619577
0.001681805
0.001684904
0.001703501
0.001648188
0.001645088
0.001625538
0.001609564
0.001697779
0.001772642
0.001701593
0.001724005
0.001711369
0.001717091
0.001743555
0.001687527
0.001747370
0.001790285
0.001755476
0.001687527
0.001720905
0.001662254
0.001634359
0.001627445
0.001652718
0.001627207
0.001670361
0.001617432
