0.066846848
0.066483498
0.066119432
0.066023588
0.066034794
0.066102266
0.066109419
0.066172361
0.066072464
0.066026449
0.065965652
0.065953016
0.065968037
0.064427614
0.064521551
0.066436291
0.066024780
0.066122055
0.066061497
0.066087246
0.066005945
0.065961123
0.066030025
0.066134691
0.065885305
0.065980673
0.065989733
0.061009407
0.064187288
0.066469193
0.066033840
0.065993071
0.065964699
0.066012144
0.066081047
0.066057920
0.066069841
0.066057682
0.065879583
0.065878868
0.065936327
0.060954809
0.065628767
0.066332817
0.066053867
0.066051483
0.066033602
0.066127062
0.066108942
0.066075563
0.066282511
0.066060781
0.065959930
0.065973282
0.065921307
0.060977221
0.066740274
0.066276073
0.065984726
0.066027403
0.065918922
0.066000938
0.066170216
0.065999508
0.065995693
0.066051722
0.065866709
0.065887928
0.065907717
0.060949802
0.067232609
0.066363335
0.066234350
0.066122055
0.067328453
0.066989422
0.066899538
0.066959858
0.066844702
0.066841841
0.066867113
0.066728115
0.066729307
0.062391996
0.067409277
0.066540480
0.066026449
0.066474676
0.067756891
0.067388058
0.067336082
0.067372561
0.067320108
0.067269802
0.067182779
0.066895962
0.066729784
0.061773539
0.068180561
0.067301512
0.067228317
0.067367792
0.067251444
0.067298651
0.067289591
0.067376137
0.067931652
0.067950726
0.067692280
0.067642450
0.067758322
0.062844276
0.067634106
0.066696167
0.066366196
0.068146467
0.068406582
0.068164110
0.068252802
0.068093777
0.068050385
0.068202257
0.068197250
0.068000793
0.068070173
0.063057899
0.069033146
0.067847729
0.067522764
0.067300558
0.067845345
0.068099976
0.067635059
0.067742825
0.067793131
0.067773581
0.067590714
0.067642689
0.067657471
0.062644243
0.067470074
0.067192554
0.067269564
0.068065882
0.067848444
0.067586660
0.067828655
0.067757607
0.067699671
0.067810774
0.067594290
0.067660570
0.067622900
0.062255144
0.068130732
0.067691088
0.067478180
0.067336798
0.067750931
0.068089485
0.067815781
0.067670584
0.067605972
0.067374229
0.067158937
0.067235231
0.067200661
0.062771559
0.067257881
0.066422939
0.066035509
0.067339659
0.067489624
0.067364693
0.067253351
0.067352772
0.067344666
0.067389488
0.067181587
0.067283869
0.067660332
0.063035011
0.066928148
0.066414833
0.066173792
0.067348480
0.067060471
0.066911221
0.067643404
0.067554951
0.067262411
0.067335606
0.067225456
0.067193270
0.067131758
0.062069654
0.066639662
0.066339254
0.066003799
0.066873550
0.067304850
0.066854239
0.066769361
0.066910744
0.066747665
0.066862345
0.066815615
0.066828251
0.067351103
0.062618732
0.066448927
0.066562414
0.065986156
0.066768646
0.067311049
0.066776514
0.066872358
0.066937923
0.066937923
0.067093134
0.067624569
0.067294836
0.067196131
0.062240601
0.066807032
0.067137003
0.066535234
0.066580296
0.067335844
0.066999435
0.066933393
0.066977262
0.066867352
0.066926956
0.066807508
0.066830158
0.066807985
0.061865330
0.068325758
0.066839218
0.066604614
0.066414118
0.067701817
0.067405462
0.067356586
0.067286730
0.067322731
0.067292452
0.067516804
0.067009211
0.066856861
0.062684298
0.067320347
0.066782951
0.066509008
0.066623926
0.067677736
0.067549467
0.067388058
0.067346811
0.067283869
0.067334414
0.067222834
0.067191124
0.067255497
0.062227964
0.068039894
0.066284657
0.066106319
0.068027258
0.067987204
0.067827225
0.067669630
0.067552805
0.067271471
0.067389250
0.067215919
0.067258596
0.067220688
0.062232733
0.066879272
0.066288710
0.066438913
0.067289114
0.066899061
0.067043543
0.067654133
0.067356110
0.067353487
0.067230463
0.066822767
0.067024469
0.067629576
0.062245846
0.067134857
0.066395044
0.066355944
0.067928314
0.067567110
0.067253351
0.067280293
0.066977501
0.067059755
0.067726612
0.067343235
0.067304373
0.067126989
0.061941147
0.066881895
0.066093683
0.066042423
0.067677498
0.067494869
0.067303181
0.067277193
0.067082644
0.067026138
0.066978455
0.066811085
0.066790581
0.066791534
0.061801910
0.067153931
0.066476822
0.066012383
0.066510201
0.067328930
0.066999912
0.066883564
0.066744089
0.066712141
0.066747189
0.066646338
0.066591740
0.066269875
0.061421633
0.067070961
0.067159891
0.066413164
0.066330433
0.065943718
0.066702127
0.066589117
0.066320419
0.066362858
0.066288471
0.066373110
0.066297293
0.066308975
0.061362982
0.066675663
0.066449404
0.065909624
0.066273451
0.066768885
0.066539764
0.066407919
0.066374540
0.066004753
0.066341639
0.066727400
0.066325188
0.066303253
0.061273098
0.066773415
0.066230774
0.066003323
0.066052914
0.065928698
0.065946817
0.066784620
0.066598892
0.066519499
0.066367149
0.066116571
0.065851212
0.065915346
0.060917377
0.066225290
0.066672087
0.066251278
0.066558838
0.065925121
0.066035271
0.066015959
0.065956593
0.066040039
0.065958977
0.065831661
0.065902233
0.065914869
0.060975313
0.066589594
0.066627979
0.066443205
0.066164970
0.065881491
0.065972328
0.065875292
0.065994740
0.066693306
0.066593647
0.066238403
0.066321373
0.066331148
0.061381102
0.066951752
0.066306353
0.066133976
0.066034794
0.065964699
0.065949917
0.065897226
0.065902710
0.065962553
0.065924644
0.065848112
0.065925360
0.065848112
0.060953379
0.065805197
0.066477776
0.065956116
0.066484213
0.066653967
0.066283226
0.066362858
0.066380501
0.066382408
0.066377401
0.066312313
0.066411018
0.066262007
0.061363935
0.066995859
0.067225218
0.066256046
0.066303015
0.065946341
0.067122936
0.067111731
0.066882133
0.066693544
0.066695213
0.066257238
0.066840887
0.067098379
0.061740637
0.066821337
0.066196203
0.065863848
0.066478729
0.066609859
0.066334963
0.066377163
0.066365957
0.066273689
0.066730022
0.067096472
0.066660643
0.066591501
0.061331272
0.066527843
0.066640139
0.066303015
0.066071987
0.065986395
0.066703320
0.066467762
0.066390038
0.067091703
0.066912651
0.066657543
0.066669703
0.066617727
0.061367512
0.067109346
0.066339970
0.065998316
0.066439152
0.066732883
0.066473484
0.066307545
0.066384792
0.066262722
0.066727877
0.067057610
0.066782475
0.066713333
0.061727762
0.067604065
0.067040920
0.066401243
0.066096306
0.065923214
0.067168236
0.066807032
0.066738605
0.066842318
0.066633940
0.066317558
0.066309452
0.066235065
0.061354876
0.066511869
0.066235781
0.066023588
0.066608667
0.066705942
0.066376925
0.066299438
0.066429138
0.066467285
0.066378355
0.066279888
0.066307306
0.066985846
0.062022686
0.067118406
0.066547871
0.066299200
0.065959215
0.066399336
0.067150593
0.066288710
0.066499710
0.066340208
0.066432476
0.066533566
0.067151070
0.066759348
0.061734915
0.066876888
0.066107988
0.065994978
0.066644669
0.066617012
0.066411018
0.066408634
0.066463232
0.066331148
0.066366911
0.066460848
0.066534042
0.066485643
0.061354637
0.066480398
0.066725731
0.066356182
0.066169977
0.065960169
0.066830397
0.066498756
0.066342115
0.066313982
0.066054821
0.065901995
0.066561222
0.066586494
0.061371088
0.067014456
0.066324234
0.066153288
0.065926552
0.065891504
0.065903425
0.066001654
0.065960884
0.066035271
0.065846682
0.066697836
0.066504240
0.066304207
0.061365128
0.066941977
0.066124916
0.066057920
0.066740990
0.066638470
0.066454411
0.066620588
0.066337824
0.066346645
0.066394091
0.066206455
0.066248178
0.066287041
0.061352253
0.066389322
0.066751003
0.066458225
0.066238403
0.065858126
0.066465139
0.066856623
0.066335678
0.066251040
0.066328049
0.065868139
0.065837145
0.065963030
0.060944080
0.065903902
0.066347122
0.066043139
0.065927267
0.065884113
0.066037893
0.065901518
0.065955877
0.065961599
0.065919161
0.065808058
0.066375971
0.066637278
0.061441660
0.067032814
0.066628456
0.066578865
0.066016197
0.065945864
0.065903425
0.065986156
0.066195965
0.066639900
0.066448212
0.066219330
0.066221952
0.065910578
0.060967922
0.065917253
0.066403627
0.065937757
0.065904379
0.065906048
0.065898657
0.065876961
0.066077232
0.065953016
0.065989017
0.065863132
0.065949917
0.065899372
0.060893297
0.067028284
0.066673756
0.066084862
0.065879583
0.065936089
0.065846920
0.065932274
0.065846443
0.065947533
0.065900803
0.065857649
0.065841198
0.065850735
0.060923815
0.066959143
0.065964699
0.065891266
0.065936089
0.065953970
0.065906763
0.065953732
0.065997839
0.065910816
0.065993309
0.065922976
0.065845013
0.065998077
0.060923815
0.066339731
0.066690922
0.066408873
0.066093922
0.065942764
0.065882683
0.065922260
0.065901518
0.065850019
0.065874577
0.065888166
0.066539288
0.066525936
0.061307669
0.067040682
0.066343307
0.065882206
0.066250324
0.066761732
0.066374779
0.066450834
0.066375494
0.066021919
0.066163063
0.066693306
0.066385746
0.066275358
0.061301708
0.066863537
0.066008091
0.066027164
0.065886259
0.065816641
0.065946817
0.065977812
0.065944910
0.065894127
0.066686392
0.066482782
0.066226244
0.066239595
0.061357260
0.066485167
0.066488504
0.066371441
0.065892696
0.066330671
0.066872835
0.066259146
0.066349745
0.066353559
0.066355705
0.066362619
0.066312075
0.066350222
0.061260462
0.066876411
0.066107750
0.065904140
0.066778898
0.066613674
0.066409588
0.066349745
0.066349745
0.066332817
0.066350698
0.066275120
0.066313028
0.066968441
0.062067986
0.066369772
0.066562653
0.066368103
0.065895557
0.066322088
0.066868782
0.066407442
0.066427231
0.066313505
0.066405058
0.066432714
0.066279650
0.066012144
0.060947418
0.066439390
0.066265345
0.066046953
0.066328287
0.066703081
0.066369534
0.066331625
0.066391706
0.066313505
0.066239595
0.066284418
0.066303253
0.066260099
0.061386585
0.066255808
0.066622019
0.066300869
0.066241026
0.066047907
0.066454172
0.066674471
0.066418171
0.066426992
0.066395044
0.066419363
0.066200733
0.066257715
0.061479092
0.065415144
0.066474676
0.066138268
0.066119909
0.066821814
0.066647053
0.066566467
0.066401482
0.066281319
0.066281080
0.066263914
0.066292763
0.066220522
0.061382294
0.066874981
0.065959215
0.065913439
0.065940142
0.065955400
0.066086054
0.066685677
0.066461802
0.066393137
0.066256523
0.065931797
0.066106319
0.066621542
0.061478853
0.066430807
0.066346645
0.066351414
0.065905094
0.065927267
0.065916777
0.066115618
0.066129208
0.066709042
0.066483498
0.066232204
0.066269159
0.066227436
0.061310291
0.066575050
0.066412926
0.065917969
0.065840244
0.065977097
0.065913916
0.065875053
0.065881014
0.065876245
0.066360712
0.066755533
0.066273689
0.066256285
0.061290026
0.066411018
0.065911770
0.065997124
0.065882444
0.066014051
0.065896034
0.065933466
0.065901279
0.065929651
0.065918446
0.065752983
0.065870285
0.065875053
0.060915470
0.066393137
0.066801310
0.066339016
0.066026926
0.065977573
0.065880537
0.065965414
0.065976858
0.065978289
0.065946102
0.065881491
0.065835476
0.065844536
0.061033010
0.065819263
0.066260338
0.066091776
0.065980673
0.066444159
0.066707611
0.066398621
0.066545963
0.066362381
0.065964460
0.065817595
0.065868855
0.065764427
0.061111927
0.065827847
0.066285849
0.066135645
0.065901995
0.065943718
0.065987825
0.065891027
0.065944433
0.065886974
0.065827847
0.065900564
0.065901995
0.066053629
0.060947657
0.066571712
0.066269159
0.065935135
0.065976858
0.066028357
0.065938234
0.065942526
0.065884352
0.065953970
0.065997124
0.065967083
0.065778494
0.065822840
0.060969591
0.065834522
0.066365719
0.065981150
0.066053391
0.065905094
0.065978527
0.065953493
0.065945864
0.065861464
0.065923691
0.065854073
0.065786600
0.065835953
0.060914516
0.066629171
0.066200972
0.065937281
0.065946102
0.065891266
0.065919638
0.065917492
0.066020250
0.065927267
0.065905571
0.065769911
0.065922499
0.065892696
0.061107159
0.066567421
0.066225052
0.066033125
0.066181183
0.066130400
0.065954924
0.066029549
0.066019535
0.065925360
0.066005468
0.065937042
0.065817118
0.065866232
0.060932636
0.066717625
0.066216946
0.065927744
0.065818548
0.066033602
0.065968513
0.065889835
0.065966368
0.066052198
0.065868616
0.065816164
0.065877199
0.065900326
0.060928106
0.066446066
0.066400766
0.065973520
0.065885782
0.065945625
0.066104889
0.065856934
0.065936327
0.065969229
0.065844536
0.065825462
0.065827131
0.065801620
0.060961008
0.065507889
0.066374063
0.065936804
0.065920353
0.065867901
0.065866232
0.065889597
0.065989733
0.065876245
0.065852880
0.065862179
0.065928221
0.065763950
0.060878992
0.065049171
0.066263437
0.065889835
0.065933228
0.066006184
0.065978527
0.065921068
0.065945148
0.065914631
0.065926552
0.065818787
0.065795422
0.065823793
0.060939074
0.065825224
0.066485643
0.066380739
0.065936804
0.065873384
0.065858126
0.065893412
0.065867424
0.065850258
0.065948725
0.065848351
0.065910578
0.065817595
0.060955524
0.066644192
0.066427231
0.066224337
0.066011429
0.065891266
0.066044569
0.066061497
0.066585302
0.066633940
0.066334724
0.066207647
0.066080809
0.065897465
0.060915709
0.064304352
0.066507101
0.065971375
0.066070080
0.066029072
0.065945625
0.065977335
0.065864086
0.065969706
0.066117287
0.066640139
0.066351175
0.066237688
0.061326504
0.066672564
0.066099167
0.065927744
0.065945387
0.065873146
0.065830708
0.066663504
0.066543579
0.066437721
0.066421032
0.066094398
0.066120863
0.065890551
0.061238050
0.066352606
0.066673994
0.066356182
0.066222906
0.065840960
0.065879822
0.065881252
0.065981865
0.066061497
0.065892458
0.065792799
0.065873146
0.065852404
0.060910463
0.065538406
0.066651106
0.066320896
0.066134930
0.065895081
0.065936089
0.065860510
0.065931320
0.065982342
0.065869808
0.065938711
0.065859795
0.065834284
0.060881853
0.066545010
0.066313028
0.065896988
0.065876007
0.065765142
0.065806627
0.065905571
0.065977335
0.065907717
0.065911293
0.065882444
0.065848827
0.065769672
0.060886621
0.066884995
0.066468239
0.066344976
0.065932989
0.065973520
0.065923452
0.065950394
0.065973282
0.065836668
0.065905094
0.065878153
0.065845490
0.065782070
0.060949326
0.065848112
0.066324472
0.065972328
0.065998793
0.065950155
0.065849304
0.065875053
0.065951586
0.065909386
0.066178322
0.066655159
0.066351175
0.066216707
0.061308146
0.066320658
0.066721916
0.066233873
0.066287279
0.065989733
0.065962553
0.066070080
0.065944433
0.066360950
0.066842556
0.066238165
0.066216469
0.066421509
0.061349630
0.066824913
0.066361666
0.066160917
0.066050529
0.066620827
0.066607952
0.066313028
0.066285372
0.066380024
0.066498518
0.066226721
0.066262960
0.066359282
0.061356783
0.066811085
0.066247225
0.065871716
0.065953016
0.066006184
0.065987587
0.066352606
0.066740990
0.066428423
0.066437483
0.066347599
0.066247940
0.066285610
0.061362028
0.065562963
0.066749096
0.066434622
0.066308737
0.065819502
0.066511869
0.066619635
0.066230774
0.066306591
0.066536665
0.066192865
0.066261053
0.066254377
0.061311245
0.065347672
0.066435575
0.065911293
0.065934181
0.065835238
0.065860033
0.065924406
0.065908194
0.065922737
0.065901518
0.065891981
0.065899611
0.065802097
0.061131239
0.066238642
0.066541195
0.066184521
0.065846205
0.065969467
0.065913439
0.066006899
0.065983295
0.066014767
0.066001654
0.065844774
0.065840721
0.065868616
0.060896635
0.065019608
0.066348076
0.065950155
0.066022158
0.065961838
0.065863132
0.065898418
0.065870523
0.065913439
0.065845490
0.065861464
0.065855026
0.065888405
0.060965538
0.065780401
0.066251755
0.065829277
0.065962315
0.065849066
0.065852642
0.065906525
0.065888882
0.065930843
0.065907001
0.065963030
0.065787315
0.065827608
0.060975790
0.066660881
0.066556692
0.066297770
0.066027880
0.065866470
0.065878630
0.065899611
0.065982580
0.065947056
0.066095591
0.065857649
0.065850735
0.065845490
0.060877085
0.065860748
0.066208601
0.066016912
0.065862894
0.065808535
0.065810204
0.066026688
0.066081524
0.065887690
0.065898895
0.066362381
0.066575050
0.066222429
0.061231613
0.066285610
0.066146851
0.065860987
0.065932512
0.065942287
0.065887690
0.065935612
0.065890551
0.065945864
0.065909386
0.065847635
0.065850973
0.065910101
0.060966730
0.065757275
0.066789865
0.066418886
0.066392422
0.065912485
0.065906763
0.065880775
0.065900087
0.066392660
0.066745043
0.066311359
0.066259384
0.066221237
0.060855389
0.066281557
0.066268921
0.065897703
0.065864086
0.065901518
0.065887928
0.065966129
0.065931082
0.066238880
0.065839767
0.065852404
0.065943718
0.065831900
0.060868979
0.066325188
0.066423416
0.066282511
0.065959930
0.065978289
0.065814257
0.065973282
0.065835714
0.065941811
0.065950394
0.065805435
0.065853596
0.065778732
0.060983658
0.065638542
0.066429138
0.066032410
0.065935135
0.065912962
0.065931797
0.065971375
0.066085339
0.065789461
0.065799713
0.065795183
0.065839052
0.065771580
0.060889482
0.066852331
0.066123247
0.065812349
0.065955162
0.065883875
0.066012621
0.066057444
0.065891027
0.065917492
0.065982580
0.065856934
0.065787554
0.065820694
0.060928822
0.066015482
0.066302299
0.065881968
0.065911770
0.065813780
0.065901756
0.065990448
0.065875530
0.065987349
0.065951109
0.065809965
0.065848589
0.065813541
0.060963869
0.066211462
0.066150188
0.065922499
0.065992594
0.065863371
0.065944195
0.065934896
0.065929413
0.065833092
0.065957546
0.065805674
0.065797091
0.065863371
0.060875893
0.066387892
0.066587687
0.066359043
0.066062450
0.065860748
0.065917015
0.065791607
0.066141844
0.065911531
0.065872908
0.065977097
0.065836191
0.065859795
0.060879230
