0.985660315
0.973006725
0.980739594
0.973118067
0.974622965
0.984060049
1.007296085
1.013149023
0.999823093
0.996906757
1.004343033
0.996325731
0.991272449
0.993263006
0.985668898
0.988937616
0.987112284
0.998092651
0.993829966
0.993618250
0.994611979
0.990606070
0.992749214
0.992088795
0.982360840
0.979546785
0.978674650
0.970923662
0.986830473
0.980162382
0.980173826
0.993653059
0.987485409
0.980235815
0.979685307
0.981850386
0.976453066
0.981912374
0.979426146
0.979914904
0.986500502
0.986280441
0.978518724
0.979019403
0.980437756
0.982285261
0.976417780
0.982487679
0.997019529
0.977785349
0.980892897
0.987043619
0.988742590
0.983026981
0.982494354
0.974059343
0.983166695
0.978558064
0.985294342
0.991836071
0.977568865
0.972361803
0.975782394
0.988001347
0.981584549
0.970209122
0.974440098
0.972541332
0.973432064
0.978198290
0.971058130
0.971747637
0.971290350
0.975755692
0.981808662
0.993961334
0.975862026
0.976125240
0.973850727
0.987401485
0.975855589
0.988156557
0.979521751
0.975824833
0.977023125
0.971289158
0.973867655
0.971336365
0.969993114
0.982908010
0.975397110
0.979643822
0.981041908
0.976598024
0.972450018
0.991241455
0.979613066
0.970792055
0.971353054
0.986203194
