0.020990133
0.020905972
0.020750523
0.020700216
0.020721912
0.020712137
0.020712137
0.020705700
0.020736456
0.020705938
0.020711660
0.020702124
0.020708084
0.020708799
0.020710230
0.020773172
0.020852566
0.020843267
0.020694971
0.020764351
0.020735502
0.020728827
0.020728588
0.020705938
0.020719051
0.020714760
0.020731211
0.020760298
0.020728827
0.020741701
0.020707846
0.020709038
0.020715237
0.020704269
0.020725250
0.020705938
0.020701408
0.020707846
0.020807266
0.020933867
0.020934582
0.020937681
0.020942211
0.020865679
0.020829916
0.020824909
0.020827055
0.020815134
0.020821333
0.020816326
0.020869493
0.020819187
0.020813704
0.020705462
0.020715475
0.020748138
0.020745993
0.020754576
0.020931005
0.020933390
0.020962954
0.020918608
0.020895481
0.020852327
0.020819426
0.020808697
0.020823717
0.020829678
0.020819187
0.020844460
0.020854235
0.020836353
0.020852566
0.020853758
0.020842075
0.021010637
0.020929098
0.020981789
0.020867109
0.020849466
0.020877123
0.020986557
0.020851374
0.020865440
0.020881653
0.020830154
0.020943880
0.020855904
0.020854235
0.020830393
0.020837069
0.020864725
0.021027803
0.020740747
0.020720720
0.020743370
0.020764589
0.020956039
0.020975351
0.020951748
0.020930290
0.020954609
0.020864010
0.020834684
0.020864010
0.020843029
0.020831585
0.020818233
0.020848751
0.020852566
0.020846605
0.020844221
0.020854712
0.020870447
0.020839453
0.020838499
0.020895720
0.020893335
0.020848036
0.020842075
0.020822287
0.020856142
0.020854950
0.020840406
0.020836592
0.020838976
0.020857811
0.020852566
0.020859003
0.020847559
0.020805597
0.020813227
0.020828962
0.020831347
0.020818233
0.020838737
0.020823956
0.020877600
0.020827293
0.020826340
0.020835161
0.020870447
0.020846844
0.020853043
0.020850182
0.020861626
0.020838022
0.020866871
0.020844936
0.020855427
0.020885706
0.020874023
0.020818233
0.020840168
0.020856857
0.020853758
0.020860434
0.020868540
0.020821571
0.020854235
0.020829201
0.020833969
0.020813942
0.020852327
0.020818949
0.020830154
0.020880699
0.020850420
0.020824432
0.020825386
0.020840168
0.020859957
0.020834208
0.020850182
0.020819664
0.020841122
0.020836830
0.020859957
0.020826340
0.020843744
0.020810366
0.020842075
0.020834923
0.020857334
0.020823717
0.020845175
0.020837069
0.020844460
0.020877123
0.020987511
0.020943165
0.020942450
0.020977259
0.020823717
0.020856857
0.020853043
0.020855665
0.020860910
0.020856857
0.020847082
0.020840883
0.020834923
0.020860910
0.020849943
0.020834923
0.020811319
0.020845652
0.020869017
0.021065712
0.020858526
0.020852327
0.020856142
0.020843506
0.020848513
0.020859957
0.020845413
0.020836592
0.020848989
0.020847321
0.020843983
0.020847559
0.020831347
0.020829678
0.020853281
0.020832777
0.020852327
0.020846367
0.020831823
0.020850897
0.020843744
0.020824671
0.020863533
0.020859480
0.020840168
0.020802975
0.020838261
0.020917177
0.020826340
0.020943403
0.020847082
0.020836115
0.020854950
0.020837307
0.020838737
0.020817518
0.020817757
0.020809174
0.020842314
0.020885468
0.020850897
0.020836353
0.020824194
0.020862103
0.020816326
0.020828962
0.020802736
0.020824194
0.020808935
0.020817041
0.020817518
0.020825863
0.020866156
0.020919323
0.020905256
0.020876169
0.020887375
0.020847321
0.020803928
0.020848751
0.020843983
0.020844460
0.020861864
0.020868063
0.020867825
0.020814896
0.020838499
0.020862579
0.020857573
0.020833492
0.020816088
0.020844460
0.020858765
0.020850897
0.020850897
0.020823240
0.020830870
0.020857334
0.020828009
0.020824671
0.020830393
0.020827532
0.020846128
0.020862103
0.020845652
0.020858049
0.020813227
0.020819187
0.020819902
0.020760536
0.020709991
0.020710707
0.020728588
0.020718813
0.020912170
0.020925045
0.020971298
0.020915270
0.020935297
0.020875216
0.020946264
0.020919800
0.020915270
0.020913839
0.020883083
0.020896912
0.020838976
0.020855188
0.020859718
0.020884991
0.020872831
0.020805120
0.020875216
0.020830870
0.020815134
0.020821810
0.020854235
0.020830393
0.020856380
0.020728350
0.020769835
0.020728827
0.020719290
0.020733595
0.020916939
0.020938873
0.020935059
0.020936966
0.020918369
0.020859480
0.020867586
0.020973682
0.020823240
0.020844936
0.020964384
0.020979404
0.020836592
0.020981789
0.020754576
0.020747423
0.020838022
0.020719290
0.020713329
0.020943642
0.020971537
0.020971298
0.020965099
0.020940304
0.020828962
0.020856142
0.020824194
0.020841599
0.020843983
0.020843267
0.020854235
0.020845413
0.020924568
0.020835876
0.020859241
0.020866156
0.020842075
0.020965338
0.020859718
0.020822763
0.020809412
0.020808458
0.020860910
0.020856857
0.020812511
0.020811558
0.020820618
0.020847559
0.020814896
0.020825863
0.020836592
0.020852089
0.020848751
0.020849705
0.020812273
0.020866156
0.020821333
0.020851851
0.020819664
0.020853758
0.020827293
0.020856142
0.020831108
0.020855427
0.020826101
0.020891905
0.020819664
0.020836115
0.020819664
0.020835400
0.020830870
0.020834446
0.020848036
0.020806551
0.020820379
0.020850182
0.020843983
0.020849705
0.020806551
0.020836115
0.020830393
0.020934582
0.020849705
0.020846605
0.020862341
0.020856619
0.020856380
0.020833492
0.020836830
0.020825148
0.020845413
0.020835638
0.020852804
0.020863771
0.020862103
0.020827770
0.020852804
0.020824432
0.020861864
0.020812988
0.020810843
0.020812273
0.020832062
0.020828247
0.020819902
0.020829916
0.020870924
0.020838737
0.020861626
0.020816803
0.020828724
0.020826340
0.020826101
0.020829678
0.020812273
0.020845413
0.020839930
0.020817995
0.020817041
0.020851135
0.020862818
0.020887375
0.020865440
0.020864487
0.020896196
0.020857811
0.020857334
0.020863771
0.020864487
0.020879745
0.020853043
0.020808935
0.020877600
0.020850420
0.020803452
0.020847321
0.020826340
0.020849228
0.020829201
0.020825386
0.020876884
0.020823717
0.020857573
0.020847321
0.020847797
0.020851612
0.020853996
0.020857096
0.020869255
0.020839930
0.020877600
0.020852804
0.020852089
0.020858049
0.020862341
0.020841837
0.020873070
0.020840168
0.020848989
0.020867825
0.020843029
0.020812511
0.020856380
0.020853281
0.020836592
0.020837069
0.020844221
0.020818949
0.020838022
0.020821571
0.020867109
0.020845175
0.020864487
0.020857096
0.020860910
0.020872831
0.020827293
0.020859241
0.020823479
0.020828724
0.020807743
0.020819426
0.020809412
0.020816326
0.020822525
0.020862341
0.020849943
0.020814657
0.020825624
0.020824671
0.020739317
0.020714521
0.020726204
0.020709276
0.020752907
0.020739555
0.020915508
0.020934582
0.020925045
0.020948648
0.020952225
0.020936012
0.020958185
0.020896196
0.020852089
0.020873547
0.020833731
0.020818949
0.020859480
0.020829678
0.020803213
0.020816565
0.020836830
0.020806551
0.020839691
0.020824909
0.020822287
0.020806789
0.021040201
0.020815372
0.020875216
0.020812035
0.020862818
0.020867109
0.020823479
0.020810843
0.020838737
0.020850897
0.020805359
0.020814419
0.020723104
0.020727873
0.020726681
0.020729303
0.020830154
0.020929098
0.020922661
0.020914793
0.020941496
0.020859480
0.020818710
0.020802021
0.020816326
0.020827532
0.020815611
0.020812035
0.020817995
0.020828724
0.020848989
0.020818949
0.020824194
0.020811558
0.020828009
0.020817757
0.020815372
0.020822287
0.020819664
0.020822525
0.020826101
0.020812750
0.020881891
0.020838737
0.020880938
0.020843267
0.020822287
0.020816326
0.020811796
