0.009331226
0.005537033
0.005587339
0.009816408
0.009415627
0.005670786
0.005469561
0.005510092
0.012038946
0.005457401
0.005270243
0.005097628
0.008906603
0.005458355
0.005282164
0.005080223
0.009548664
0.006285191
0.005622149
0.006056309
0.008626223
0.005522490
0.005344629
0.005172014
0.008720398
0.005467653
0.005292892
0.005061388
0.008817434
0.005473375
0.005242348
0.005069494
0.009140730
0.005429745
0.005225658
0.005047083
0.010717154
0.006164551
0.005803823
0.005174875
0.009177208
0.005495548
0.005291939
0.005220413
0.010296345
0.006096363
0.005652189
0.005572319
0.009099483
0.005571842
0.005355835
0.005189896
0.009734631
0.005501986
0.005347967
0.005570889
0.009108543
0.005736351
0.005317688
0.005157232
0.009209394
0.005439043
0.005274296
0.005001307
0.009074211
0.005486488
0.005242825
0.005152464
0.009336710
0.005478144
0.005318165
0.005195618
0.009057522
0.005531311
0.005647182
0.005277395
0.009354830
0.005476236
0.005588770
0.005120516
0.009046316
0.005610704
0.005375385
0.005167484
0.013090849
0.006015539
0.005332232
0.005140543
0.008878946
0.005722761
0.005290031
0.005156994
0.009613037
0.005861521
0.005293369
0.005164146
0.009103060
0.005401134
0.005242109
0.005158663
0.008799791
0.005476952
0.005368710
0.005162477
0.008902073
0.005560875
0.005478859
0.005139589
0.011855841
0.005494595
0.005287647
0.005105972
0.009125471
0.005517483
0.005540609
0.005096436
0.008810282
0.005588770
0.005311251
0.005076885
0.009701729
0.006051779
0.006192446
0.005623579
0.009177208
0.005437136
0.005278349
0.005077839
0.008831024
0.005491972
0.005267382
0.005295515
0.011359215
0.006342411
0.005291224
0.005442619
0.008791208
0.005612850
0.005343914
0.005085468
0.009481430
0.005562544
0.005338430
0.005078077
0.009063244
0.005553007
0.005331039
0.005141258
0.008787394
0.005404472
0.005291224
0.005153418
0.008831978
0.005502939
0.005626678
0.005134106
0.009060621
0.005598783
0.005320311
0.005091906
0.009229898
0.005540609
0.005601168
0.005207062
0.008866549
0.005499125
0.005362272
0.005151987
0.008758545
0.005503178
0.005300760
0.005139589
0.008938789
0.005411386
0.005276442
0.005280495
0.011778355
0.005423546
0.005289316
0.005228996
0.008975744
0.005404949
0.005278587
0.005145550
0.008798122
0.005430698
0.005290508
0.005341053
0.008963823
0.005507708
0.005299807
0.005244493
0.008639097
0.005420685
0.005571604
0.005088568
0.008707523
0.006044388
0.005329847
0.005089760
0.011601925
0.005467892
0.005286217
0.005188704
0.009481430
0.005541086
0.005659819
0.005184650
0.013447762
0.005529404
0.005284786
0.005146027
0.009564161
0.005506516
0.005306482
0.005147934
0.009436131
0.005472422
0.005282402
0.005559206
0.009166956
0.005428553
0.005296469
0.005065680
0.008911848
0.005540371
0.005299568
0.005073309
0.009157181
0.005458832
0.005387068
0.005168915
0.009095669
0.005532742
0.005349636
0.005130053
0.008840799
0.005420685
0.005286455
0.005082130
0.009297609
0.005508661
0.005318880
0.005241394
0.009263277
0.005454063
0.005467176
0.005205870
0.008901119
0.005456924
0.005372047
0.005167723
0.009336710
0.005730391
0.005355835
0.005117178
0.009732485
0.005547047
0.005261183
0.005122185
0.009547949
0.005738497
0.005609274
0.005616188
0.009335041
0.005524874
0.005323172
0.005031347
0.009089708
0.005439997
0.005496979
0.005156517
0.011686087
0.005463123
0.005276918
0.005405664
0.012104750
0.005474567
0.005326986
0.005192041
0.009077549
0.005421162
0.005586624
0.005126715
0.008683681
0.005471230
0.005337000
0.005147219
0.008651018
0.005610466
0.005284071
0.005187988
0.009199619
0.005476713
0.005402088
0.005194187
0.008581877
0.005504370
0.005251408
0.005327702
0.009457827
0.005665064
0.005266666
0.004994631
0.008568525
0.005882025
0.005310059
0.005096436
0.008997202
0.005472898
0.005326509
0.005349398
0.008799791
0.005916595
0.005317211
0.005422115
0.009041786
0.005492687
0.005279303
0.005096674
0.014517307
0.005415916
0.005261183
0.005137205
0.009517670
0.005630493
0.005717039
0.005530119
0.009617090
0.005484104
0.005244255
0.005059242
0.008801222
0.005517960
0.005761147
0.005135536
0.008802414
0.005500793
0.005314112
0.005100012
0.009564877
0.005570173
0.005279541
0.005108595
0.009601831
0.005379438
0.005272865
0.005159616
0.009732485
0.005726814
0.005762577
0.006007195
0.009668589
0.005746603
0.005304575
0.005100012
0.008692741
0.005427837
0.005227327
0.005170822
0.008415222
0.005399466
0.005270004
0.005093336
0.008878946
0.005451679
0.005294323
0.005082130
0.008851290
0.005676985
0.005314827
0.005165815
0.009296417
0.005467415
0.005269051
0.005110502
0.009682417
0.005434513
0.005250692
0.005125284
0.009569883
0.005487919
0.005310535
0.005090952
0.009075165
0.005847931
0.005324125
0.005105972
0.009595156
0.005447865
0.005529642
0.005162716
0.009088278
0.005538702
0.005294800
0.005122423
0.008577585
0.005433083
0.005308390
0.005085230
