0.073034286
0.069446802
0.069209337
0.067802429
0.069155931
0.075135946
0.074660301
0.076829672
0.074521542
0.076302290
0.074303389
0.079267740
0.074256897
0.079132795
0.074743509
0.075351238
0.077167749
0.075070858
0.075708389
0.074795246
0.075840235
0.081289530
0.066445351
0.067408562
0.066767693
0.071027517
0.073169947
0.067444563
0.068957329
0.067584276
0.073559999
0.066297293
0.066320419
0.070821762
0.074571133
0.068646669
0.065430641
0.066234112
0.065248728
0.066848755
0.068219185
0.068479776
0.067597389
0.063035250
0.068475485
0.068358183
0.071714640
0.073507786
0.070200920
0.064971209
0.070341349
0.069846392
0.073040962
0.067613125
0.068371296
0.063587427
0.068356991
0.068852186
0.067437172
0.065539598
0.070602894
0.066420317
0.066457033
0.065185070
0.066722393
0.072839499
0.064823389
0.067628384
0.069071054
0.069765329
0.069174528
0.064060926
0.064519167
0.066666126
0.066082239
0.067644596
0.066181660
0.065381527
0.067945480
0.066409111
0.075669289
0.076115608
0.068370581
0.071083307
0.067863464
0.066179276
0.073138714
0.071380615
0.068077803
0.067562103
0.064794779
0.065122366
0.066437721
0.067647457
0.064864159
0.069093227
0.063976526
0.069379330
0.065989971
0.071521282
