0.003602028
0.001877069
0.001449108
0.001870632
0.001450062
0.001677275
0.001537561
0.001548052
0.002148151
0.001444578
0.001939058
0.001434565
0.001454115
0.001916885
0.001494169
0.001515150
0.001661777
0.001553774
0.001456976
0.001676083
0.001458168
0.001589537
0.001625061
0.001585245
0.001815319
0.001448870
0.001711369
0.001618385
0.001650333
0.001704693
0.001734257
0.001643896
0.001633167
0.001522064
0.001803160
0.001484156
0.001674652
0.001521587
0.001657486
0.001674652
0.001484394
0.003375769
0.001507044
0.001418352
0.001624107
0.001858711
0.001427650
0.001730442
0.001471758
0.001494169
0.001407385
0.002164364
0.001928091
0.001409054
0.001684189
0.001959085
0.001410007
0.001920700
0.001404762
0.001724482
0.001486778
0.001817703
0.001417875
0.001662254
0.001574516
0.001783371
0.001410246
0.001641989
0.001519918
0.001696587
0.001499891
0.001620770
0.001495361
0.001609325
0.001473665
0.001606226
0.001420736
0.001688242
0.001500130
0.001615763
0.001540899
0.001545668
0.001391411
0.001415253
0.001538038
0.001416206
0.001555920
0.001444578
0.001411915
0.001739502
0.001406670
0.001736641
0.001396894
0.001761913
0.001402617
0.001704693
0.001402378
0.001682043
0.001394272
0.001393557
