0.039923429
0.027874708
0.029020786
0.029026031
0.029097557
0.028898954
0.028933525
0.032012463
0.032626152
0.032501698
0.032275200
0.032217026
0.032239437
0.030792236
0.028276205
0.028067827
0.029180765
0.029159784
0.029074192
0.030900478
0.031176805
0.031091213
0.030925751
0.030771494
0.030694962
0.031845331
0.032490015
0.028750658
0.028277397
0.028199434
0.029384613
0.032518148
0.032583714
0.032474279
0.032272100
0.032196760
0.032316923
0.032342672
0.032198429
0.032191277
0.032209873
0.028524876
0.028276920
0.028479576
0.029353619
0.029060602
0.029027939
0.029030561
0.032438040
0.032502890
0.032526255
0.032305241
0.032206535
0.032211781
0.032240629
0.028542995
0.028308153
0.028142452
0.031078815
0.031540632
0.031453371
0.031571150
0.031253338
0.031213522
0.031805038
0.032606363
0.032465696
0.032377720
0.032201290
0.028563023
0.028473139
0.028819799
0.029260159
0.028995991
0.029139757
0.029847383
0.032621861
0.032529354
0.032536745
0.032204151
0.032229185
0.032201290
0.032215595
0.028496265
0.029742241
0.032498121
0.029160261
0.028974533
0.028957844
0.028839827
0.028838873
0.028752327
0.028715611
0.030072689
0.032457113
0.032478571
0.032459736
0.028659105
0.031461954
0.032505035
0.032471895
0.032579899
0.032263041
0.032458305
0.032282352
0.032269478
0.032270193
0.032399178
0.032229185
0.032239914
0.032227278
0.028537035
0.028231144
0.032422543
0.032507658
0.032593489
0.032316685
0.032355785
0.032241821
0.032353640
0.032346725
0.032242298
0.032193661
0.032210112
0.032234907
0.028529167
0.028312922
0.028171778
0.029201984
0.030509233
0.032639980
0.032506227
0.032572269
0.032224894
0.032351971
0.032197475
0.032208681
0.032210112
0.032236814
0.028528214
0.028299332
0.028619051
0.029304743
0.029139042
0.029119492
0.029021978
0.030986547
0.032615662
0.032590151
0.032387733
0.032216787
0.032210112
0.032199144
0.028532505
0.028276920
0.028313160
0.029932499
0.032537460
0.032648802
0.032528639
0.032231092
0.032266140
0.032366514
0.032302856
0.032197952
0.032231569
0.032223225
0.028517485
0.028497458
0.028806448
0.029103994
0.029090881
0.029045582
0.032388687
0.032536030
0.032602549
0.032432556
0.032278538
0.032212019
0.032488346
0.032261372
0.028570414
0.029460907
0.028032064
0.029111385
0.028984308
0.029052973
0.028942108
0.028924942
0.029989243
0.032499790
0.032520771
0.032422066
0.032229900
0.032224894
0.028542757
0.029225588
0.031988382
0.032615900
0.032616138
0.032321692
0.032348633
0.032322884
0.032274246
0.032347202
0.032384872
0.032196045
0.032229662
0.032247782
0.028542280
0.028262377
0.027982712
0.029206753
0.029042482
0.029105663
0.028932333
0.031770468
0.032598019
0.032605171
0.032365799
0.032207966
0.032260418
0.032316685
0.028690338
0.031192541
0.032516718
0.032476187
0.032556772
0.032401085
0.032440186
0.032410145
0.032406569
0.032521725
0.032429934
0.032265186
0.032246351
0.032240868
0.028525114
0.030268431
0.032100439
0.032508612
0.032493353
0.032338381
0.032239199
0.032285929
0.032220125
0.032307386
0.032238007
0.032234907
0.032225132
0.032210827
0.028568268
0.028852463
0.028568506
0.029010773
0.029089451
0.029045105
0.028870344
0.029853106
0.032564878
0.032620668
0.032541513
0.032236814
0.032245398
0.032219172
0.028527260
0.029808044
0.032243729
0.032519102
0.032604933
0.032426119
0.032340050
0.032270432
0.032352924
0.032345057
0.032321215
0.032259226
0.032213926
0.032220602
0.028534889
0.028771639
0.032355070
0.032601118
0.032520533
0.032449722
0.032242060
0.032409191
0.032238007
0.032344341
0.032392263
0.032226324
0.032230139
0.032207251
0.028533459
0.028821468
0.028336525
0.029345036
0.029094934
0.029037237
0.029062510
0.028829098
0.030829191
0.032464266
0.032530546
0.032410145
0.032218933
0.032222271
0.028495550
0.029053688
0.031952143
0.032489538
0.032490730
0.032421112
0.032403469
0.032265425
0.032390833
0.032259703
0.032363415
0.032200336
0.032189131
0.032214642
0.028511047
0.030516624
0.032504797
0.032519579
0.032633066
0.032325506
0.032370567
0.032260180
0.032304525
0.032403231
0.032312155
0.032218456
0.032297850
0.032258987
0.028534889
0.028305292
0.028172493
0.029601812
0.032565594
0.032517672
0.032509804
0.032253265
0.032248497
0.032423496
0.032289982
0.032211304
0.032286644
0.032307863
0.028699636
0.028862000
0.032322884
0.032516003
0.032496452
0.032489538
0.032434702
0.032343864
0.032343864
0.032319546
0.032235622
0.032191753
0.032254934
0.032233477
0.028518677
0.029197216
0.032273769
0.032566786
0.032500267
0.032430410
0.032352448
0.032282114
0.032266617
0.032373905
0.032254934
0.032186985
0.032236338
0.032207251
0.028553247
0.028280735
0.030529022
0.031219244
0.030849695
0.030675650
0.030670881
0.032013655
0.032544374
0.032497168
0.032353878
0.032201290
0.032214642
0.032264709
0.028495312
0.028873205
0.032628298
0.032507658
0.032550097
0.032408237
0.032239676
0.032240391
0.032362938
0.032252550
0.032366276
0.032205105
0.032202005
0.032200336
0.028509378
0.028268814
0.028214216
0.029255629
0.029124975
0.028997183
0.028959274
0.028804302
0.032521486
0.032580614
0.032534838
0.032213926
0.032229424
0.032227278
0.028523922
0.028434753
0.028062582
0.029213905
0.029059410
0.029015541
0.031069040
0.031406164
0.031306028
0.031181812
0.030949593
0.030908585
0.031886578
0.032464266
0.028724670
0.031801462
0.029543161
0.028984547
0.029010773
0.029012442
0.028906345
0.029186249
0.029136658
0.032641172
0.032666683
0.032682657
0.032392263
0.032340288
0.028601408
0.028262138
0.028045416
0.029178143
0.028994083
0.028971672
0.028980017
0.031854153
0.032465935
0.032490253
0.032304049
0.032178879
0.032202959
0.032233000
0.028514624
0.028667688
0.028303385
0.029206038
0.032455444
0.032499552
0.032499075
0.032274246
0.032213688
0.032375336
0.032253742
0.032250643
0.032233953
0.032245159
0.028532743
0.028436184
0.028140783
0.031666756
0.031867504
0.031465054
0.031476498
0.031302452
0.031263351
0.031941414
0.032510996
0.032450438
0.032390594
0.032214642
0.028505325
0.028856039
0.031607151
0.032444954
0.032458544
0.032590628
0.032212973
0.032249928
0.032230139
0.032230616
0.032205105
0.032223940
0.032289505
0.032206774
0.028548956
0.028565407
0.028311253
0.029502153
0.032676458
0.032514334
0.032714844
0.032385588
0.032410383
0.032381296
0.032205582
0.032212496
0.032442570
0.032224417
0.028487206
0.032922506
0.032590866
0.032496452
0.032489777
0.032371044
0.032269955
0.032397509
0.032220364
0.032364607
0.032371759
0.032238722
0.032220125
0.032217503
0.028511286
0.030127525
0.032202005
0.032490253
0.032542229
0.032280684
0.032315254
0.032225847
0.032365799
0.032244682
0.032371521
0.032221317
0.032226801
0.032243013
0.028509855
0.028324842
0.028563499
0.029126167
0.032428265
0.032606125
0.032481909
0.032187462
0.032325029
0.032211542
0.032320499
0.032203436
0.032212019
0.032214403
0.028513193
0.028306484
0.028833628
0.029114008
0.028907776
0.028835773
0.028926134
0.028842211
0.032103062
0.032513618
0.032492161
0.032263994
0.032201529
0.032228231
0.028519154
0.028466463
0.028614283
0.029082775
0.031921625
0.032606840
0.032601833
0.032377481
0.032355070
0.032362700
0.032300711
0.032189131
0.032245159
0.032188416
0.028517246
0.030894995
0.032745838
0.032561541
0.032464027
0.032370806
0.032239914
0.032313585
0.032322168
0.032364607
0.032263517
0.032192707
0.032218456
0.032223701
0.028503895
0.028271198
0.028177500
0.029215097
0.029158354
0.028988838
0.032557726
0.032495737
0.032609463
0.032382011
0.032331944
0.032201767
0.032240391
0.032378197
0.028568268
0.029094934
0.032238007
0.032469988
0.032511234
0.032290936
0.032469749
0.032250881
0.032225609
0.032388926
0.032274246
0.032224417
0.032202721
0.032194138
0.028541803
0.033476591
0.032649517
0.032503605
0.032262564
0.032191515
0.032314301
0.032263517
0.032338619
0.032259226
0.032225132
0.032223225
0.032345057
0.032238483
0.028553963
0.028275728
0.028173923
0.029377222
0.029974222
0.032299995
0.031984568
0.031818390
0.031639099
0.031732798
0.031613827
0.032492399
0.032521963
0.032510042
0.028579235
0.028976679
0.028236628
0.029096127
0.028933048
0.028929472
0.028781176
0.028899670
0.030095339
0.032631874
0.032589197
0.032424927
0.032293558
0.032259941
0.028517485
0.028745890
0.028491735
0.028949022
0.029040813
0.031145334
0.031339169
0.031218052
0.031117201
0.030903101
0.031042576
0.031853199
0.032484293
0.032463551
0.028641939
0.029114962
0.028154612
0.029047489
0.029062986
0.029017448
0.028848648
0.028825521
0.030725718
0.032542944
0.032472372
0.032402992
0.032226801
0.032228708
0.028552055
0.029997349
0.032192230
0.032494545
0.032604694
0.032317162
0.032387495
0.032226562
0.032374144
0.032257318
0.032287598
0.032212496
0.032243252
0.032217264
0.028531313
0.028242350
0.032483339
0.032859564
0.032469988
0.032391310
0.032229424
0.032298088
0.032325506
0.032382011
0.032240629
0.032181025
0.032263517
0.032233238
0.028545618
0.030958891
0.032371521
0.032479286
0.032530546
0.032324791
0.032351971
0.032259941
0.032305002
0.032213926
0.032397270
0.032209873
0.032232046
0.032240629
0.028548717
0.028667212
0.032575607
0.032530069
0.032617092
0.032279730
0.032347441
0.032347441
0.032317400
0.032309294
0.032357931
0.032211065
0.032213688
0.032297850
0.028543472
0.032790899
0.032471418
0.032495022
0.032486439
0.032273054
0.032300234
0.032416344
0.032280922
0.032268524
0.032342911
0.032221079
0.032241106
0.032246590
0.028526783
0.028802633
0.028342485
0.029317141
0.029172897
0.028795004
0.031121969
0.032535553
0.032591105
0.032508612
0.032371521
0.032219648
0.032222033
0.032229662
0.028508663
0.029022932
0.028439283
0.029222250
0.029130936
0.028949499
0.028823137
0.028919697
0.031069994
0.032535076
0.032721758
0.032460213
0.032279015
0.032251358
0.028585196
0.030402660
0.032604218
0.032557249
0.032565832
0.032256603
0.032293320
0.032318354
0.032277584
0.032421589
0.032259703
0.032199383
0.032208443
0.032222509
0.028530121
0.028361797
0.030701160
0.032311440
0.031650305
0.031620264
0.031410217
0.032379150
0.032630444
0.032481670
0.032351494
0.032219887
0.032225847
0.032205582
0.028531075
0.028551817
0.029463291
0.032479763
0.032717943
0.032442808
0.032233477
0.032218456
0.032234669
0.032273054
0.032192469
0.032210827
0.032237291
0.032242537
0.028524637
0.028539896
0.028235674
0.029484987
0.032553673
0.032621861
0.032624245
0.032281399
0.032390594
0.032372236
0.032268286
0.032215834
0.032255888
0.032210112
0.028564215
0.028566599
0.028724432
0.029057503
0.029155016
0.031260490
0.031190634
0.031190634
0.031206846
0.031101942
0.031073809
0.032276154
0.032463312
0.032492876
0.028595448
0.029890776
0.032470942
0.032443523
0.032528162
0.032267332
0.032295942
0.032419443
0.032209158
0.032246590
0.032344818
0.032210350
0.032226086
0.032241344
0.028523684
0.028423548
0.028105259
0.029298544
0.029049635
0.028993845
0.030336380
0.032611847
0.032606363
0.032446861
0.032263756
0.032235384
0.032216311
0.032217264
0.028483152
0.028256893
0.028234005
0.029189587
0.029069185
0.029112577
0.029042721
0.029065371
0.032594681
0.032541752
0.032491207
0.032220840
0.032207727
0.032198191
0.028527260
0.029114962
0.031450987
0.032493830
0.032617331
0.032370329
0.032447100
0.032382488
0.032415867
0.032284021
0.032387495
0.032209396
0.032231569
0.032258034
0.028510332
0.028529406
0.028226614
0.031258106
0.031756401
0.031522274
0.031409502
0.031460285
0.031215191
0.031891108
0.032446623
0.032460213
0.032391787
0.032199621
0.028517485
0.028747797
0.028474331
0.031312943
0.032545328
0.032474279
0.032426596
0.032311440
0.032279730
0.032236576
0.032320261
0.032207727
0.032231092
0.032236576
0.028511763
0.029418230
0.032683134
0.032629967
0.032552958
0.032280445
0.032336235
0.032338619
0.032260180
0.032453775
0.032313108
0.032179832
0.032238483
0.032197237
0.028514147
0.028274775
0.028081656
0.029161930
0.029121876
0.029221535
0.032660007
0.032541037
0.032611847
0.032297373
0.032368898
0.032196283
0.032223940
0.032193184
0.028506279
0.028594732
0.028556585
0.029001951
0.029046059
0.028974533
0.031482458
0.032447815
0.032551527
0.032433033
0.032393456
0.032257318
0.032275200
0.032224655
0.028542995
0.028358459
0.028364658
0.029148340
0.029009581
0.029016256
0.028764248
0.031292439
0.032476187
0.032583237
0.032371283
0.032340765
0.032269955
0.032261372
0.028537512
0.033271313
0.032545805
0.032502174
0.032353163
0.032250166
0.032349110
0.032222748
0.032271385
0.032309771
0.032361984
0.032240152
0.032232523
0.032202959
0.028516293
0.033372879
0.032557964
0.032624006
0.032374859
0.032374859
0.032515526
0.032336712
0.032333851
0.032369614
0.032319069
0.032239676
0.032235384
0.032243252
0.028531075
0.028303385
0.030334949
0.032544851
0.032473087
0.032417297
0.032195330
0.032240391
0.032289505
0.032249451
0.032465935
0.032230139
0.032195091
0.032224417
0.028517246
0.031092167
0.032504559
0.032542706
0.032462835
0.032332659
0.032344818
0.032233477
0.032379389
0.032226086
0.032307625
0.032222986
0.032426357
0.032282591
0.028552055
0.029641628
0.032070398
0.032485247
0.032557964
0.032331944
0.032523155
0.032301426
0.032331705
0.032269478
0.032407761
0.032211781
0.032192469
0.032239199
0.028523445
0.028778553
0.032053709
0.032553196
0.032478094
0.032415390
0.032367468
0.032455206
0.032463074
0.032354355
0.032189846
0.032212973
0.032238483
0.032233000
0.028531551
0.028518677
0.028447390
0.029043913
0.029156208
0.029023886
0.028902054
0.028813839
0.032420635
0.032554150
0.032609701
0.032283545
0.032226086
0.032227039
0.028666019
0.029146194
0.032495499
0.032632351
0.032604218
0.032240629
0.032249212
0.032459497
0.032277822
0.032319069
0.032363176
0.032237291
0.032238007
0.032250404
0.028755903
0.031618834
0.032494783
0.032528400
0.032379389
0.032440901
0.032225847
0.032483816
0.032375097
0.032341003
0.032227039
0.032196760
0.032207251
0.032230139
0.028534889
0.028255939
0.028531313
0.029010534
0.029047489
0.029007673
0.029846191
0.032496691
0.032593727
0.032485247
0.032261133
0.032194138
0.032248974
0.032224894
0.028534174
0.029189348
0.031548500
0.032622337
0.032555580
0.032488585
0.032360792
0.032281876
0.032304049
0.032345772
0.032379627
0.032254696
0.032219410
0.032243729
0.028532505
0.029362202
0.032539845
0.032629251
0.032628059
0.032305002
0.032376051
0.032308102
0.032400846
0.032382011
0.032277584
0.032222509
0.032264233
0.032234907
0.028551340
0.030404806
0.028536797
0.029014587
0.029118299
0.029128551
0.028921366
0.032658100
0.032603502
0.032526731
0.032270432
0.032202244
0.032220364
0.032190800
0.028524876
0.028833389
0.032363653
0.032479525
0.032515049
0.032280445
0.032284021
0.032272816
0.032366276
0.032244205
0.032569647
0.032235622
0.032240868
0.032233000
0.028492451
0.028218031
0.028457165
0.029204369
0.029186726
0.029060602
0.029919863
0.031250715
0.031127930
0.030910730
0.031045914
0.030854464
0.030934811
0.032490015
0.028761387
0.029789209
0.028773069
0.028834343
0.028912067
0.028874636
0.028920174
0.029010057
0.029116869
0.032580137
0.032607555
0.032464027
0.032409191
0.032282352
0.028533220
0.028260231
0.028157949
0.029281855
0.031178236
0.032543421
0.032464981
0.032424212
0.032251120
0.032377481
0.032243967
0.032207251
0.032235384
0.032301188
0.028682470
0.028262138
0.028700113
0.029131174
0.029136658
0.028851271
0.028940439
0.032654762
0.032488346
0.032557011
0.032403946
0.032235861
0.032244682
0.032221794
0.028523207
0.030223370
0.032075405
0.032251596
0.031957150
0.031977415
0.031655073
0.031718731
0.031717062
0.032485485
0.032499790
0.032471895
0.032223225
0.032217979
0.028524876
0.028853178
0.028257370
0.029159546
0.030939817
0.032550573
0.032562971
0.032516956
0.032282114
0.032341957
0.032375336
0.032210827
0.032229424
0.032222986
0.028516531
0.028759718
0.028119087
0.029157639
0.029027462
0.028989315
0.030329466
0.032590151
0.032501936
0.032548666
0.032260895
0.032208204
0.032214642
0.032205582
0.028527021
0.029510260
0.032493353
0.032229662
0.032210112
0.032231092
0.031991005
0.031981230
0.032002687
0.032523155
0.032588482
0.032441616
0.032223940
0.032197714
0.028512239
0.028737545
0.028416157
0.029193878
0.029036522
0.032438278
0.032531500
0.032515287
0.032289267
0.032304049
0.032274008
0.032243967
0.032216072
0.032334089
0.028551579
0.028968334
0.028263569
0.028976202
0.029072046
0.029043674
0.029924393
0.032603025
0.032546759
0.032595873
0.032298088
0.032221317
0.032203674
0.032198429
0.028528690
0.028310299
0.028532028
0.029045820
0.032577038
0.032622814
0.032474518
0.032400370
0.032252550
0.032254696
0.032356977
0.032257795
0.032255888
0.032223225
0.028522253
0.028709650
0.028857231
0.029126883
0.029317141
0.029010534
0.028911829
0.031237364
0.032518148
0.032580853
0.032504797
0.032200336
0.032242060
0.032262325
0.028725863
0.028913260
0.032530546
0.032499552
0.032527685
0.032311201
0.032301426
0.032424450
0.032214880
0.032405615
0.032375574
0.032214880
0.032220364
0.032191992
0.028532982
0.033846855
0.032504797
0.032465696
0.032222271
0.032377481
0.032211542
0.032267809
0.032298326
0.032367945
0.032307625
0.032242775
0.032262325
0.032253027
0.028530836
