0.496769190
0.483795643
0.486565113
0.489408016
0.488061190
0.490128279
0.486231089
0.505968332
0.497793198
0.488319635
0.480614662
0.492075682
0.484454155
0.473990440
0.496271849
0.488186598
0.499490976
0.500000477
0.480325222
0.508146048
0.499314308
0.475853205
0.504432678
0.511177063
0.494258642
0.497686386
0.494468689
0.488913059
0.503380775
0.476181507
0.471680164
0.494399548
0.486239672
0.495772839
0.487267733
0.504967690
0.494144440
0.501935005
0.501650095
0.505761147
0.482883692
0.489452839
0.502976179
0.484199524
0.497841597
0.502233744
0.493744135
0.473223209
0.484536886
0.476265907
0.502036810
0.502310038
0.508859634
0.493693829
0.512366295
0.492771626
0.473815918
0.498731136
0.490331888
0.492465973
0.490814686
0.496361494
0.497599840
0.481387615
0.477568626
0.496776581
0.499566078
0.508908510
0.507842779
0.481864929
0.492265940
0.488409996
0.514683962
0.510637522
0.496984720
0.500669718
0.497929811
0.502716064
0.476460218
0.505573988
0.498814106
0.487519741
0.508552790
0.508690596
0.483281136
0.502515793
0.494440317
0.473627806
0.488596678
0.482549906
0.495981693
0.486546993
0.490214109
0.496417999
0.489737511
0.479203939
0.485722780
0.492245197
0.502328634
0.513678074
