0.009019852
0.008720160
0.009519100
0.010330677
0.010197163
0.010238409
0.010331869
0.010192871
0.010200500
0.010259867
0.008888245
0.008589983
0.008579969
0.008540630
0.008531332
0.008525133
0.008569002
0.008581638
0.008549929
0.008533001
0.008515358
0.008579969
0.008557558
0.008555412
0.008567333
0.008524656
0.008535385
0.008547306
0.008527994
0.008542538
0.008512497
0.008500814
0.008533716
0.009247065
0.010256052
0.010186434
0.010190010
0.010223627
0.010280132
0.010258436
0.010210991
0.010186434
0.010201216
0.010194778
0.010148287
0.010239840
0.010248661
0.010196447
0.010169983
0.010115147
0.010189056
0.010227919
0.010123491
0.008950710
0.008620024
0.008553267
0.008585215
0.008583307
0.008565903
0.008574963
0.008553505
0.008581161
0.008544922
0.008552790
0.008593082
0.008536577
0.008507729
0.008518696
0.008550882
0.008596182
0.008574009
0.008513927
0.008554220
0.008527994
0.008538723
0.008557081
0.009374619
0.010198832
0.010210752
0.010242701
0.010265350
0.010221720
0.010238647
0.010223866
0.010245323
0.010242701
0.010223389
0.010124683
0.010140419
0.010141850
0.010167122
0.010168552
0.010162830
0.010112286
0.010155678
0.010166168
0.008854151
0.008589506
0.008555412
0.008595705
0.008593321
0.008545399
0.008563995
0.008639812
0.008686304
0.008604765
0.008582592
0.008553028
0.008577824
0.008514404
0.008563519
0.008510590
0.008528948
0.008534670
0.008524418
0.008512020
0.008520603
0.008512974
0.008531094
0.008563757
0.008628607
0.008592367
0.010249138
0.010218143
0.010216951
0.010282040
0.010296822
0.010291815
0.010309935
0.010236025
0.010218620
0.010237217
0.010171175
0.010162830
0.010191202
0.010166645
0.010240316
0.010178089
0.010178804
0.010185719
0.010160208
0.009365797
0.008607388
0.008573771
0.008648396
0.008563757
0.008518696
0.008603096
0.008569956
0.008564711
0.008584499
0.008578777
0.008580685
0.008569002
0.008565187
0.008566141
0.008560419
0.008549213
0.008605719
0.008519411
0.008511782
0.008593798
0.008579016
0.008546829
0.008723974
0.010228634
0.010199547
0.010227680
0.010241032
0.010265112
0.010281563
0.010250092
0.010193348
0.010265827
0.010250330
0.010166645
0.010166645
0.010189056
0.010161400
0.010184526
0.010193586
0.010238886
0.010177612
0.010178804
0.010151625
0.010150671
0.010195017
0.010168791
0.010169029
0.010194778
0.010167122
0.010176897
0.010130644
0.010140181
0.010115862
0.010145187
0.010150909
0.010156155
0.010144711
0.010155678
0.010148764
0.010178089
0.010123253
0.010165691
0.008688450
0.008573055
0.008538485
0.008565664
0.008522511
0.008578777
0.008553505
0.008566141
0.008578777
0.008563995
0.008556604
0.008565903
0.008568287
0.008538723
0.008521080
0.008550882
0.008529186
0.008527279
0.008589506
0.008529663
0.008542538
0.008552313
0.008539200
0.008514166
0.008496761
0.008568525
0.010204315
0.010233402
0.010227442
0.010228872
0.010212660
0.010232449
0.010240555
0.010239363
0.010195494
0.010249138
0.010118008
0.010120153
0.010132551
0.010170221
0.010115385
0.010146856
0.010119438
0.010164261
0.010150671
0.010148525
0.010136127
0.010159254
0.010152340
0.010147810
0.010164022
0.010181665
0.010096073
0.010152578
0.010142565
0.010166168
0.010156870
0.010167599
0.010159254
0.010138035
0.010157347
0.010177135
0.010114670
0.010165691
0.010187149
0.008988619
0.008551836
0.008563519
0.008549452
0.008590460
0.008543968
0.008563757
0.008548737
0.008568525
0.008530140
0.008573771
0.008570910
0.008554220
0.008497000
0.008677721
0.008556604
0.008635283
0.008540154
0.008529425
0.008518219
0.008511782
0.008530378
0.008530617
0.008539915
0.010179996
0.010211229
0.010213614
0.010195971
0.010215282
0.010225058
0.010235786
0.010205746
0.010247231
0.010228395
0.010124207
0.010165691
0.010169506
0.010185957
0.010156631
0.010154486
0.010147572
0.010269880
0.010265589
0.010149002
0.010160208
0.010259390
0.010133982
0.010166645
0.010139704
0.010164738
0.010118484
0.010119677
0.010113239
0.010099173
0.010124922
0.010117769
0.010161400
0.010161877
0.010128975
0.010148764
0.010156631
0.010136127
0.010169744
0.010166407
0.010171175
0.008625269
0.008578777
0.008527279
0.008551121
0.008525133
0.008576155
0.008512497
0.008576393
0.008559704
0.008590460
0.008516073
0.008565426
0.008562088
0.008546352
0.008584976
0.008567095
0.008557320
0.008507729
0.008526564
0.008571148
0.008587599
0.008641720
0.008595705
0.009295225
0.010245323
0.010199070
0.010199785
0.010218382
0.010196686
0.010226965
0.010208130
0.010233402
0.010212421
0.010215759
0.010131598
0.010132790
0.010129452
0.010144711
0.010149240
0.010166407
0.010179758
0.010138273
0.010163307
0.008780956
0.008527040
0.008528948
0.008494854
0.008501530
0.008562326
0.008557081
0.008561850
0.008553743
0.008579254
0.008578777
0.008549213
0.008579731
0.008541822
0.008570910
0.008576155
0.008532524
0.008530617
0.008550167
0.008546114
0.008547068
0.008514404
0.008544683
0.009003401
0.010225296
0.010234356
0.010222435
0.010242462
0.010203123
0.010237217
0.010210514
0.010203838
0.010245323
0.010186195
0.010157585
0.010124922
0.010143757
0.010141850
0.010149240
0.010132551
0.010138035
0.010127068
0.010151625
0.010178804
0.010216236
0.010091066
0.010161400
0.010149240
0.010171413
0.010157585
0.010176420
0.010164976
0.010173082
0.010180235
0.010157347
0.010131359
0.010152340
0.010155201
0.010120869
0.010138750
0.010177612
0.010123014
0.010144472
0.010138512
0.010037184
0.008568287
0.008550882
0.008591890
0.008550644
0.008574247
0.008577108
0.008574724
0.008523226
0.008563280
0.008571863
0.008564472
0.008573055
0.008530855
0.008530617
0.008524418
0.008532047
0.008551121
0.008541346
0.008534908
0.008529425
0.008547544
0.008558035
0.008554935
0.009123802
0.010215282
0.010246277
0.010207176
0.010252953
0.010226250
0.010276079
0.010232925
0.010216236
0.010203600
0.010194540
0.010121584
0.010116339
0.010108232
0.010135174
0.010130882
0.010107994
0.010150194
0.010150909
0.010183334
0.010148764
0.010151863
0.010137320
0.010127783
0.010119677
0.010155201
0.010099888
0.010113001
0.010116100
0.010185480
0.010170221
0.010118008
0.010168552
0.010139227
0.010156393
0.010132074
0.010158539
0.010155439
0.010143518
0.009671926
0.008555412
0.008529186
0.008542061
0.008542538
0.008572102
0.008571386
0.008566856
0.008557081
0.008587360
0.008554220
0.008564234
0.008537769
0.008525610
0.008539915
0.008623600
0.008632421
0.008620262
0.008594513
0.008599758
0.008570194
0.008612394
0.008607149
0.008606672
0.010126352
0.010217667
0.010226488
0.010216951
0.010254383
0.010220051
0.010220766
0.010223150
0.010247469
0.010230541
0.010151863
0.010110140
0.010179520
0.010160923
0.010122776
0.010186434
0.010120392
0.010162115
0.010164022
0.009767294
0.008559227
0.008545160
0.008567810
0.008546352
0.008557081
0.008538485
0.008575201
0.008557081
0.008572340
0.008545399
0.008562803
0.008512974
0.008542538
0.008546352
0.008624554
0.008597136
0.008593559
0.008600950
0.008627415
0.008585215
0.008641720
0.008605957
0.008610487
0.008563042
0.008579016
0.009495020
0.010230541
0.010218620
0.010236740
0.010195732
0.010261774
0.010294914
0.010261536
0.010246515
0.010262489
0.010246992
0.010191202
0.010187387
0.010161638
0.010165691
0.010171175
0.010179043
0.010190487
0.010176659
0.010184288
0.010234833
0.010264874
0.010169268
0.010140419
0.010119438
0.010138273
0.010142326
