0.019070148
0.005473614
0.004961014
0.011729717
0.007263660
0.005137920
0.004921436
0.006196976
0.007148266
0.005075932
0.004930973
0.006186724
0.006966591
0.005293846
0.004940033
0.006214857
0.007308006
0.005545139
0.004951000
0.006189346
0.007488251
0.005229235
0.004937172
0.006215334
0.007304192
0.005143881
0.004934072
0.006197691
0.007292986
0.005166531
0.004931211
0.006193876
0.007526875
0.005065203
0.004947901
0.006463051
0.007308960
0.005377531
0.004931450
0.006252289
0.007216454
0.005271435
0.004924059
0.006213903
0.009030342
0.005029678
0.004931450
0.006202698
0.007271767
0.005210161
0.004980326
0.006211042
0.008159876
0.005225658
0.004939079
0.006192923
0.007271051
0.005062103
0.004935265
0.006213188
0.007157087
0.005054712
0.004944801
0.006201029
0.007270336
0.005690813
0.005000114
0.006214142
0.007316113
0.005029440
0.004949570
0.006429911
0.007377863
0.005028963
0.004944324
0.006202936
0.007177591
0.005158901
0.004931688
0.006199837
0.007254124
0.005061865
0.004960060
0.006212950
0.007327795
0.005089998
0.004956245
0.006208658
0.007024765
0.005217791
0.004889250
0.006165981
0.007110834
0.005148888
0.004920244
0.006184340
0.007102966
0.005102873
0.004885197
0.006179810
0.007501841
0.004992723
0.004901886
0.006184816
0.006892204
0.005021095
0.004925966
0.006184816
0.006912947
0.004951000
0.005163670
0.006348133
0.007111073
0.005426168
0.004899263
0.006157637
0.007283211
0.005410433
0.004884243
0.006165504
0.008965969
0.005130053
0.004912138
0.006189346
0.007035494
0.005207300
0.004917622
0.006159067
0.008078575
0.005136490
0.004887819
0.006165504
0.006887197
0.004965544
0.004918098
0.006181717
0.007146835
0.005034447
0.004904509
0.006162643
0.008763790
0.005221367
0.004901648
0.006396532
0.007422209
0.005233288
0.004888773
0.006178141
0.007896185
0.005385160
0.004913568
0.006181955
0.007434368
0.005213976
0.005049944
0.006180048
0.007049084
0.005075693
0.004916906
0.006174326
0.007198095
0.005224228
0.004918337
0.006194592
0.008210659
0.005407810
0.004943132
0.006179810
0.007257462
0.005290270
0.004925966
0.006173372
0.006844997
0.005306244
0.004918575
0.006225586
0.007850170
0.005133390
0.004904747
0.006156206
0.008207560
0.005107880
0.004915237
0.006192684
0.007092476
0.005382061
0.004939318
0.006177902
0.007026434
0.005075216
0.004911184
0.006185055
0.006954193
0.004957676
0.004917860
0.006179810
0.008117676
0.005076885
0.004883051
0.006174326
0.008900881
0.005256653
0.004888535
0.006185770
0.007965088
0.005355120
0.004915953
0.006181717
0.008321524
0.004930973
0.004898071
0.006155729
0.007046461
0.005265474
0.004879236
0.006167650
0.007113457
0.004980803
0.004892588
0.006166697
0.006698608
0.004930496
0.004899025
0.006177187
0.007195711
0.005226135
0.004896164
0.006165266
0.007041693
0.005202532
0.004916430
0.006170034
0.007346392
0.004963636
0.004898310
0.006161451
0.008403301
0.005404472
0.005150318
0.006302357
0.007015467
0.004960775
0.004961729
0.006200790
0.006978273
0.004975557
0.004889011
0.006182671
0.008942366
0.005397081
0.004913807
0.006157875
0.007240057
0.005034685
0.004907131
0.006182909
0.007182837
0.005215645
0.004900217
0.006171703
0.008231878
0.005041122
0.004908323
0.006162643
0.008162975
0.005218983
0.004899740
0.006343365
0.008388758
0.005015135
0.004916191
0.006191730
0.007126093
0.005192995
0.004913568
0.006173611
0.006951332
0.005309582
0.004912615
0.006164789
0.006727457
0.005154133
0.004919529
0.006163120
0.007029295
0.004979610
0.004911661
0.006159067
0.006971121
0.004989862
0.004912376
0.006176233
0.006943464
0.005257607
0.004887581
0.006152391
0.006782532
0.004979849
0.004940987
0.006190062
0.007187605
0.005048752
0.004888773
0.006159544
0.008128881
0.005124569
0.004893780
0.006180525
0.008167267
0.005082369
0.004893541
0.006172657
0.007252216
0.004956007
0.004919052
0.006163120
0.007061958
0.005111456
0.004964113
0.006183863
0.007189989
0.004993439
0.004920721
0.006165266
0.007383347
0.004947186
0.004894018
0.006183147
0.007357836
0.005050421
0.005178928
0.006170034
0.007331371
0.005358934
0.004898787
0.006163836
0.008111954
0.005147219
0.004907370
0.006172895
0.007145882
0.005054235
0.004888773
0.006176472
0.007263422
0.005308628
0.004911184
0.006183386
0.007043362
0.004964352
0.004916191
0.006173372
0.007512093
0.005096436
0.004983187
0.006246805
0.007305384
0.005017757
0.005051613
0.006188393
0.007401705
0.004998207
0.004892111
0.006198406
0.007147074
0.005141735
0.004899740
0.006186008
0.007968187
0.005008459
0.004919291
0.006432772
0.007572174
0.005441666
0.004983187
0.006243229
0.007049561
0.005251169
0.004892826
0.006180763
0.007174015
0.004992247
0.004899263
0.006180048
0.008227348
0.005107403
0.004911661
0.006163120
0.007135630
0.005205393
0.004914284
0.006164312
0.008899689
0.005057335
0.004888773
0.006157160
0.007274151
0.005082130
0.004920721
0.006189585
