0.129175901
0.102745771
0.099241972
0.108788490
0.105596304
0.105543137
0.103291273
0.107514381
0.101888180
0.102282524
0.099628210
0.099143267
0.103581667
0.101619720
0.098537207
0.100106478
0.097695112
0.104099989
0.098459959
0.104735851
0.105744839
0.101587296
0.100987196
0.102587938
0.106203318
0.100364447
0.100680590
0.098616600
0.101056099
0.102654696
0.101556540
0.099045753
0.102550745
0.104368448
0.102456093
0.105556488
0.102668285
0.105251074
0.104607344
0.100215912
0.102240801
0.100735426
0.103078604
0.097980738
0.101886749
0.103549480
0.101189852
0.103600979
0.099133015
0.105427742
0.106104136
0.103129148
0.101971388
0.102306128
0.100800514
0.105413437
0.108236074
0.100584030
0.106372118
0.114850283
0.104972601
0.107834816
0.104242086
0.099531889
0.098355293
0.105044603
0.106329441
0.109756231
0.107481718
0.100435495
0.106960535
0.098567963
0.101703167
0.108047724
0.107945919
0.099009514
0.108247757
0.104725599
0.106043577
0.098817348
0.102212906
0.098665714
0.105570316
0.101472616
0.105797291
0.104098082
0.096081734
0.105985403
0.105883837
0.099171162
0.105798483
0.104887486
0.107790232
0.101094007
0.107889891
0.098934412
0.100200176
0.105765820
0.106000423
0.097532511
