0.003156424
0.002319336
0.002157927
0.001980543
0.001963139
0.001956701
0.001978159
0.001968145
0.001962900
0.001967430
0.001967192
0.002005577
0.002134085
0.002018452
0.002167463
0.001969576
0.001966238
0.001970291
0.001966238
0.001969814
0.001967907
0.001958847
0.001954794
0.001956463
0.001970053
0.001971483
0.001952410
0.001963377
0.001968622
0.001994610
0.001962423
0.001981974
0.001969576
0.001995564
0.001967430
0.001966476
0.001969814
0.001971006
0.001959562
0.001968622
0.001970291
0.001971245
0.001964331
0.001967669
0.001975775
0.002001524
0.001969814
0.001964569
0.001971960
0.001959085
0.001959562
0.001981497
0.001964092
0.001975536
0.001959801
0.001952887
0.001966238
0.001960754
0.001950502
0.001965284
0.001970768
0.001958847
0.001959324
0.001953602
0.001969576
0.001977444
0.001961470
0.001975060
0.001968622
0.001980782
0.001954079
0.001998186
0.001966953
0.001963615
0.001952887
0.001970768
0.001960993
0.002001524
0.001956224
0.001976013
0.001969576
0.001971006
0.001971483
0.001988173
0.001958370
0.001979113
0.001955986
0.001982212
0.001955271
0.001974344
0.001956224
0.001972675
0.001966476
0.001983166
0.001965046
0.001983881
0.001960278
0.001958847
0.001952171
0.001960993
