38.486131430
37.888524771
39.009485960
38.116305351
38.259578228
38.940528154
38.721342564
37.187379599
38.760943174
38.156384468
11.334285021
39.119568110
38.310712337
37.449489594
37.960144281
37.800938368
38.149615288
37.754385471
37.899039745
37.873851299
37.672688246
11.515760422
38.314161301
37.396496773
37.776809692
37.897519350
37.210318089
37.738770962
37.728473663
38.240681410
37.739945173
37.868391752
11.300616026
38.774662256
38.668338537
37.775416613
37.881902695
37.692761183
37.618952274
37.990276814
38.060318232
37.972758770
37.843462706
11.358691216
38.566455126
37.925777674
38.492934227
38.340926409
37.872327328
37.749488115
37.867577791
37.941981077
37.963139534
37.697335958
11.548519611
38.222884417
37.755361557
37.918579102
39.197366238
37.832464695
38.073639393
37.912283897
37.727248192
38.069536448
37.708695412
11.415584087
38.342958927
37.609111071
37.713945627
38.113351107
37.875635624
38.087374926
37.739294767
37.964261532
37.706303120
37.888594627
11.434866190
37.971920967
38.296453238
37.329637051
37.746724367
37.736235857
37.929318666
37.901527882
37.605364323
37.953162670
37.668018579
11.354894400
39.002305269
37.291170597
38.176772833
37.427059174
38.248545170
37.585338593
38.246803761
38.087856293
37.271388054
38.359588623
11.474548340
38.528917074
37.947480679
38.077494860
37.596184731
38.047032118
38.147663116
37.687591791
37.945903301
37.869915247
37.708541393
11.441261292
38.080253601
38.020557642
37.672633410
37.736908913
38.182093143
38.208005428
37.727615595
37.760058880
38.074239016
37.614072323
11.463015556
38.329834938
37.682276964
37.819066048
37.711946249
38.427528381
38.618201733
37.846900225
37.915357590
38.022679090
38.103854179
11.369261503
37.872862577
37.542613983
38.204030514
37.785756350
37.901732445
37.932825327
37.395442009
37.971587896
38.057177544
37.950155497
11.416511297
38.565731287
37.982232332
37.731601000
37.967736959
39.168353081
38.101529837
37.867999792
38.013563871
37.801357746
37.670098066
11.358305216
37.850733757
37.724286318
37.715123415
37.789478064
38.175910473
37.834205627
37.871402264
37.784337997
38.093070507
37.590407610
11.302153349
38.453004837
38.594811678
37.863324642
38.285407782
37.368185520
37.732295275
38.320662498
37.914966106
37.922366619
38.001062870
11.371674061
38.865036249
37.875135899
37.784306526
37.740343571
37.917057276
38.035274029
38.201808929
37.369095325
38.019500732
37.642150164
11.395748377
38.516941786
37.870015860
37.848056316
37.812894583
38.304233074
37.565437078
37.919131994
38.145271778
38.599071741
38.233161449
11.448885679
38.106988430
37.767005205
37.888139486
37.674274683
37.906853437
37.964393616
38.651675940
37.145501375
37.506464720
37.938735247
11.410301685
38.201997280
38.227784157
36.987320423
38.110031128
37.330240726
38.195733070
37.885273218
37.856004953
38.277531385
37.688128233
11.419500828
38.828095198
38.457255840
38.573549509
38.044839859
37.753754616
37.943942308
38.152952909
37.810110331
38.391297817
37.466537237
11.333878517
38.066692114
37.983166218
37.658017635
38.229493380
38.820070028
38.105242014
37.863755465
38.028474569
37.744848728
37.927471638
11.466365099
37.915174246
37.641708612
37.853422642
37.761346817
37.924050093
38.046439409
37.940157890
37.938109636
38.074481487
37.634239197
11.484599829
37.439388514
38.679783821
39.023551464
38.147084713
38.023972034
38.835895061
38.277409315
38.165145397
37.623685598
38.127179146
11.465962172
38.494742870
37.670464516
37.857995272
37.906741142
38.032347918
37.561401606
37.917861938
37.802683830
37.777302027
38.148305416
11.405210257
38.212099314
37.520737171
38.137240171
37.606359959
38.040801764
37.789325476
37.924693346
38.295357704
37.598303795
37.959751129
11.466440201
38.761412382
38.096393824
37.980228901
37.967965603
38.027129173
38.252245665
37.302505970
38.069335461
37.886021137
38.165495157
11.458421230
37.610186338
38.042610407
37.340605736
38.463950396
37.897678137
38.797310591
38.179026127
38.108310938
38.179033279
37.920742512
11.376714945
37.953526735
37.964233875
37.819863796
38.069593668
37.400984764
37.744362831
38.132032871
37.723711967
38.756641150
37.325477362
11.262362242
38.813315153
37.704374313
37.848445654
38.017810822
37.971353531
37.744677305
38.128995895
37.964089394
37.782945633
37.659853697
11.351208687
38.170330048
38.702423573
38.065716505
37.871135473
37.965725899
37.797250032
37.863383532
38.077844381
37.736169100
38.017083168
11.336511612
38.088928699
37.368877411
38.124136686
37.666034698
38.186400175
38.089826584
37.540390968
37.807895660
38.188397646
37.347767115
11.465470791
38.627306700
37.848275185
37.753484488
37.786334515
37.737467527
38.169445276
37.895982981
37.669250488
38.322350025
37.366922379
11.560934544
38.566173792
38.083132982
37.772284985
37.280413866
37.953655243
37.817328215
37.753221989
38.384057283
37.539907694
38.064251423
11.468160152
38.323394775
38.318255901
37.884255171
37.291213274
38.001950026
38.303210258
37.639841318
38.209770679
38.352909088
38.280758619
11.304608583
37.794740438
38.037551641
38.300883293
37.746839046
38.010452271
37.721863031
37.750845432
37.870132208
38.035457134
37.915627956
11.406764030
38.458607912
37.515685320
38.231163263
37.640755892
38.078659534
37.805147409
38.067777872
37.612082005
37.778215170
38.410238028
11.217646837
38.749202013
37.884981394
38.151014328
37.583872318
37.672383070
37.949581146
37.902742863
37.916202545
37.645355940
37.804961681
11.439706087
38.627693653
37.832941771
37.932239056
37.652092457
38.009862900
37.709659338
38.032391548
37.758785248
38.039774418
37.767081261
11.368829012
38.307031631
37.489153385
37.827017307
38.188679934
38.198592424
37.911300421
37.513846159
37.757024527
37.768491983
37.705263853
11.377256870
38.360465050
38.281772137
37.642785072
38.008823633
38.096084595
37.662416458
37.957991838
38.223260164
37.985943794
37.504279852
11.426583052
37.889444590
37.608120918
38.096601486
37.768741369
37.887125015
38.185529947
37.846074820
37.509220362
38.040396452
37.834811449
11.409422398
38.731464624
38.283739805
37.721330643
37.982074022
37.946954489
37.761711121
37.939406872
37.670146227
38.044070482
37.935693502
11.470231295
38.567659140
37.622436523
37.887572765
37.791780472
37.873926878
37.766362429
37.864540577
37.928311348
37.762138367
37.663300991
11.328824282
38.119009733
38.668317080
38.446574211
38.041991711
37.685242176
37.992752552
38.215085506
37.886318445
38.008498907
37.886789322
11.466263294
39.034871101
37.660639048
37.426859379
37.949398279
37.920727015
38.350066900
37.389036655
37.951656103
38.190248966
37.890209913
11.457993746
38.718871593
38.542383432
37.759154797
37.597736597
38.326277256
37.766382694
37.784799814
37.916535616
37.884578943
37.762233257
11.436200619
38.709593534
38.106866837
38.069734335
37.967002869
37.724464893
37.913595915
38.092992783
37.671800852
38.092346668
37.629315376
11.401260138
38.447464228
37.793734312
36.251703739
36.212365866
36.613709927
37.148162127
36.218308926
37.189210176
36.710319281
36.624819279
11.268988132
38.302931786
37.138408899
37.533233166
37.619627953
36.797328472
37.465697050
36.859673023
37.126222372
36.303764343
36.638218641
11.295073271
38.634067774
37.164950609
37.600729465
36.696321249
37.179232597
36.980768204
36.886341095
38.056988001
37.411475182
37.603427410
10.976759911
38.253921509
37.609098196
37.839623928
37.454782724
36.515439272
38.024390936
37.773136139
37.884248495
36.270034075
37.735553265
11.015891075
38.360260725
37.435822010
36.722334862
36.584507942
37.120049953
38.150384665
37.233993530
37.077867985
36.713944674
37.189446211
11.370407104
38.324098587
37.181587696
37.863794088
37.581624985
37.237171888
36.710784197
37.791118622
37.096739769
37.140944242
37.092731714
11.193072319
38.234979153
37.011052370
38.121747255
37.722399235
37.850582600
37.543126106
37.997554302
38.412561655
37.693550587
36.880306721
11.141101599
37.679949522
36.598268032
37.581462145
37.004742622
37.168832302
37.592196941
37.803088903
37.813519001
36.382635355
37.320247889
11.096188068
38.665048122
36.984387875
37.043124914
37.528758526
37.839753151
36.412036180
36.949480534
36.811381102
37.510783911
36.263896942
11.086384535
37.545541763
37.522297859
37.757015467
37.128154755
36.947755098
37.396717310
36.324366093
37.674029827
37.691283941
37.811505079
11.496778488
38.613729477
37.367833853
37.338729858
36.709095478
37.653629780
36.602002859
37.227979422
36.973962307
37.533438921
38.263978958
11.255707264
38.423506021
37.537169218
37.779842615
37.255884171
36.679278612
37.222168207
36.908102274
36.577579021
37.762220144
37.913647890
11.092988014
38.999361992
36.759300470
36.695303679
37.468377590
36.283115149
37.912995815
37.562030554
37.667110205
37.787304163
36.655748844
11.364419222
37.414815187
37.292078018
37.446759701
37.542131662
37.494353056
36.927958727
37.741393089
37.511223316
37.667566776
37.621891499
10.865094423
38.198823690
37.065721750
37.784325361
37.065459728
36.582840681
37.795081854
36.435317516
37.517005682
37.792855501
37.554789543
11.046144247
38.206990957
37.537083864
37.944542170
37.038729906
36.830460548
38.041561842
37.760932446
37.626074553
36.406113863
37.318094254
11.035176754
37.797313929
36.904371023
37.188741922
36.808184624
37.577237129
37.910112143
37.416326046
36.878253222
37.948945522
36.030338526
11.077115774
39.364806175
37.248842478
37.742454529
38.204097986
37.240302086
36.440602779
37.715872288
36.670414925
37.595058441
37.027836561
11.026988268
38.654688835
37.290702820
37.851302147
37.677428722
38.037087440
37.639074802
36.603783369
36.547241449
36.876607895
36.206354856
11.257944345
38.092587709
37.205334902
37.672296524
37.526089668
36.964282274
37.398726940
37.603075027
37.793681622
38.215326786
37.626355410
11.096108913
38.338162661
37.163927317
37.124887705
36.741638660
37.453994989
36.919313431
37.484206438
37.011862755
36.833052635
37.952193022
11.300849676
38.778343678
37.035977840
38.040318966
37.506600857
37.421843052
36.495694876
36.817678213
36.726156950
36.308011770
37.730541706
11.147488594
38.191533566
37.334913969
36.960821867
37.545497656
36.865388870
37.610841990
37.554183722
37.474895239
36.750004292
37.954602957
11.454627037
38.737020731
37.074211597
36.386447668
37.845533371
37.543378353
36.548808098
35.927401304
37.075358152
37.088864803
37.164184809
11.165432453
38.799308777
37.650093079
37.557425976
36.476575375
37.156018257
36.788316488
38.028559446
36.737876177
37.530314922
37.409952879
11.196608543
38.697666168
37.281999111
37.755803585
37.885240793
37.806653023
37.596369267
36.981947422
37.574455976
37.073901415
37.110548019
11.069835186
37.887947083
37.098106384
37.931153059
37.534745216
36.454177141
36.637642145
37.089260101
36.161343336
37.374272585
36.807862759
11.093856335
38.111840010
36.854137897
36.501675606
37.178776026
36.865580797
37.734210968
37.378456116
36.984250307
37.472377777
38.160000563
11.007731438
38.219582319
37.048882246
37.979701042
38.234976053
37.723578215
37.505792379
38.076462507
37.343686342
37.128620148
37.160459757
11.146360636
38.315685034
37.713852406
37.503764153
37.713705778
37.462349176
38.497089863
37.952501535
37.355929375
37.965164661
38.204978943
11.385894537
38.077119350
37.681933165
37.064273119
38.181436062
37.381939411
37.713184118
36.050559282
36.494758606
36.512309551
38.254770041
11.360080481
37.920351982
37.401919365
37.337870121
36.831180334
37.409232855
37.236836195
37.076192379
37.270636320
37.505588055
36.901506424
11.120709181
38.073335171
37.363147020
38.127346754
36.977582216
37.526654243
37.839023829
37.734122753
37.300625324
36.201448679
35.802404881
10.973876715
38.259863377
37.114205360
37.779983044
37.898040056
37.686595440
38.200366259
37.565306902
36.683796883
37.947049856
37.246862411
11.338963747
39.101953506
37.258451223
37.743826389
37.821716070
37.745412111
37.444469929
37.217530012
36.336564064
37.009638548
37.655949831
11.163928270
38.383996964
37.528740168
37.601081848
38.506859064
37.716667414
37.412467003
37.702392340
37.599680185
36.977308035
37.493353128
11.465099096
37.816442490
37.315144777
38.212563038
37.645945311
37.259430885
36.337895870
36.406530857
37.701676369
38.170055866
37.298134089
10.920212269
38.736578703
37.258768797
37.805465698
37.068130016
37.293974400
37.486677647
38.034414053
37.331023216
37.155956745
37.404759169
11.198866367
37.888184309
37.145502567
37.721879721
37.015562296
36.884620905
36.993772030
36.988904715
36.874387741
36.941833973
37.121414900
10.974374056
38.031986713
36.232721567
36.720698833
37.810230255
37.601476908
36.503257751
37.733864784
37.929403305
37.456834555
37.082288742
11.132026911
38.428695440
36.473654270
37.387166739
36.695571899
37.913676262
37.355608463
36.904639006
37.323295593
37.780757904
37.752783537
11.010043144
38.213079691
37.109791279
36.265051603
37.511697054
36.559926748
37.305847883
37.945680857
37.627724409
36.947858334
37.047434092
11.024114370
38.246564388
37.362380743
37.063663244
37.206651688
36.902086973
37.277575731
37.561552048
37.992322206
36.290830851
38.137228727
11.368938208
38.011679888
37.609725714
37.088379860
36.044340849
36.452802420
36.858002663
37.700939417
36.148647308
36.232126951
37.026219368
11.132240057
38.216551781
37.328308582
37.342283487
36.673158884
37.404527426
36.221824408
36.604596138
36.479177713
37.478617191
37.692288399
11.169069529
38.604186535
37.014526367
36.621812344
37.227056265
38.045109987
37.529881239
37.384628534
36.068600416
36.529875755
37.714005470
11.328434944
38.086322308
36.739589691
37.777238846
37.954931974
37.853812695
37.719285965
37.530308485
36.456462860
37.053551674
36.695081234
10.980401516
38.779258966
36.899948120
37.907796144
37.444224596
37.929769993
38.269453764
36.827426910
37.170439482
37.786161184
37.397023916
11.464033365
38.280870438
36.960658312
37.768387318
37.883227110
37.862462282
36.797750473
37.000834942
36.339205742
37.763279915
37.558003902
11.210086823
37.618492842
37.284162283
37.240126848
37.171599150
36.875525951
38.018680573
37.514319181
37.886786938
37.984637737
37.660279751
11.105576515
38.171807051
37.116659403
37.067650557
36.991167307
37.445348501
36.598111868
37.001786470
36.912449121
37.663656473
37.681627989
11.419116020
38.682423592
37.311086178
37.797659874
37.801373720
38.323147535
37.063660622
37.244663477
36.938504457
37.292550802
37.270483971
10.930263281
