395.425668240
392.049695015
389.733284712
392.186687231
392.512673378
392.390516996
391.031536341
390.045436144
391.746669054
391.529388428
391.091449976
392.375443935
390.591341019
392.794436693
390.276162624
392.372949123
391.450232267
392.827898502
390.521144867
390.723591805
393.325103045
392.444128752
390.777380466
394.386731625
391.128148556
391.114114761
392.498268127
392.479173422
390.728367329
391.514566422
392.164587259
390.431792259
391.262078285
391.217258453
392.447760105
391.144773722
391.339077711
391.269545078
391.324021101
390.603931904
391.692439079
390.599431515
392.041185141
390.586173534
392.968768358
391.791069508
392.048290253
391.968529701
380.996404648
383.627998590
385.756519556
386.925548553
384.510207653
385.737997293
389.200650215
384.560646534
383.596912384
385.816995144
386.076828718
385.697421074
385.735303164
386.060079098
385.376587868
386.283872843
384.070045710
386.827385187
385.170935392
387.714715958
384.875007629
384.589037180
386.222997665
383.169034481
385.852075100
387.361589909
382.597353220
384.797105312
388.121376038
390.600086927
385.295704603
384.558530331
384.449573278
388.239211559
387.074433327
388.916698694
385.651815176
387.376514435
383.112318993
384.755486965
385.582951307
384.091672659
385.942030907
380.861877441
383.142746449
384.588574886
385.415824652
388.394540310
385.948589087
386.894480705
384.596387625
387.281589031
