0.981815577
0.925447941
0.905137300
0.858233929
0.936614037
0.849150896
0.936519623
0.851437092
0.867357492
0.880421877
0.888349533
0.927783251
0.857043505
0.934988499
0.840053558
0.902316332
0.855112314
0.900166273
0.937679529
0.843861580
0.936322689
0.850596428
0.938768148
0.845392942
0.925273180
0.901433229
0.870427132
0.930830956
0.857425213
0.935902119
0.844206810
0.936420679
0.872575760
0.884657621
0.869658470
0.850208521
0.954277277
0.854966640
0.947480679
0.848807096
0.913515806
0.928804159
0.846057415
0.945846319
0.845701933
0.946356058
0.849656820
0.917035341
0.902082443
0.886842489
0.940023899
0.848423243
0.937536240
0.843916178
0.929215431
0.873267651
0.902765989
0.934293985
0.849875450
0.941180944
0.852578163
0.941026449
0.866399765
0.886456251
0.931041956
0.847959280
0.943022490
0.850670338
0.940438509
0.868572235
0.893420696
0.936716318
0.850417137
0.965019703
0.863487720
0.940207243
0.852543831
0.914088488
0.935861826
0.847672224
0.885509253
0.847941637
0.935905933
0.851137877
0.912103415
0.883855820
0.850532293
0.933727026
0.845268965
0.956126928
0.847407103
0.954797506
0.853592157
0.852963209
0.938199997
0.852081299
0.889782667
0.796388149
0.885400057
0.792226791
