0.002441883
0.000900984
0.001053095
0.000638247
0.000694752
0.002161264
0.000756741
0.001177073
0.000812054
0.000958920
0.002269745
0.000742197
0.000777006
0.000715733
0.000727654
0.002177000
0.000709534
0.000784636
0.000672340
0.000717163
0.002046347
0.000761747
0.000739336
0.000701427
0.000740051
0.002317190
0.000726700
0.000951290
0.000610590
0.000688553
0.002300262
0.000691652
0.000727177
0.000617266
0.000714540
0.001973629
0.000726700
0.000949144
0.000579834
0.000711679
0.002031326
0.000669241
0.000712633
0.000688314
0.000731230
0.002354860
0.000770807
0.000816584
0.000639677
0.000649452
0.002099514
0.000786781
0.000915051
0.000595331
0.000676394
0.001907110
0.000672102
0.001030684
0.000539541
0.000694275
0.002209425
0.000742197
0.000872850
0.000569820
0.000682116
0.002449751
0.000988960
0.000872374
0.000611782
0.000703335
0.002323151
0.000720501
0.000809193
0.000649214
0.000694990
0.001996994
0.000680923
0.000760794
0.000622034
0.000756979
0.002337694
0.000704050
0.000781298
0.000803471
0.000661135
0.002103329
0.000760317
0.000769377
0.000583172
0.000714302
0.002212048
0.000691414
0.000775576
0.000884533
0.000726461
0.002248049
0.000700951
0.000821114
0.000606060
0.000724077
0.002168655
0.000658035
0.000693560
0.000601768
0.000695467
0.002475739
0.000941992
0.000930071
0.000694036
0.000713825
0.002229691
0.000684500
0.000762224
0.000662327
0.000709295
0.002123356
0.000671625
0.000876904
0.000629663
0.000592947
0.002257586
0.000692129
0.000727654
0.000676870
0.000729084
0.002318382
0.000676870
0.000791550
0.000645638
0.000676394
0.002366781
0.000767946
0.000732899
0.000604868
0.000771761
0.002244473
0.000769377
0.000789881
0.000737190
0.000763416
0.002147198
0.000679016
0.000845909
0.000555992
0.000662327
0.002516031
0.000792027
0.000789165
0.000733137
0.000793934
0.002309561
0.000740290
0.000791550
0.000588655
0.000744581
0.002056837
0.000696898
0.000703335
0.000575781
0.000571012
0.002171993
0.000728846
0.000797510
0.000665665
0.000661612
0.002167225
0.000790834
0.000746727
0.000613451
0.000740767
0.002353907
0.000730276
0.000735760
0.000599623
0.000693321
0.002080679
0.000720263
0.000686169
0.000548840
0.000693560
0.002438068
0.000776052
0.000713348
0.000632286
0.000670671
0.002099037
0.000726938
0.000683308
0.000603676
0.000691652
0.002301455
0.000685930
0.000757217
0.000640392
0.000721216
0.002284527
0.000718594
0.000749350
0.000630617
0.000725746
0.002067089
0.000673294
0.000881195
0.000553608
0.000693560
0.002314329
0.000681877
0.000766039
0.000667334
0.000715494
0.002082348
0.000707865
0.000681162
0.000597000
0.000597715
0.002151489
0.000664711
0.000711918
0.000527859
0.000645399
0.002047777
0.000675440
0.000900507
0.000560522
0.000632524
0.002388239
0.000707150
0.000974894
0.000635386
0.000730991
0.002386332
0.000783443
0.000763893
0.000688314
0.000747681
0.002156019
0.000780821
0.000866890
0.000617504
0.000748158
0.002076387
0.000817060
0.000946522
0.000570774
0.000729322
0.002300024
0.000769615
0.001202822
0.000840187
0.000741005
0.002106190
0.000720739
0.000763655
0.000778437
0.000733376
0.002551794
0.000862837
0.000856400
0.000569820
0.000644922
0.002334595
0.000688076
0.000739336
0.000584841
0.000720501
0.002247572
0.000760078
0.000968695
0.000603914
0.000719070
0.002300262
0.000751734
0.000803471
0.000643969
0.000632286
0.002168417
0.000686169
0.001152277
0.000681162
0.000751019
0.002231121
0.000681400
0.000751495
0.000613689
0.000709772
0.001995564
0.000658274
0.000891924
0.000560284
0.000745773
0.002143383
0.000767708
0.000835180
0.000577211
0.000664949
0.002013922
0.000664473
0.000721455
0.000555754
0.000705957
0.002158165
0.000695229
0.000710011
0.000563860
0.000707388
0.002122879
0.000701904
0.000767469
0.000622272
0.000718355
0.002272844
0.000802994
0.000743866
0.000616550
0.000689268
0.002046347
0.000815868
0.000759602
0.000597715
0.000627756
0.002027988
0.000676870
0.000983953
0.000579119
0.000645638
0.002037525
0.000738859
0.000986099
0.000625849
0.000637531
0.002378225
0.000655890
0.000730753
0.000632524
0.000688076
0.002180576
0.000665188
0.000691891
0.000544786
0.000651121
0.002022982
0.000738859
0.000991344
0.000638247
0.000596046
0.002031326
0.000661135
0.000756025
0.000561953
0.000643730
0.002220392
0.000678539
0.000733137
0.000574827
0.000698328
0.002115726
0.000770569
0.000860214
0.000559092
0.000559092
0.004729033
0.000900745
0.000780344
0.000622272
0.000723362
0.001987219
0.000673771
0.000741720
0.000608683
0.000616074
0.002157688
0.000704050
0.000821114
0.000593424
0.000822783
0.002113581
0.000723124
0.000875235
0.000544548
0.000653982
0.002107143
0.000664473
0.000804901
0.000689507
0.000731230
0.002217293
0.000655890
0.000726223
0.000620127
0.000809431
0.002236366
0.000661612
0.000701666
0.000551701
0.000592947
0.002346039
0.000741005
0.000715256
0.000648499
0.000580311
0.002495289
0.000721931
0.000718832
0.000585318
0.000692129
0.002367973
0.000854969
0.000818491
0.000680923
0.000631809
0.002136946
0.000641108
0.000645161
0.000583172
0.000611782
0.001987457
0.000705719
0.000907183
0.000545979
0.000665188
0.002111435
0.000681162
0.000721693
0.000702143
0.000740528
0.002024651
0.000703335
0.000757694
0.000642061
0.000745296
0.002013445
0.000672579
0.000815153
0.000584841
0.000695944
0.002101183
0.000672817
0.000786543
0.000555992
0.000795603
0.002132177
0.000659466
0.000835419
0.000588179
0.000710726
0.002106428
0.000821114
0.001282454
0.000633478
0.000796080
0.002177715
0.000846863
0.000862598
0.000609398
0.000755548
0.001990557
0.000707626
0.000725746
0.000566959
0.000750303
0.001988411
0.000643015
0.000730991
0.000594378
0.000706196
0.002182961
0.000696182
0.000805378
0.000686407
0.000712395
0.002230644
0.000674725
0.000728130
0.000600815
0.000722647
0.002160549
0.000668287
0.000837803
0.000607491
0.000787973
0.002077341
0.000713825
0.000967503
0.000549793
0.000715971
0.002252102
0.000797272
0.000944853
0.000649214
0.000682354
0.002237558
0.000834703
0.000767708
0.000655651
0.000760555
0.002408504
0.000761986
0.000907183
0.000615835
0.000680923
