0.074415684
0.077303410
0.073643446
0.074024916
0.072975397
0.072800875
0.069405317
0.067999601
0.068410158
0.074682236
0.070054770
0.070103407
0.074245930
0.069191217
0.068809509
0.070985556
0.067871571
0.072341919
0.068839073
0.069785357
0.068871737
0.069551945
0.070399523
0.068907738
0.068641663
0.069777966
0.072307348
0.067929268
0.069826365
0.072924614
0.069613218
0.068804264
0.068758011
0.072914124
0.071992397
0.071440458
0.069243193
0.068903923
0.067476749
0.067285776
0.069357634
0.068528175
0.068650961
0.071279287
0.069190741
0.068562746
0.069943190
0.067947149
0.070146322
0.071457863
0.067554951
0.069539070
0.067970514
0.070119619
0.068955898
0.069464684
0.068295240
0.069763899
0.069003582
0.070063114
0.073066950
0.069336653
0.069116592
0.068696737
0.069584846
0.070266485
0.070123196
0.070731640
0.071928501
0.069911242
0.069931507
0.069625139
0.070513725
0.070165157
0.069530010
0.070817471
0.071180344
0.070706129
0.069589376
0.069987059
0.068132877
0.072468996
0.071114540
0.069183111
0.068875790
0.068110704
0.069886923
0.071531296
0.070050001
0.070414305
0.070951939
0.070779324
0.068511009
0.070327759
0.070391655
0.067602396
0.069887400
0.072535753
0.069608450
0.068084002
