0.000984907
0.000274658
0.000289202
0.000205517
0.000427723
0.000199556
0.000290871
0.000189304
0.000292301
0.000478983
0.000310659
0.000255823
0.000238180
0.000245333
0.000248432
0.000219345
0.000220060
0.000214815
0.000225306
0.000216484
0.000252962
0.000211477
0.000191927
0.000207186
0.000205278
0.000275373
0.000193119
0.000276327
0.000185013
0.000270367
0.000186920
0.000267982
0.000191689
0.000244379
0.000186920
0.000254154
0.000185490
0.000275373
0.000199080
0.000407219
0.000211716
0.000263929
0.000183821
0.000324249
0.000188351
0.000335932
0.000195503
0.000184774
0.000156403
0.000206470
0.000183105
0.000249386
0.000181437
0.000204802
0.000162601
0.000211954
0.000164986
0.000230312
0.000166178
0.000219345
0.000166178
0.000280857
0.000196934
0.000275373
0.000195265
0.000280857
0.000203371
0.000277281
0.000193357
0.000257015
0.000167370
0.000278234
0.000215292
0.000227928
0.000217199
0.000191450
0.000158310
0.000206947
0.000170231
0.000188589
0.000171900
0.000185490
0.000169992
0.000188589
0.000164032
0.000184298
0.000166178
0.000186682
0.000167608
0.000183821
0.000164986
0.000185013
0.000178814
0.000212193
0.000193119
0.000210047
0.000181675
0.000209093
0.000192404
0.000212431
0.000228882
0.000222921
0.000179768
0.000204325
0.000188112
0.000220060
0.000197887
0.000272751
0.000356913
0.000309467
0.000169992
0.000296354
0.000277281
0.000360727
0.000190020
0.000184059
0.000148058
0.000211477
0.000184059
0.000214100
0.000183582
0.000215054
0.000190258
0.000222445
0.000259399
0.000288486
0.000227928
0.000240326
0.000302792
0.000224590
0.000302792
0.000214100
0.000344753
0.000364304
0.000267029
0.000214100
0.000329494
0.000320196
0.000396490
0.000266552
0.000338316
0.000750542
0.000277519
0.000273943
0.000214100
0.000265360
0.000243187
0.000244141
0.000203609
0.000275135
0.000188351
0.000232697
0.000171900
0.000260592
0.000185966
0.000328302
0.000212193
0.000264168
0.000195503
0.000245333
0.000188828
0.000242949
0.000179291
0.000229836
0.000165224
0.000274658
0.000179768
0.000408888
0.000205994
0.000352144
0.000204563
0.000364780
0.000222921
0.000327587
0.000172615
0.000313282
0.000226259
0.000359535
0.000233173
0.000345707
0.000224829
0.000365734
0.000207186
0.000435829
0.000172377
0.000333071
0.000175953
0.000315905
0.000185490
0.000282764
0.000180483
0.000238657
0.000161886
0.000220776
0.000155926
0.000203133
0.000153065
0.000191450
0.000158787
0.000196218
0.000184298
0.000200987
0.000154972
0.000238180
0.000199795
0.000359774
0.000208378
0.000340939
0.000207424
0.000392914
0.000186443
0.000338078
0.000177860
0.000396967
0.000209332
0.000346422
0.000231743
0.000228643
0.000168324
0.000246525
0.000181913
0.000288725
0.000177145
0.000306606
0.000239849
0.000376701
0.000222921
0.000238895
0.000170469
0.000222921
0.000185728
0.000222921
0.000166416
0.000210524
0.000177860
0.000189543
0.000187397
0.000204563
0.000179768
0.000187159
0.000169277
0.000264645
0.000225782
0.000329018
0.000206709
0.000233412
0.000184298
0.000202656
0.000183105
0.000197172
0.000181437
0.000247717
0.000193596
0.000192881
0.000175476
0.000218868
0.000187635
0.000226498
0.000185251
0.000179768
0.000185728
0.000281811
0.000319481
0.000253201
0.000247240
0.000299454
0.000208139
0.000230312
0.000210047
0.000464439
0.000290155
0.000266790
0.000256538
0.000211954
0.000250816
0.000212431
0.000239611
0.000216007
0.000191212
0.000206232
0.000183105
0.000207901
0.000190735
0.000204086
0.000193834
0.000217915
0.000185251
0.000266314
0.000177860
0.000267744
0.000191450
0.000241280
0.000195980
0.000277042
0.000181437
0.000265837
0.000178576
0.000239849
0.000174522
0.000236034
0.000187874
0.000432968
0.000302792
0.000367165
0.000187159
0.000276089
0.000200748
0.000227451
0.000162125
0.000272989
0.000168562
0.000289440
0.000167847
0.000247955
0.000162363
0.000221729
0.000175238
0.000296116
0.000194788
0.000275373
0.000189781
0.000243664
0.000180006
0.000261545
0.000192404
0.000290394
0.000204086
0.000346422
0.000175953
0.000291586
0.000184059
0.000255823
0.000179768
0.000246286
0.000180244
0.000248194
0.000181675
0.000252008
0.000183105
0.000251770
0.000181437
0.000262260
0.000181437
0.000248432
0.000186443
0.000343800
0.000224829
0.000207186
0.000182390
0.000194073
0.000172377
0.000194788
0.000156164
0.000201702
0.000157833
0.000200748
0.000174522
0.000198364
0.000172377
0.000167847
0.000153065
0.000172377
0.000153065
0.000204563
0.000169754
0.000203609
0.000200510
0.000230789
0.000198603
0.000204086
0.000182629
0.000201225
0.000203371
0.000223398
0.000174761
0.000213385
0.000183582
0.000207186
0.000178814
0.000205755
0.000201464
0.000246763
0.000209093
0.000227213
0.000230074
0.000204086
0.000157118
0.000201225
0.000172138
0.000176191
0.000185251
0.000201225
0.000196695
0.000173330
0.000170469
0.000225544
0.000180960
0.000233650
0.000203609
0.000226974
0.000196695
0.000235081
0.000202656
0.000314236
0.000196934
0.000325680
0.000205517
0.000336170
0.000227213
0.000315666
0.000175238
0.000277281
0.000189543
0.000276566
0.000188112
0.000226021
0.000184536
0.000234842
0.000190258
0.000226736
0.000165224
0.000263214
0.000184298
0.000268698
0.000187635
0.000308514
0.000191927
0.000303268
0.000206709
0.000267982
0.000188112
0.000303984
0.000184298
0.000299454
0.000225306
0.000253201
0.000654459
0.000370026
0.000255108
0.000233889
0.000183821
0.000234604
0.000178814
0.000246763
0.000185966
0.000277281
0.000221491
0.000278473
0.000194073
0.000274420
0.000195503
0.000389338
0.000244379
0.000258446
0.000191212
0.000248909
0.000193834
0.000230551
0.000209570
0.000244379
0.000187159
0.000252724
0.000205278
0.000248671
0.000209332
0.000246525
0.000208616
0.000253439
0.000205517
0.000205517
0.000170708
0.000203848
0.000196695
0.000227690
0.000202179
0.000227690
0.000197887
0.000349760
0.000220776
0.000273466
0.000183105
0.000252008
0.000176430
0.000221252
0.000175476
0.000202179
0.000168562
0.000200272
0.000156641
0.000199556
0.000166416
0.000202656
0.000166655
0.000264168
0.000188589
0.000255108
0.000231028
0.000373125
0.000257015
0.000220776
0.000161648
0.000263214
0.000188589
0.000263691
0.000161886
0.000251770
0.000165224
0.000211239
0.000167847
0.000323296
0.000211716
0.000244617
0.000221491
0.000252485
0.000190258
0.000226498
0.000185966
0.000228405
0.000208616
0.000245810
0.000193119
0.000247002
0.000223398
0.000227213
0.000220776
0.000241280
0.000209570
0.000244379
0.000218630
0.000247955
0.000206232
0.000222445
0.000200033
0.000234842
0.000208139
0.000234842
0.000201225
0.000233650
0.000200987
0.000237465
0.000172138
0.000236511
0.000659227
0.000333786
0.000228882
0.000257015
0.000172853
0.000327110
0.000218630
0.000260353
0.000170708
0.000243187
0.000157356
0.000187874
0.000150204
0.000320911
0.000205517
0.000179052
0.000150442
0.000203848
0.000181675
0.000221252
0.000181675
0.000206947
0.000178576
0.000264645
0.000209093
0.000205517
0.000230551
0.000205755
0.000177145
0.000319004
0.000233650
0.000257254
0.000191689
0.000247478
0.000217915
0.000538349
0.000277519
0.000240326
0.000201464
0.000201702
0.000168324
0.000188351
0.000153065
0.000205755
0.000195265
0.000222206
0.000211000
0.000223875
0.000184059
0.000227690
0.000362158
0.000257492
0.000367165
0.000314474
0.000196218
0.000218868
0.000176668
0.000212193
