0.085592747
0.084513187
0.084280968
0.084259272
0.084480286
0.084303141
0.084239483
0.084318638
0.084491253
0.028656006
0.086292028
0.085443974
0.084832430
0.084507465
0.084474087
0.084482908
0.085366488
0.085008144
0.084836483
0.027540684
0.085814476
0.084815741
0.084388971
0.084606647
0.085314512
0.084713221
0.084717512
0.084365368
0.084247112
0.027309895
0.085740089
0.084799290
0.084305525
0.084291697
0.084216595
0.084314346
0.085358381
0.084874153
0.084757090
0.027450800
0.085728407
0.084889650
0.084324121
0.084855556
0.085124731
0.084795237
0.084778547
0.084756613
0.084730148
0.027499199
0.085726738
0.084713936
0.084352493
0.084873438
0.085072756
0.084814072
0.085003614
0.084827662
0.084780216
0.027526379
0.085959435
0.084812880
0.084277153
0.084901571
0.085269451
0.084866762
0.084830761
0.084752798
0.084742069
0.027508259
0.085659981
0.084810257
0.084483385
0.085085392
0.084945440
0.084840298
0.084753275
0.084880352
0.084809303
0.027507782
0.085186243
0.084350348
0.084311008
0.085488319
0.085030317
0.084879875
0.084849834
0.085098743
0.084897041
0.027627230
0.085940361
0.084650755
0.084747076
0.085278034
0.084847212
0.084885359
0.084621906
0.084958553
0.085633516
0.027701378
0.086042643
0.084635735
0.085010529
0.085174799
0.084774733
0.084896088
0.084940672
0.084807873
0.084792614
0.027487040
0.085801363
0.084325075
0.085019827
0.085031271
0.084927082
0.084805012
0.084734440
0.084721804
0.084718466
0.027538538
0.086112022
0.084319830
0.085158825
0.085086823
0.085215807
0.085669994
0.085328579
0.085186481
0.084728241
0.027543783
0.086584330
0.084295988
0.085360765
0.084993601
0.085160255
0.084878683
0.084794760
0.084753275
0.084792376
0.027575731
0.086336613
0.084435940
0.085329294
0.084827662
0.084813595
0.084827185
0.084976196
0.085922718
0.085320711
0.027705193
0.085821629
0.084788322
0.084824800
0.085069418
0.084899902
0.084811926
0.084959745
0.085979223
0.085285187
0.027684450
0.085991383
0.084811926
0.084818125
0.084723473
0.084780455
0.084798336
0.084843636
0.084745407
0.084932566
0.027850389
0.085675478
0.084765434
0.084762096
0.084372282
0.085288286
0.084881067
0.084867954
0.084456205
0.084880352
0.027892113
0.086231232
0.085070848
0.084545374
0.084855318
0.085254669
0.084869623
0.085753918
0.085415840
0.085198879
0.027815580
0.086071730
0.084798574
0.084350824
0.084867239
0.085120916
0.084996223
0.085752964
0.085261583
0.085236788
0.027701616
0.085741520
0.084748745
0.084318638
0.085263968
0.085418701
0.085167408
0.085808754
0.085484505
0.085311890
0.027745485
0.086712122
0.084932804
0.084703684
0.085549355
0.085063934
0.085024834
0.084820271
0.085151434
0.085786104
0.027729511
0.085685730
0.084609270
0.085124016
0.085802555
0.085354328
0.085545540
0.085029840
0.085711956
0.085957527
0.027830839
0.085680962
0.084400892
0.085122824
0.085273266
0.084811449
0.084939003
0.084825516
0.085734129
0.085380316
0.027735949
0.085658550
0.084614992
0.085562944
0.084975004
0.084903240
0.084764719
0.084945917
0.084862232
0.085082054
0.027653456
0.085738182
0.084873676
0.084802389
0.084923267
0.084835052
0.084856510
0.084941864
0.085837603
0.085368156
0.027743578
0.086086035
0.085073233
0.084838390
0.084983587
0.084999800
0.084884167
0.084992647
0.084805727
0.084954739
0.027759075
0.086592674
0.084856987
0.084838629
0.084419727
0.085465908
0.085132599
0.084963322
0.085071325
0.084864378
0.027550459
0.087034464
0.084784031
0.084626436
0.084261417
0.085459471
0.084903479
0.084735632
0.084758759
0.084793329
0.027535200
0.085693598
0.084789515
0.084713459
0.084474087
0.084362507
0.084352970
0.085270643
0.085004568
0.084808111
0.027529478
0.085252523
0.084403038
0.084323406
0.084289074
0.084319115
0.084404469
0.084275961
0.084362030
0.084734917
0.027709246
0.085788727
0.084767818
0.084623098
0.084471941
0.085438728
0.084965467
0.084939957
0.084666252
0.084786892
0.027796745
0.086232662
0.084493399
0.084263563
0.084221363
0.084290266
0.084481955
0.084475517
0.084605694
0.084498167
0.027594328
0.085759878
0.084463358
0.084298849
0.084362984
0.084325075
0.084309816
0.084251881
0.084201336
0.084403276
0.027548313
0.085516691
0.084388733
0.084391117
0.084369183
0.084351301
0.084344864
0.084430218
0.084188938
0.084194660
0.027466774
0.085349798
0.084408522
0.084324837
0.084201097
0.084487200
0.084316254
0.084293365
0.084391356
0.084272146
0.027365208
0.085626125
0.084420443
0.084474087
0.084457397
0.084306717
0.084300280
0.084398270
0.084304571
0.084260464
0.027492523
0.085577726
0.084409237
0.084259510
0.084334612
0.084400654
0.084601164
0.084491491
0.084351778
0.084323168
0.027445078
0.085181475
0.084298134
0.084235907
0.084348917
0.084320545
0.084332705
0.084527254
0.084271193
0.084275007
0.027313471
0.086220026
0.084340096
0.084408522
0.084302902
0.084378004
0.084352493
0.084242821
0.084501028
0.084175110
0.027320385
0.085452557
0.084223986
0.084490776
0.084243059
0.084310770
0.084254503
0.084279299
0.084198236
0.084189892
0.027541161
0.085983038
0.084591627
0.084321737
0.084383488
0.084468365
0.084262133
0.084300280
0.084269285
0.084218740
0.027326584
0.085201979
0.084391832
0.084350348
0.084831238
0.084507704
0.084291697
0.084384203
0.084566355
0.084423304
0.027456045
0.085220814
0.084593058
0.084580660
0.084412098
0.084407330
0.084315538
0.084383726
0.084307909
0.084518194
0.027325630
0.085417986
0.084390879
0.084317684
0.084324837
0.084332943
0.084402084
0.084318638
0.084296942
0.084369183
0.027392387
0.085527897
0.084295750
0.084235430
0.084281921
0.084331036
0.084437370
0.084304571
0.084424734
0.084349155
0.027374744
0.086490154
0.084558964
0.084307909
0.084262133
0.084317446
0.084255934
0.084286690
0.084239721
0.084366083
0.027323723
0.085210085
0.084304094
0.084462166
0.084328890
0.084261417
0.084278107
0.084188461
0.084317684
0.084456205
0.027463198
0.085680485
0.084425926
0.084234238
0.084281445
0.084422588
0.084487677
0.084163666
0.084297180
0.084270239
0.027304173
0.085667849
0.084260225
0.084253311
0.084266663
0.084342480
0.084396362
0.084318876
0.084357262
0.084225416
0.027302980
0.085173130
0.084393263
0.084449053
0.084327936
0.084277868
0.084630013
0.084221840
0.084381819
0.084292889
0.027555943
0.085456610
0.084316015
0.084368944
0.084258080
0.084378242
0.084349394
0.084300518
0.084256172
0.084258795
0.027498245
0.085447311
0.084287167
0.084288359
0.084343195
0.084468365
0.084355116
0.084270477
0.084541559
0.084251642
0.027477264
0.085139275
0.084430695
0.084323168
0.084392309
0.084308863
0.084289312
0.084282875
0.084266663
0.084299803
0.027469873
0.085240126
0.084373951
0.084312677
0.084246397
0.084262371
0.084286451
0.084213018
0.084426403
0.084394932
0.027479649
0.085189342
0.084556580
0.084244490
0.084339857
0.084341526
0.084331036
0.084266424
0.084395409
0.084260702
0.027531862
0.085473061
0.084274769
0.084273577
0.084337950
0.084253550
0.084260941
0.084247828
0.084223032
0.084286690
0.027303696
0.085376978
0.084375381
0.084307671
0.084272385
0.084284544
0.084376335
0.084264040
0.084807634
0.084337711
0.027326584
0.085205555
0.084389210
0.084526777
0.084259272
0.084265947
0.084372759
0.084246159
0.084261417
0.084228754
0.027326584
0.085177183
0.084381342
0.084370852
0.084301472
0.084651947
0.084284306
0.084301710
0.084148407
0.084410667
0.027350426
0.085242271
0.084473848
0.084238768
0.084408045
0.084434509
0.084409952
0.084408283
0.084206820
0.084214687
0.027295113
0.085541248
0.084279299
0.084257364
0.084264040
0.084249973
0.084331036
0.084248781
0.084212542
0.084358931
0.027331114
0.085190058
0.084328890
0.084304094
0.084212065
0.084246635
0.084400654
0.084294558
0.084383726
0.084625244
0.027364731
0.085872173
0.084270239
0.084263563
0.084286451
0.084306240
0.084442616
0.084301949
0.084278822
0.084239721
0.027326107
0.085210562
0.084352970
0.084281206
0.084261179
0.084186077
0.084196806
0.084179640
0.084299803
0.084279299
0.027571201
0.085238218
0.084431410
0.084573984
0.084651947
0.084418297
0.084317207
0.084285736
0.084317923
0.084283352
0.027294874
0.085712910
0.084419727
0.084307909
0.084353209
0.084318638
0.084261179
0.084264278
0.084191084
0.084187031
0.027320385
0.085710764
0.084412575
0.084555626
0.084367990
0.084313154
0.085207462
0.085099936
0.084844112
0.084840298
0.027320862
0.085766554
0.084547520
0.085170984
0.085640192
0.085319757
0.084877253
0.084360838
0.084784746
0.085058928
0.027534962
0.085707903
0.084333658
0.084848166
0.085161686
0.084711552
0.084811687
0.084880590
0.084841967
0.084828138
0.027706385
0.085929871
0.084361792
0.084303379
0.084219694
0.084750175
0.085779428
0.085319519
0.085220337
0.084828854
0.027677298
0.085671186
0.084317684
0.085225344
0.084906340
0.084814548
0.084726334
0.084978580
0.085740566
0.085260391
0.027908325
0.086465836
0.085432529
0.085636377
0.084788561
0.084937811
0.084764957
0.085111380
0.085930824
0.085203648
0.027716875
0.088182926
0.085274220
0.085126877
0.084956169
0.085768223
0.085277557
0.085186720
0.084885359
0.085152864
0.028105736
0.087512970
0.085283518
0.085138559
0.085438967
0.085680485
0.085528612
0.086254358
0.085835218
0.085803747
0.027899742
0.086256742
0.085345030
0.084724426
0.085825443
0.085664272
0.085264683
0.085260630
0.085452080
0.086260796
0.027877808
0.086065769
0.084453583
0.085425138
0.086400747
0.085919142
0.085870981
0.085337162
0.085357189
0.085480213
0.027702570
0.085664272
0.084351301
0.085682869
0.085668802
0.085949659
0.086441278
0.085841417
0.085818291
0.085854292
0.027901888
0.086750269
0.085880756
0.085699558
0.085255384
0.085375071
0.085369587
0.085793257
0.086296797
0.085971117
0.027892113
0.086910725
0.085859299
0.085577250
0.085448027
0.086338997
0.085921049
0.085912228
0.085896254
0.085838079
0.027924776
0.086353779
0.085294008
0.084762335
0.085556746
0.085537195
0.085678577
0.086256742
0.085826874
0.085982323
0.027934313
0.086340427
0.084617138
0.084760904
0.086551189
0.085913420
0.085846901
0.085371256
0.085884809
0.086163282
0.027958393
0.085681915
0.084421396
0.085485697
0.086498022
0.085884571
0.085782766
0.085787058
0.085839272
0.085829973
0.027898312
0.087299824
0.085834742
0.085986137
0.085373878
0.085362196
0.085297585
0.085931540
0.086915016
0.086312294
0.028106689
0.087405205
0.085864544
0.085602522
0.085681915
0.086259842
0.085867167
0.085865259
0.085850239
0.085713148
0.027906418
0.087699175
0.085345268
0.084732056
0.086229086
0.085977077
0.086053133
0.085765362
0.085811615
0.086016178
0.027949810
0.086203814
0.084744453
0.084389210
0.086332798
0.085806847
0.085817099
0.085895300
0.085793257
0.085799456
0.027918100
0.085877419
0.084704638
0.085583687
0.086150169
0.085855007
0.085890770
0.086061001
0.085982084
0.085946321
0.027914286
0.085841417
0.084596872
0.086240768
0.086118221
0.085914135
0.085866928
0.085879564
0.085808992
0.085783005
0.027967691
0.087169647
0.085352182
0.085442543
0.085364580
0.085335493
0.085462570
0.085756302
0.086224079
0.085801125
0.027904034
0.086728573
0.085392714
0.085345268
0.085286856
0.085455418
0.085281372
0.085349798
0.085308790
0.085755587
0.028137684
0.086885691
0.085813522
0.085377693
0.085321188
0.085281134
0.085280895
0.085312843
0.085366249
0.085467100
0.027724504
0.086849213
0.084688902
0.084234476
0.086496592
0.085901260
0.085894346
0.085810423
0.086023331
0.085854769
0.027950287
0.085815430
0.084335566
0.084857225
0.086447716
0.085838079
0.085750580
0.085290432
0.085961342
0.086163282
0.027917385
0.086256504
0.084250212
0.085683584
0.085546970
0.085822105
0.086173058
0.086025000
0.085876465
0.085831642
0.027936459
0.087636232
0.085851669
0.085760832
0.085407734
0.085418463
0.085263968
0.085738897
0.086360216
0.085774899
0.027890921
0.086286306
0.085693359
0.086326599
0.085939169
0.085834742
0.085444212
0.085368395
0.085345507
0.085685253
0.028374195
0.087129593
0.085407972
0.085104942
0.085838795
0.086309433
0.085942030
0.085808277
0.085321903
0.085255146
0.027703524
0.086250067
0.085314751
0.085363388
0.085368156
0.085306406
0.085787773
0.086322069
0.086097956
0.085962772
0.028009892
0.086464405
0.084685802
0.084618092
0.085826159
0.085436821
0.085545540
0.084980726
0.085291147
0.086242914
0.027920246
