0.856734037
0.855536938
0.849627495
0.844933510
0.843600750
0.845929861
0.845921278
0.856708288
0.845596790
0.854134560
0.864584684
0.846691370
0.850294352
0.845952034
0.851601601
0.855969191
0.857107639
0.851288319
0.854131222
0.851082802
0.856408596
0.860255241
0.851121187
0.848856211
0.851399660
0.846170902
0.851737499
0.848265171
0.849684715
0.850665808
0.841989040
0.845158100
0.853269339
0.842678547
0.842058897
0.851895571
0.845678329
0.838671446
0.840736628
0.841037035
0.849631071
0.849086285
0.846950531
0.851835251
0.852374792
0.838085413
0.849539518
0.851850986
0.839016438
0.839548349
0.850308418
0.836477041
0.862181902
0.841368437
0.839164495
0.845417976
0.840405226
0.841400385
0.841395378
0.845695257
0.839640856
0.849998713
0.837489605
0.842108965
0.848726273
0.865537882
0.842954397
0.856527090
0.851331234
0.845021963
0.861634493
0.844837904
0.859380722
0.850974321
0.867342472
0.852215052
0.865237236
0.862001657
0.847933531
0.854357719
0.859159946
0.865222216
0.852154016
0.862250328
0.869534254
0.854538202
0.852066755
0.851300478
0.851940870
0.853060246
0.852547169
0.857055426
0.853729248
0.851851463
0.851829529
0.853213072
0.854823112
0.854781866
0.853008032
0.855226517
