0.019995689
0.019745350
0.019695759
0.019681215
0.019700527
0.019656181
0.019575119
0.019586086
0.019585848
0.019576311
0.019588232
0.019806385
0.019952297
0.019942522
0.019962549
0.020127535
0.019893169
0.019824982
0.019818068
0.019824028
0.019825220
0.019821882
0.019846201
0.019833088
0.019821167
0.019833326
0.019841433
0.019835711
0.019863605
0.019820929
0.019825220
0.019821167
0.019836426
0.019824028
0.019849777
0.019826412
0.019819975
0.019834518
0.019849539
0.019819021
0.019850731
0.019823790
0.019830942
0.019840479
0.019832373
0.019818544
0.019838810
0.019829988
0.019843102
0.019872665
0.019850492
0.019837618
0.019894123
0.019842863
0.019833088
0.019827127
0.019846439
0.019864321
0.019851446
0.019834280
0.019904852
0.019834518
0.019934893
0.020057440
0.020106792
0.020100355
0.020113945
0.020069838
0.020121098
0.019952059
0.019994259
0.019942045
0.019977808
0.019945383
0.019957781
0.019962072
0.019965887
0.019948006
0.019906759
0.019916773
0.019878626
0.019836903
0.019836664
0.019839048
0.019842148
0.019824505
0.019831181
0.019835234
0.019829035
0.019852638
0.019845009
0.019834995
0.019822836
0.019830704
0.019837379
0.019823790
0.019818544
0.019804478
0.019827843
0.019821405
