7.674996853
7.151325464
7.046967983
6.770915508
6.980901957
6.776412487
6.734056234
6.665529490
6.944627523
4.533432007
7.241047144
7.247867346
6.811477184
6.764695644
6.629132986
6.521304607
6.581590176
6.451421976
6.498156309
4.298890114
7.052901983
6.793968678
6.686425209
6.572523117
6.974146366
6.765305758
6.688452244
6.716341019
7.044716835
4.166188717
7.128986120
6.936968088
6.766202450
6.583896399
6.995436668
6.920684099
6.633013964
6.607023954
6.488559961
4.250110626
6.960592270
6.663295746
6.862861156
6.582775116
6.678788900
7.015048265
6.603702068
6.833950281
6.579557419
4.165470839
7.145965338
6.578663588
6.709919214
6.910141468
6.592658997
6.696422577
6.563862801
6.535197735
6.496572971
4.270861864
7.153917313
6.640412807
6.559828997
6.824369907
6.752453089
6.651333094
6.757330656
6.489193678
6.401236773
4.341150761
6.943293333
6.887592554
6.564473867
6.745359182
6.837206602
6.761290789
6.585918188
6.565150499
6.688776255
4.219472647
7.004059553
6.564013481
6.601317406
6.531572342
6.564918280
6.951866388
6.656328440
6.585373878
6.593301535
4.262903214
6.975502491
6.726103306
6.698996305
6.875941753
6.735777617
6.745217085
6.603311539
6.595795393
6.644097328
4.399261951
7.190072060
6.842009306
6.793832779
6.932096958
6.577507257
6.703380108
6.603806257
6.502640724
6.499229670
4.265649796
7.209233761
6.572765112
6.584724665
6.532623529
6.518290758
6.428603411
6.469690084
6.494313478
6.529902220
4.231398582
6.977606058
6.914251328
6.848933697
6.515612841
6.591875792
6.490858555
6.564854860
6.411659956
6.514573336
4.232223749
7.239463329
6.745850801
6.551342010
6.789456844
6.603325605
6.490947485
6.562144518
6.432392120
6.816049099
4.478840828
7.231093407
6.600659370
6.479636431
6.702907085
6.503409624
6.458477497
6.521629572
6.651876688
6.519482613
4.488451719
6.961933613
6.621468306
6.502981663
6.607906103
6.537338734
6.455068111
6.487480879
6.709533215
6.707098961
4.345169067
7.160782576
6.624607801
6.638745070
6.698829889
6.796482325
6.835845947
6.676209450
6.716349602
6.399194717
4.294793844
6.943696499
6.842593670
6.553448200
6.674731493
6.891133070
7.073803425
6.462708712
6.444236994
6.643104076
4.279628038
7.097423077
6.574264765
6.755385399
6.583976984
6.591592312
6.602371931
6.581027031
6.516843081
6.372139692
4.419538736
7.447823524
6.676513672
6.665034771
6.811529636
6.569237232
6.437454700
6.466079235
6.630825758
6.461550713
4.217179060
7.122419834
6.797393084
6.505957127
6.564611912
6.583766699
6.762921095
6.473345280
6.334647179
6.508061647
4.339061737
7.277590752
6.588312864
6.538827181
6.542044163
6.498019695
7.065464497
6.490305424
6.800563097
6.423134565
4.367630005
7.191642761
6.686951160
6.468321562
6.566875458
6.458524942
6.452108622
6.472690105
6.525274277
6.461061478
4.319145441
7.482719421
6.611364365
6.785161495
6.746516943
6.505328178
6.766781092
6.611588478
6.447970629
6.445452929
4.278052807
7.270275116
6.672323704
6.569122791
6.442688942
6.607965708
6.562301397
6.505741358
6.594620943
6.461753130
4.242069483
6.950991154
6.509079695
6.598105431
6.512137175
6.532894373
6.679011822
6.686434746
6.470364094
6.413064241
4.425765276
6.910438299
6.566135406
6.572221279
6.592856646
6.659353018
6.533152580
6.676449060
6.573554993
6.668378115
4.369255304
7.117192030
6.885553837
6.588749886
6.607397318
6.605381727
6.555225611
6.421374321
6.581905365
6.541229725
4.405641079
7.034298658
7.026841640
6.529868126
6.605845451
6.672570467
6.579094648
6.550258875
6.612099886
6.459513426
4.297297478
7.028297186
6.522494316
6.577343225
6.459084749
6.627133608
6.507960796
6.555571556
6.700298786
6.388585806
4.301588058
6.955613136
6.614623308
6.738045692
6.631043673
6.677480936
6.473893881
6.522773504
6.465606213
6.594623327
4.241464138
7.188053846
6.554897547
6.590623617
6.742212057
6.591066360
6.497765064
6.512578249
6.580666065
6.532966137
4.296469450
7.161537170
6.582424879
6.555008173
6.527737856
6.446444988
6.546404600
6.504024267
6.469549417
6.377312422
4.291641712
7.003678083
6.517043114
6.576486349
6.722330332
6.653765678
6.630738258
6.514356852
6.433265448
6.648768663
4.345357180
6.922302246
6.555904388
6.498413324
6.542599916
6.689264774
6.603019476
6.757003307
6.439885139
6.399469376
4.197751760
6.854119778
6.551949263
6.586742640
6.814666271
6.492396116
6.587450504
6.753210306
6.430179358
6.366037130
4.260406017
7.055056572
6.621902466
6.942096710
6.629334211
6.667447567
6.724850893
6.539931059
6.555358648
6.409340858
4.308020592
7.074089527
6.914977312
6.729139566
6.669612646
6.571688414
6.665321350
6.476749420
6.623101234
6.456904411
4.235841036
7.073139191
6.627773285
6.667921543
6.916752100
6.861774206
6.472243309
6.599919319
6.542762518
6.535402060
4.364963293
6.891544580
6.668560028
6.660671473
6.731666565
6.594043016
6.589075804
6.920996428
6.626411438
6.578490734
4.324121714
6.911158562
6.565939665
6.516392708
6.653283119
6.456865549
6.795694113
6.540451765
6.497861147
6.438234806
4.263039589
7.089016676
6.784367800
6.753502607
6.544727802
6.609707832
6.855690002
6.649290562
6.516671896
6.447430134
4.167960644
7.116428614
6.994761705
6.468194008
6.663563967
6.661577940
6.597055435
6.629615068
6.561055899
6.463103056
4.267438173
7.175578356
6.581072569
6.619369745
6.536322355
6.667845726
6.502706289
6.582709789
6.458069563
6.446788073
4.177409649
6.913362503
6.697447538
6.471096277
6.466188431
6.522728443
6.763065100
6.558374405
6.561200619
6.441165447
4.217130184
7.035994530
6.599189043
6.748692751
6.653694630
6.557067394
6.743025780
6.804062366
6.468979597
6.426325321
4.268527746
7.359931469
6.513745546
6.579514265
6.969562054
6.453192472
6.569151402
6.839636564
6.570295572
6.472866058
4.163438559
6.961693287
6.657872915
6.787066698
6.735967636
6.762327194
6.490474701
6.433755636
6.461307526
6.422870159
4.321205139
7.033368587
6.652553797
6.749727011
6.646017075
6.709619284
6.736085415
6.869817734
6.476212978
6.505235195
4.441909313
6.992345572
6.750496387
6.779268503
6.488531351
6.570442677
6.752689600
6.592577219
6.489999056
6.722303152
4.249922037
6.989733458
6.738260031
6.508867264
6.561022282
6.448270321
6.578787088
6.622262239
6.414899588
6.564309120
4.215367794
7.346393585
6.639346123
6.603242159
6.569313765
6.540382624
6.663761139
6.613722324
6.887311935
6.596815825
4.227663994
7.019846201
6.818872690
6.866106987
6.572693825
6.631051540
6.532082081
6.438199997
6.615987778
6.539454222
4.254999399
7.069023132
6.639709234
6.749331474
6.524265051
6.617925406
6.543687582
6.618622303
6.449322462
6.394387484
4.510339260
7.014192581
6.781571627
6.593600273
6.583781958
6.731986761
6.528962374
6.545022488
6.417789936
6.743945122
4.372304440
7.112036467
6.869736195
6.630487204
6.739309549
6.683083534
6.569583416
6.425887108
6.519408464
6.444152355
4.254560947
7.306944847
6.771543503
6.602401257
6.704097033
6.562152863
6.551059961
6.612079620
6.433537483
6.761697531
4.213467121
7.058298588
6.523739338
6.895526409
6.597538948
6.629220247
6.497066259
6.452037096
6.594745636
6.518810272
4.341665030
7.052778006
6.685999632
6.635441542
6.606861353
6.623795509
6.566764593
6.990412712
6.581203222
6.473699093
4.273943901
6.903529644
6.616117239
6.456283808
6.670127869
6.649300337
6.564078093
6.472760677
6.544341326
6.466170788
4.276355028
7.097282410
7.126072645
6.641384125
6.762012482
6.722807407
6.480392694
6.595170259
6.585600853
6.439716816
4.317444324
7.085753202
6.687416315
6.551043749
6.506412268
6.546624422
6.748890400
6.482612610
6.496171713
6.417535782
4.487653017
7.134377241
6.556207418
6.710787773
6.584790230
6.511230230
6.647912741
6.521612406
6.690452099
6.387750626
4.231512308
7.205895185
6.869664907
6.534755945
6.490475416
6.495972872
6.458352327
6.458527088
6.578011036
6.436709404
4.217313290
7.092805624
6.932413101
6.681032658
6.538425207
6.540300608
6.498013258
6.677821636
6.573940277
6.411932945
4.336911678
7.246073723
6.705622673
6.458647251
6.565914392
6.739753962
6.500625134
6.588363886
6.529842615
6.502325535
4.146028757
6.923356295
6.602377892
6.705037355
6.453098774
6.510440350
6.772781134
6.522866011
6.506221294
6.364821672
4.305588722
7.059995413
6.990652323
6.611709356
6.768922567
6.607987881
6.800011635
6.772932768
6.437144756
6.621432543
4.336202860
6.914308786
6.624954462
6.540157318
6.545513153
6.713313818
6.491823435
6.812205315
6.437715054
6.460907698
4.312371016
6.997911215
6.559004784
6.515277147
6.623978615
6.458861351
6.511603355
7.281824112
6.484460592
6.456784010
4.222961187
7.057707548
6.599913120
6.539132595
6.692430019
6.673098564
6.753082275
6.475282669
6.482329130
6.453531027
4.316463709
6.949810505
6.469894886
6.623309135
6.563275576
6.602651119
6.538413763
6.530539274
6.401695967
6.407781124
4.193745375
7.249485016
6.653763533
6.583988428
6.543166876
6.575155497
6.960388899
6.808783770
6.504524946
6.460499525
4.231177568
6.891871691
6.648775101
6.503267765
6.500343323
7.004539967
6.567756653
6.536023617
6.461192369
6.446941137
4.278738976
6.998692989
6.552664280
6.700495720
6.914630175
6.524569273
6.614360094
6.542291641
6.424681187
6.573347569
4.216195345
7.214408159
6.638746977
6.576510906
6.629140854
6.557100058
6.708923817
6.759562969
6.415404320
6.432425976
4.240060329
6.992513180
6.763160467
6.541779757
6.678997993
6.546175480
6.486040831
6.524778366
6.380974293
6.487658024
4.198446512
7.231669188
6.917915344
6.530937195
6.653233051
6.762965441
6.663154602
6.432318687
6.660310268
6.637286186
4.247337103
6.888984919
6.590693951
6.530655146
6.560329199
6.536837339
6.499374866
6.457979918
6.548750162
6.501310349
4.331810713
7.094419718
6.864730358
6.911967039
6.540937424
6.519240618
6.486529827
6.585283995
6.606524229
6.498659372
4.184573889
7.047471762
6.716463327
7.097296715
6.598956108
6.697602510
6.669599533
6.614219189
6.454855442
6.426701784
4.425913095
6.965896130
6.772429705
6.501230717
6.542505026
6.607410908
7.027689934
6.545797348
6.436807394
6.434241295
4.276696444
7.098693132
6.911281586
6.689826965
6.834766626
6.733400583
6.644762516
6.821477890
6.542399883
6.505719900
4.351481438
7.142390728
6.968065262
6.609863758
6.947967529
6.582445383
6.609456539
6.855811834
6.545184851
6.492331028
4.278185606
7.050080776
6.837915659
6.832009315
6.615081072
6.615009308
6.600746393
6.709671974
9.366951227
6.482462883
4.258858442
7.183124304
6.678036690
6.694619417
6.531081438
6.807928085
6.513228178
6.725163937
6.504982233
6.515863895
4.229357004
6.952735662
6.770466566
6.589715004
6.616432667
6.484615088
6.927414417
8.294537067
6.859393358
6.465964079
4.294053078
7.192355871
6.828399897
6.601059914
6.639100075
6.534802914
6.491117239
6.670145035
6.434148312
6.515536308
4.382015705
7.212026596
6.915386677
6.786210537
6.600331068
6.623451948
6.588402510
6.697345972
6.476127625
6.580617905
4.263556957
7.225018263
6.820617676
6.472149849
6.479128599
6.522799015
6.483144283
6.583388329
6.506664038
6.377548456
4.499450922
6.864784002
6.694723606
6.764264107
6.707354784
6.547917604
6.647700787
6.476562023
6.482228994
6.439995050
4.604537725
7.027384281
6.543295383
6.674723864
6.589182615
6.538691044
6.654300451
6.449607372
6.608035564
6.477409124
4.308117628
7.117256880
6.888417006
6.693059921
6.573967695
6.479177713
6.668058395
6.495673180
6.492065191
6.412077904
4.092562437
6.936765432
6.557409286
6.589375019
6.699130774
6.684728861
6.697449446
6.715872765
6.544170380
6.424838066
4.366785526
7.232050180
6.804027796
6.520587444
6.522703886
6.661479950
6.754266024
6.464057207
6.520387888
6.451066971
4.600020409
7.208759069
6.668492317
6.518745184
6.546602249
6.496821165
6.658175707
6.585520267
6.481546164
6.467130184
4.182276487
7.119478703
6.671323061
6.510905027
6.557482004
6.657851219
6.715418577
6.969612598
6.521903753
6.753742695
4.276359320
7.172403097
6.833138227
6.518246651
6.549453735
6.823285341
6.593638897
6.504270792
6.518420458
6.663361311
4.399540901
7.184115648
6.635683537
6.678502083
6.640862703
6.710141182
6.502036810
6.484344959
6.526930332
6.433428526
4.243562222
7.170024157
6.994807482
6.800163984
6.530076265
6.523789406
6.651377201
6.538001776
6.527342081
6.381669044
4.422141790
