67.565946341
65.409770250
65.871032000
65.729573965
65.371963978
64.925600529
64.982808590
65.229213476
64.740377426
65.411140203
65.304462194
63.983661175
64.477155209
65.135325670
64.579476357
64.358840466
65.263100386
65.225230455
64.515654802
64.804810286
64.412893295
65.013930559
64.036041021
65.103890419
64.347547054
64.203589916
64.559258461
64.735899925
64.801759005
64.084392309
64.345661879
64.527715206
63.896700382
64.478477240
64.041512012
64.126621008
64.886747837
64.850117922
65.086015701
65.008698463
64.064691782
64.850229740
64.850253820
64.170069933
64.039951086
64.726392031
64.920706749
64.462646484
65.240958929
64.818953514
64.072270632
65.081059456
64.688983679
64.528287411
64.734421015
64.682117462
64.948373556
64.521913052
64.921094656
64.034813881
65.203080893
64.433229208
64.399780035
64.172345161
64.714935303
64.400626898
64.107628822
65.440613747
64.281680346
64.528524399
64.469627142
63.702986956
64.975931644
64.274610758
64.470657110
64.591535568
64.033107042
65.154849052
63.872728348
64.708504915
65.165438175
64.784888268
65.557118177
65.448967218
67.789740086
64.806859255
66.686659336
64.719292879
65.199097157
64.421155691
64.897455215
64.298787355
64.335154057
64.639366627
65.200962782
64.491016626
65.171838522
64.990624666
64.467741251
65.231349230
