1.619745255
1.485524654
1.507235527
1.451340675
1.460961342
1.470735788
1.469053268
1.467032194
1.414106846
1.467607021
1.506578207
1.405054808
1.462125540
1.472650051
1.523633957
1.439814091
1.427570820
1.485203981
1.497191668
1.524773598
1.535439014
1.478467464
1.493666172
1.488665581
1.408387661
1.498231173
1.500773907
1.489687920
1.489609003
1.410277605
1.560230494
1.407973766
1.394850016
1.469885588
1.476258755
1.419973135
1.490718603
1.455106974
1.407212973
1.438580990
1.533346415
1.448911667
1.450463057
1.412499428
1.459107399
1.463309765
1.533763409
1.447739840
1.504698753
1.456501007
1.479680300
1.487618923
1.489290714
1.442108870
1.431129694
1.442572594
1.477737188
1.455525398
1.486432552
1.442405701
1.468368769
1.456322908
1.555684328
1.493132830
1.521991730
1.495526552
1.491234303
1.463584423
1.463475943
1.471132994
1.454614401
1.506242275
1.482063293
1.482592344
1.483529568
1.474687576
1.451980591
1.490190029
1.428231955
1.476611614
1.446116924
1.461070299
1.416185617
1.430359840
1.460088491
1.454241991
1.426080942
1.491188526
1.443536282
1.506327868
1.448316097
1.445927620
1.463154316
1.482797623
1.500887394
1.448289633
1.431541681
1.488981247
1.433083057
1.428981543
