0.097084522
0.092449903
0.092004776
0.091953993
0.091992855
0.091950655
0.091860294
0.091909170
0.092035532
0.035570383
0.090225935
0.092161655
0.091928959
0.091847420
0.091925383
0.091951847
0.091983795
0.091854095
0.091875076
0.029661655
0.088720560
0.088069439
0.087842941
0.091902733
0.091937304
0.091851711
0.092005253
0.091847420
0.091919661
0.029595137
0.090337992
0.090871572
0.090399981
0.092635632
0.091892242
0.091740847
0.091829300
0.091958284
0.091858864
0.029747725
0.090086222
0.092244625
0.091977835
0.091949224
0.091950178
0.091862440
0.091905594
0.091936588
0.091969013
0.029604197
0.090004921
0.088541985
0.089464903
0.092686176
0.091969252
0.091894627
0.091991663
0.091854095
0.091944695
0.029609442
0.087236643
0.088041067
0.089961529
0.092301369
0.092090130
0.091868877
0.092021465
0.092007399
0.091767311
0.029607058
0.086664677
0.087964773
0.090310097
0.092410088
0.092068672
0.091886044
0.091892719
0.092002392
0.091921329
0.029631138
0.086718321
0.088057518
0.090450764
0.092365265
0.092044115
0.091925383
0.091971159
0.091956854
0.091926813
0.029665947
0.087384224
0.087832928
0.091787338
0.092174530
0.091857910
0.091862202
0.091909409
0.091981173
0.091927767
0.029678822
0.087437868
0.088092566
0.091248751
0.092127085
0.091922522
0.091912031
0.091993093
0.091909885
0.091940880
0.029577732
0.087334156
0.088051558
0.091198206
0.092169046
0.091950893
0.092049360
0.091915846
0.092022181
0.092000961
0.029709101
0.090424538
0.092304468
0.091978312
0.092286110
0.092043638
0.091885328
0.091973543
0.091911554
0.091942549
0.029650211
0.089955807
0.092290163
0.091873169
0.092061520
0.091988802
0.092004776
0.091971159
0.091987133
0.091963053
0.029637337
0.090762138
0.092232943
0.091917276
0.091957808
0.092102528
0.091898441
0.091932297
0.091904640
0.091867447
0.029598713
0.092502117
0.092077255
0.092047215
0.091984510
0.092000723
0.091927290
0.091926813
0.091996670
0.091934443
0.029712200
0.091159344
0.092111349
0.092021465
0.091995239
0.091977119
0.091924191
0.092009544
0.091874838
0.091878176
0.029690742
0.090603352
0.092204094
0.091952324
0.091909647
0.091889620
0.091937304
0.091894865
0.091970444
0.091907740
0.029626608
0.091621637
0.092229843
0.092033863
0.091878414
0.091948986
0.092112780
0.091873169
0.091744423
0.092065811
0.029617310
0.092162132
0.092135191
0.092263460
0.091998577
0.091870546
0.092017651
0.091989756
0.091892004
0.091820955
0.029649258
0.092193365
0.092108727
0.092058659
0.092018366
0.091886282
0.091839552
0.091975451
0.091929197
0.092019558
0.029664040
0.091862679
0.092413664
0.091993570
0.091944218
0.092054844
0.091958523
0.091917515
0.091967344
0.091991425
0.029669285
0.089621782
0.092208624
0.092041969
0.091920853
0.091970921
0.092114687
0.092046022
0.091922522
0.092020512
0.029594421
0.087878466
0.087861061
0.090249062
0.092359543
0.091902256
0.091777802
0.091993093
0.091816425
0.091886282
0.029602289
0.088469028
0.087929726
0.089825153
0.092542648
0.092137575
0.091969490
0.091847897
0.091894150
0.091910601
0.029606104
0.089626074
0.092247009
0.091952085
0.091943741
0.091979265
0.091933250
0.091949940
0.091922760
0.092015266
0.029671192
0.087165117
0.088335752
0.090002298
0.092435837
0.091859579
0.091972828
0.092004538
0.091801882
0.091933966
0.029571056
0.086928606
0.088102341
0.091814756
0.092260122
0.091909647
0.091842890
0.092041254
0.091982603
0.091830015
0.029654503
0.092617989
0.091914177
0.091877222
0.092036247
0.092069864
0.091838121
0.091984272
0.092063427
0.092123747
0.029567242
0.091543913
0.092255831
0.091854095
0.091927052
0.091971397
0.092099667
0.091755867
0.091961384
0.091915607
0.029736519
0.091375589
0.092081070
0.092042923
0.091915369
0.091880083
0.092054605
0.091966867
0.091814756
0.092189789
0.029693842
0.090317249
0.092248678
0.091968298
0.091941118
0.091921568
0.091864824
0.092020512
0.091790438
0.091894388
0.029594660
0.091583729
0.092164040
0.092060328
0.092015266
0.092016220
0.091858864
0.092028856
0.091956377
0.091954947
0.029667377
0.091211557
0.092133522
0.092000961
0.091811180
0.092038631
0.091990709
0.091801882
0.092163801
0.091991901
0.029692888
0.090757847
0.092281103
0.092137575
0.091927052
0.091866493
0.092053175
0.091969252
0.091870070
0.091971636
0.029742956
0.090739727
0.092157841
0.091873884
0.091928005
0.091837883
0.091879845
0.092057467
0.091829538
0.091943264
0.029687405
0.091068268
0.092114449
0.091930628
0.091905117
0.092200994
0.091924429
0.091897964
0.092002153
0.091869831
0.029628992
0.091516495
0.092151403
0.091833353
0.091754675
0.091905832
0.091971159
0.091858864
0.091987610
0.092101812
0.029669285
0.090970755
0.092250824
0.091970682
0.092065334
0.091996908
0.091909647
0.091897249
0.091791153
0.091786146
0.029621124
0.090977669
0.092125893
0.091891050
0.092120647
0.091971159
0.091860294
0.091935158
0.091983795
0.091921329
0.029705763
0.086294651
0.087926626
0.091315985
0.092290163
0.091982126
0.091855288
0.091863632
0.091961861
0.092012405
0.029606581
0.086758852
0.087946177
0.091359854
0.092081785
0.092011213
0.092097998
0.091942310
0.091696978
0.091894865
0.029735565
0.086206675
0.087872744
0.091495514
0.092088223
0.091939688
0.091789961
0.091876030
0.091807127
0.091826677
0.029613018
0.086372375
0.087926149
0.091396093
0.092146635
0.091904163
0.091835022
0.091908932
0.091935635
0.091851473
0.029587269
0.086474180
0.088044643
0.091574669
0.092100859
0.091879606
0.091874599
0.091857195
0.091888905
0.092040062
0.029643059
0.086593628
0.087664604
0.092106581
0.091922045
0.091899157
0.091876507
0.091896534
0.091739178
0.091987848
0.029645205
0.086969852
0.087815523
0.091655493
0.092081308
0.091964483
0.091885805
0.092092991
0.092041492
0.091798306
0.029731035
0.086977005
0.088020086
0.092095852
0.091999054
0.092111111
0.091917515
0.091838360
0.092053890
0.091947317
0.029688835
0.092436552
0.091985703
0.092057467
0.092152357
0.092087269
0.091867924
0.091822386
0.091891527
0.091950417
0.029637098
0.091274261
0.092244625
0.092069626
0.091974258
0.092059851
0.091826916
0.091983318
0.091773748
0.092042208
0.029675961
0.091490507
0.092203856
0.092093229
0.091966867
0.092175007
0.091769934
0.092006207
0.091883898
0.091783285
0.029597998
0.092290401
0.092175722
0.091942549
0.091985703
0.091915369
0.091958046
0.091997147
0.091872215
0.091956377
0.029705048
0.090104818
0.092180014
0.091934204
0.091980219
0.091954708
0.091958046
0.091894150
0.091876745
0.091996193
0.029782057
0.091418982
0.092133284
0.091920853
0.092053175
0.092033386
0.091929197
0.092003584
0.091835022
0.091975689
0.029768705
0.091532707
0.092222691
0.091957569
0.091906071
0.092036963
0.091926336
0.091894150
0.091971397
0.091930628
0.029621840
0.092134476
0.092040539
0.092037439
0.092047453
0.091891527
0.091949463
0.091919184
0.091892004
0.091900826
0.029679060
0.090874195
0.092129707
0.091969967
0.092058897
0.091949463
0.091794252
0.092036724
0.091923714
0.092151165
0.029591084
0.091417074
0.092025518
0.091881990
0.091842890
0.092015982
0.091805220
0.091862917
0.091942549
0.091928959
0.029675007
0.091545343
0.092083693
0.092052698
0.091840744
0.091845751
0.091971397
0.091972351
0.091918230
0.091917992
0.029618502
0.092206717
0.092097759
0.092097282
0.091956854
0.091799736
0.091843367
0.091872215
0.091881514
0.091963291
0.029572248
0.091785431
0.092165709
0.091965437
0.092067719
0.092027664
0.091878414
0.092080355
0.091897964
0.091935158
0.029677868
0.092257023
0.092160225
0.091811895
0.091866493
0.092001915
0.091883659
0.091881275
0.092015982
0.092006207
0.029701948
0.086424589
0.087940693
0.091633081
0.092026949
0.091903925
0.091967344
0.091903925
0.092022181
0.092079639
0.029532194
0.091433048
0.092215776
0.091994524
0.091947794
0.091861486
0.091933250
0.091977596
0.092138290
0.091861963
0.029669762
0.087063551
0.087914705
0.091856241
0.092110634
0.091957808
0.091806412
0.092044830
0.091893911
0.091906309
0.029651165
0.087165356
0.087986708
0.091778040
0.092033625
0.091991186
0.091947079
0.091948748
0.091927290
0.091935873
0.029615402
0.093209028
0.092045546
0.092079401
0.091905355
0.091885805
0.092024088
0.091965914
0.091928482
0.091930866
0.029619694
0.090426207
0.092133045
0.092188120
0.092058420
0.091941118
0.091965199
0.091940165
0.091883898
0.091866732
0.029583693
0.092540979
0.092082262
0.091933250
0.091987133
0.092093468
0.091838121
0.092020512
0.092032433
0.092037678
0.029609919
0.092130661
0.092085123
0.091987133
0.091832876
0.091974258
0.091888428
0.091964006
0.091883659
0.092055082
0.029606104
0.092523575
0.092061758
0.092061996
0.091904879
0.092046022
0.091966391
0.092194557
0.091842413
0.091982126
0.029495478
0.091479301
0.092106581
0.091904402
0.091961622
0.091832638
0.091752291
0.091825008
0.091784716
0.091875076
0.029555798
0.091842175
0.092046738
0.091801643
0.091828585
0.091951132
0.091823101
0.091824770
0.091987133
0.091845989
0.029580593
0.091040134
0.092242479
0.091728210
0.091681242
0.092010975
0.091755152
0.091750860
0.091846228
0.091986895
0.029630661
0.091690540
0.092136145
0.092104197
0.091911554
0.091923475
0.091959000
0.091997147
0.091850996
0.091978788
0.029625177
0.091603756
0.092033386
0.091806173
0.091969967
0.091967106
0.091955662
0.091967344
0.091997862
0.092031717
0.029630899
0.092535496
0.092008114
0.091855526
0.091883421
0.092232943
0.091974974
0.091839314
0.091949224
0.091780901
0.029609919
0.091752768
0.092093706
0.091886044
0.091688633
0.091876268
0.091845274
0.092121840
0.091819763
0.091853380
0.029627562
0.092001200
0.092229128
0.091961622
0.091735363
0.091773748
0.091957092
0.091956615
0.092037916
0.091875553
0.029530287
0.092268705
0.091841459
0.091788530
0.091772795
0.091880560
0.091705561
0.091693878
0.091708660
0.091617823
0.029376984
0.091436625
0.091893196
0.091663122
0.091766834
0.091964483
0.091781139
0.091677427
0.091721773
0.091681719
0.029441833
0.091248989
0.091967583
0.091768980
0.091806889
0.091830492
0.091859341
0.091759920
0.091644764
0.091923237
0.029438257
0.091692924
0.091867208
0.091920614
0.091850519
0.091842175
0.091853619
0.091731071
0.091658592
0.091627598
0.029545546
0.091190100
0.091988325
0.091802359
0.091720104
0.091806173
0.091640472
0.091608286
0.091749430
0.091618299
0.029451609
0.090749979
0.091977358
0.091724157
0.091755629
0.091777086
0.091688156
0.091662407
0.091876507
0.091649771
0.029398203
0.090376616
0.091902971
0.091720581
0.091661215
0.091694117
0.091625929
0.091699600
0.091545343
0.091601849
0.029418230
0.090910435
0.092097282
0.091784000
0.091902494
0.091933250
0.091787338
0.091660976
0.091611862
0.091573954
0.029421806
0.092204094
0.091661215
0.091845036
0.091770887
0.091745615
0.091632128
0.091724396
0.091770649
0.091556311
0.029562235
0.092630148
0.091783524
0.091832161
0.091722965
0.091827154
0.091698408
0.091613531
0.091651440
0.091674805
0.029452324
0.092865944
0.091797113
0.091693401
0.091762304
0.091796637
0.091675282
0.091719866
0.091604948
0.091737986
0.029542923
0.092385769
0.091898441
0.091705799
0.091722727
0.091745138
0.091723204
0.091629267
0.091602087
0.091603041
0.029436827
0.091658354
0.092028618
0.091798782
0.091747522
0.091655731
0.091659307
0.091705799
0.092073679
0.091796637
0.029454470
0.091909170
0.091844797
0.091600657
0.091702938
0.091711760
0.091609955
0.091666222
0.091625929
0.091682434
0.029456139
0.091176748
0.091943502
0.091650963
0.091770887
0.091784477
0.091850519
0.091832399
0.091685534
0.091713667
0.029412508
0.092072725
0.091981649
0.091736317
0.091699600
0.091678858
0.091731310
0.091625929
0.091672897
0.091629744
0.029387474
0.090527773
0.091919899
0.091899395
0.091679335
0.091762781
0.091925383
0.091741562
0.091685295
0.091688156
0.029501438
0.092036724
0.091897964
0.091756344
0.091781616
0.091743469
0.091739178
0.091666698
0.091662884
0.091773033
0.029454947
0.091432571
0.091895580
0.091716528
0.091836452
0.091733932
0.091758251
0.091678143
0.091699362
0.091696978
0.029607534
0.091422558
0.091960907
0.091889858
0.091754913
0.091792345
0.091847897
0.091850519
0.091745615
0.091874599
0.029536009
0.091169119
0.092028856
0.091785669
0.091980219
0.091782808
0.091809273
0.091860771
0.091789961
0.091800690
0.029471636
