0.927929640
0.916824341
0.905329227
0.917942524
0.918323994
0.907998085
0.916115522
0.911330700
0.908653498
0.904237986
0.903177500
0.909666538
0.917487860
0.922941446
0.911758661
0.924227953
0.911603212
0.914398909
0.917211533
0.915243387
0.917275429
0.920975685
0.912959576
0.908681393
0.900276661
0.909933567
0.910898924
0.920876741
0.911444187
0.922407866
0.913015604
0.914707899
0.925287485
0.914902210
0.914965391
0.917710304
0.915382624
0.918299198
0.913849831
0.919604063
0.907875061
0.908502102
0.905498266
0.908164263
0.904209137
0.907424450
0.907263994
0.912960052
0.917505264
0.915956497
0.910444260
0.918322802
0.915294886
0.916981220
0.912477732
0.920015812
0.925095797
0.916317463
0.913972378
0.913720846
0.914171934
0.917292118
0.911622763
0.914987803
0.913271904
0.906095982
0.916460991
0.916387796
0.913406849
0.912208557
0.916949987
0.916483402
0.915282726
0.910701036
0.915376425
0.935220957
0.914391994
0.911136627
0.913277626
0.909908295
0.920242548
0.906530857
0.908338785
0.907963753
0.906870842
0.911464691
0.913113832
0.908737659
0.916447639
0.918409586
0.913413286
0.920787573
0.906986475
0.904775381
0.916444540
0.926103354
0.910470486
0.907980442
0.904603481
0.913145542
