0.020534992
0.020490885
0.021167040
0.021062374
0.021020412
0.021049738
0.020972967
0.020938158
0.020948410
0.020946741
0.020921469
0.021024227
0.021001816
0.021022797
0.020952940
0.021047354
0.020954847
0.020980120
0.020927191
0.020953178
0.020940065
0.020971060
0.021066189
0.020989180
0.020935535
0.020962477
0.020936489
0.020965815
0.020947456
0.020982265
0.020930290
0.020941973
0.020956755
0.020957470
0.020929575
0.020981312
0.020933151
0.020928860
0.020938635
0.020934105
0.020936489
0.020928860
0.020948172
0.020934820
0.020920277
0.020925760
0.020920515
0.020934582
0.020930529
0.020942211
0.020937443
0.020932198
0.020965815
0.020951986
0.020938396
0.020937681
0.020912647
0.020932674
0.020921469
0.020961285
0.020980120
0.020938396
0.020924091
0.020931959
0.020937204
0.020920038
0.020926237
0.020956993
0.020967960
0.020932674
0.020942926
0.020925045
0.020940065
0.020937204
0.020904779
0.020951033
0.020924807
0.020928621
0.021038771
0.021283865
0.021311998
0.021140814
0.021139622
0.021073580
0.021038532
0.021043301
0.021060467
0.021065950
0.021085739
0.021036148
0.021020651
0.021039963
0.021029711
0.021026611
0.021029472
0.021037102
0.021019459
0.021027803
0.021021128
0.021032095
