0.107246161
0.107006311
0.110097170
0.111277580
0.110883951
0.110119104
0.111890316
0.110990763
0.107320309
0.108688593
0.107767820
0.111799240
0.110908031
0.110493183
0.111030340
0.111287355
0.110839844
0.105964899
0.109591484
0.108949661
0.108073950
0.111027718
0.110059738
0.111838579
0.110866308
0.110636234
0.105873346
0.109902143
0.108955383
0.109672546
0.110507488
0.109979630
0.110027790
0.110084772
0.109944820
0.104860544
0.109399319
0.107386351
0.108962774
0.109230518
0.108950377
0.108965635
0.108889103
0.108882666
0.105107784
0.108994246
0.107353449
0.108487368
0.108074665
0.109757185
0.108930588
0.108925343
0.109241962
0.106609344
0.108692884
0.107150793
0.109600782
0.108942509
0.108962774
0.109117746
0.109000921
0.109683990
0.106559992
0.108605623
0.107064724
0.109743834
0.108947039
0.108902216
0.108908415
0.108937263
0.108918428
0.104903698
0.108417273
0.107356548
0.108674526
0.108711958
0.109475613
0.108945370
0.108942509
0.109086990
0.104943514
0.108313799
0.107771635
0.108538389
0.109092712
0.109299660
0.108952522
0.108139992
0.109272957
0.105191469
0.109179735
0.107980251
0.107536793
0.108589888
0.109318972
0.108781815
0.108139038
0.107897520
0.103963137
0.108592510
0.107679844
0.108563423
0.108139992
0.108004570
0.108113766
0.107960701
0.107945442
0.103938341
0.107583761
0.107341766
0.108701229
0.107971907
0.107967138
0.108013153
0.107963800
0.107928276
0.103948355
0.108697653
0.107161760
0.108726263
0.107937098
0.107941389
0.107845783
0.107517004
0.107448101
0.104568958
0.107682705
0.106971979
0.106897593
0.106966734
0.106933594
0.106982470
0.108766317
0.107918978
0.104181290
0.107384920
0.107172012
0.106958866
0.107098341
0.106982470
0.107012272
0.106982231
0.107290745
0.103039265
0.108215332
0.107113361
0.107272387
0.108719110
0.107916832
0.107590914
0.107470751
0.108555555
0.104002237
0.107711792
0.106992245
0.107009649
0.107091188
0.106948614
0.106955051
0.106971025
0.108776093
0.103901386
0.108366966
0.107135057
0.106941700
0.106936216
0.106952190
0.106959343
0.106909037
0.106899500
0.102996349
0.108580112
0.107046604
0.107115746
0.106919050
0.106936216
0.106935978
0.106938124
0.107116699
0.103022814
0.108136892
0.107063770
0.106908083
0.106944561
0.106934547
0.106955528
0.106900692
0.106909752
0.103044987
0.108359814
0.107086420
0.107059479
0.107120275
0.106910229
0.106957912
0.106917143
0.106955767
0.102977276
0.106254816
0.107259989
0.106915712
0.106999159
0.106966496
0.106961966
0.106939793
0.106926680
0.103119850
0.107941628
0.107116461
0.107030869
0.106952906
0.106981039
0.106930971
0.106953144
0.107052326
0.102998734
0.107881546
0.107020378
0.107190371
0.106917381
0.107014656
0.107006311
0.107125521
0.106925011
0.102991343
0.107758760
0.106958628
0.106981993
0.107044697
0.106951237
0.106888056
0.106950283
0.107054472
0.103054285
0.108364105
0.107111931
0.107059956
0.106921196
0.106950045
0.106968403
0.106945038
0.106935263
0.102998257
0.106447935
0.107286453
0.106946707
0.106939793
0.106941462
0.106929779
0.106951475
0.106932402
0.103019238
0.106116056
0.107234716
0.106994867
0.106927633
0.106941700
0.106909990
0.106904507
0.106952190
0.103018999
0.108031988
0.107161760
0.106944084
0.106940746
0.106949806
0.107118368
0.106992006
0.106961966
0.103044510
0.108525753
0.107058287
0.107022285
0.106961727
0.107031584
0.106968164
0.106930971
0.106982231
0.103166103
0.108408689
0.107257128
0.107029915
0.107107878
0.107086658
0.106986761
0.107079506
0.106928349
0.102999687
0.108471155
0.107081175
0.106961489
0.106966496
0.107059956
0.106938601
0.106936216
0.106915236
0.102983475
0.108467102
0.107084274
0.107012272
0.107119560
0.107081652
0.107144356
0.107164621
0.107137203
0.103177786
0.108441591
0.107131720
0.106957912
0.106940508
0.106946468
0.107029200
0.106948614
0.106944084
0.102987051
0.107767105
0.107029438
0.106963396
0.107043028
0.107278347
0.107000113
0.107065201
0.106971264
0.103190660
0.108092070
0.107230186
0.106957436
0.106950283
0.106909037
0.106950998
0.106946945
0.106976986
0.103062391
0.106931925
0.107173681
0.106973886
0.106951952
0.106972694
0.106923342
0.106910467
0.106921196
0.103134632
0.108060598
0.107070446
0.106972456
0.107017279
0.106972933
0.106927156
0.106983185
0.106934071
0.103164911
0.107674360
0.107269764
0.106998682
0.106959820
0.107082129
0.106969118
0.107004642
0.106982231
0.103004456
0.108595848
0.106979609
0.106958866
0.106989622
0.107029676
0.106922150
0.106923342
0.106919289
0.103012562
0.107285500
0.107242823
0.107079268
0.106930017
0.106953859
0.106910467
0.106926441
0.106966496
0.103013277
0.108499050
0.107047558
0.106934309
0.106958389
0.106934071
0.106909275
0.106946468
0.107146978
0.103183985
0.107681036
0.107206106
0.106919050
0.106961012
0.107115507
0.107120514
0.107113838
0.106884956
0.102973700
0.108407974
0.107160807
0.107097387
0.106936455
0.107105970
0.106976032
0.106926680
0.106899738
0.103017092
0.107653379
0.106988907
0.106966257
0.106942177
0.106896639
0.106946230
0.106931448
0.106925249
0.103017092
0.107163906
0.107164621
0.106973886
0.106936216
0.106922865
0.106940269
0.107212782
0.107042074
0.103045464
0.106671095
0.107234955
0.106962442
0.106987953
0.106991768
0.107143402
0.107154846
0.107109070
0.102999210
0.106453657
0.107233524
0.106967688
0.107049942
0.107041836
0.106958151
0.106956244
0.106930256
0.103014469
0.108179569
0.107030869
0.107069016
0.107126713
0.106932163
0.106930494
0.106910467
0.106904268
0.102981567
0.107560873
0.107012510
0.106933355
0.106956482
0.106967211
0.106946945
0.106914520
0.106907129
0.102968931
0.107612133
0.107021809
0.106935263
0.106939554
0.106971025
0.106930971
0.106977463
0.106928825
0.102970123
0.107787848
0.107259989
0.106938601
0.106911898
0.106957674
0.107075930
0.107026577
0.107084513
0.103027582
0.107991695
0.107111692
0.106983185
0.106951475
0.106924534
0.106970787
0.106998444
0.106963873
0.103019238
0.108313084
0.107053280
0.107105970
0.107012033
0.106929302
0.106915474
0.106962681
0.107080221
0.103073359
0.107886076
0.107262850
0.107131243
0.106926680
0.106982470
0.107028008
0.107070208
0.106959820
0.103039503
0.108390331
0.106961250
0.106955290
0.107159138
0.107250452
0.107034206
0.106984377
0.106932402
0.103012800
0.107541561
0.107022762
0.106988192
0.106948376
0.106937170
0.106970549
0.107020378
0.106961012
0.103214502
0.107020855
0.107217073
0.106887341
0.106937408
0.106888056
0.106908321
0.106866360
0.106863022
0.102956533
0.107102156
0.107226849
0.107123375
0.106949091
0.106916189
0.106876373
0.106918335
0.106927872
0.102994919
0.109108448
0.107065916
0.106903315
0.106908560
0.106923580
0.106936216
0.106935263
0.106975794
0.103002787
0.107557297
0.106971979
0.107007504
0.106944561
0.106934547
0.106908560
0.106904984
0.106908083
0.103020430
0.108355284
0.106978893
0.106935024
0.106936216
0.106908321
0.107050419
0.106993198
0.107003927
0.103003263
0.108323574
0.107055902
0.106962681
0.106964111
0.106997013
0.107005835
0.107000113
0.106944084
0.102986574
0.106442213
0.107408524
0.106982231
0.107065916
0.106949806
0.106946945
0.106928349
0.106913090
0.103019953
0.106844902
0.107261419
0.106921911
0.106886625
0.106954813
0.106951714
0.106926441
0.106926680
0.103130102
0.108425379
0.107098579
0.106911421
0.106942654
0.107203484
0.106940269
0.106934309
0.106952906
0.103009224
0.108576775
0.107002020
0.106945038
0.106935740
0.107197523
0.106974363
0.106914282
0.107060671
0.103024006
0.108297110
0.107038736
0.106983423
0.106974125
0.106924534
0.107061863
0.106899500
0.106940269
0.102999449
0.106303692
0.107246637
0.107013702
0.106965303
0.106922865
0.106963873
0.106974840
0.106979847
0.103133202
0.106706619
0.107300520
0.106923342
0.106946945
0.106965065
0.106977701
0.107209444
0.108738422
0.104094744
0.108041048
0.107127190
0.106935978
0.106961727
0.107064724
0.106921196
0.106940985
0.106918335
0.103005886
0.107524633
0.107085943
0.107119799
0.107098103
0.107095003
0.106989384
0.106947660
0.106918812
0.103007793
0.108453035
0.106981754
0.106970072
0.106955767
0.106952667
0.106978178
0.106993437
0.106914759
0.103013277
0.107577801
0.106994390
0.106963634
0.106912851
0.106913328
0.106928110
0.106901169
0.106934309
0.102985382
0.108458281
0.106994867
0.106997013
0.106933355
0.106992006
0.106905222
0.107858419
0.108527184
0.103854179
0.107472181
0.107186794
0.107030630
0.106929302
0.106984377
0.107010365
0.107284784
0.108668089
0.103906155
0.109321594
0.107979298
0.107369184
0.106987715
0.106927633
0.106960535
0.107115507
0.106970072
0.103023291
0.108455420
0.107321262
0.106945992
0.106898546
0.106979847
0.106965303
0.106975794
0.108099222
0.104289055
0.107052565
0.107207060
0.106930256
0.106966972
0.107016563
0.107052088
0.108703613
0.107839108
0.103703976
0.107529163
0.106976509
0.107036591
0.106892824
0.106937647
0.107090950
0.107017040
0.106953859
0.102984667
0.107269526
0.107130527
0.106957912
0.106972694
0.106999159
0.106946468
0.106902122
0.106945515
0.102984190
0.107458115
0.107917070
0.107232809
0.108645439
0.107808113
0.107485533
0.106899738
0.106911898
0.104030371
0.107533932
0.106932878
0.106935501
0.108775854
0.107935429
0.107910395
0.107816219
0.107578516
0.103740931
0.108589649
0.107874870
0.106980085
0.106989384
0.106911659
0.108814240
0.108033657
0.109719992
0.104701042
0.108639479
0.108020782
0.107044935
0.107026100
0.107045650
0.106940508
0.106999874
0.108771563
0.103963852
0.108737230
0.108100176
0.107198238
0.106958866
0.107078314
0.108188629
0.108088970
0.107784986
0.103034735
0.107837915
0.107062817
0.107005358
0.107301474
0.108521461
0.107908249
0.107882500
0.107929230
0.103923559
0.108479977
0.107234716
0.108628750
0.107898235
0.107908726
0.107890129
0.108176947
0.108897209
0.105318785
0.108403444
0.107146025
0.108675957
0.107900620
0.108170509
0.107960463
0.107936382
0.107904434
0.103935003
0.107413054
0.107250929
0.107031107
0.107046604
0.106914043
0.106888294
0.108728409
0.107878208
0.103954554
0.107556820
0.107291460
0.108286142
0.108097315
0.107812405
0.106960535
0.106947422
0.106915712
0.104841709
0.108469725
0.107524395
0.108024120
0.108242273
0.107943296
0.107925177
0.107983112
0.107897520
0.103852749
0.108426571
0.107593775
0.107924700
0.108525991
0.108031511
0.108016491
0.107878208
0.107885122
0.103909492
0.108066797
0.107808113
0.107517481
0.108541965
0.107921362
0.107897043
0.107856750
0.107892036
0.104835749
0.106929541
0.108000755
0.107004642
0.108695030
0.108266592
0.109569788
0.108773947
0.108607054
0.103939533
0.108280659
0.107207060
0.106959343
0.108746052
0.108012438
0.107739210
0.106940985
0.109774828
0.105025053
0.109126329
0.107982635
0.107072592
0.106930256
0.106945276
0.106904268
0.106929302
0.108781099
0.103937626
0.108781338
0.107950211
0.107252836
0.108276129
0.108215332
0.107838392
0.106993198
0.106993198
0.103093386
0.107805967
0.106970549
0.106949568
0.107809067
0.108306646
0.107926369
0.108272076
0.107897282
0.103943825
