1.044902086
1.041493893
1.040534973
1.036425829
1.035016537
1.026346684
1.030678034
1.025923491
1.033207417
1.027509212
1.021537304
1.028437614
1.026890039
1.020055294
1.023260593
1.019292355
1.018238544
1.015950918
1.016923189
1.011234283
1.012968302
1.013383865
1.010956287
1.011727810
1.017028809
1.021299362
1.009725332
1.017494202
1.017689705
1.022357702
1.023963690
1.012315989
1.013566017
1.011428118
1.013795137
1.009821415
1.012481689
1.016537666
1.015312433
1.022345781
1.019266844
1.020715952
1.013262987
1.016157150
1.013087034
1.015887499
1.015508652
1.008352041
1.010777950
1.011208057
1.013208151
1.008640051
1.024454832
1.007174492
1.034049749
1.020313978
1.011847258
1.015056372
1.010010242
1.009716988
1.014312029
1.017674685
1.018352270
1.011236429
1.004879951
1.024991274
1.016187429
1.035516262
1.020631075
1.011801004
1.014805317
1.015086651
1.016260147
1.027656794
1.013149023
1.015001297
1.023201942
1.024842262
1.014590502
1.014280081
1.013495445
1.027709961
1.037171841
1.017167330
1.020909548
1.020014524
1.014358282
1.018986464
1.028571129
1.021166325
1.017297268
1.015714407
1.021308899
1.029023886
1.019718170
1.025759935
1.021584272
1.023602247
1.022531748
1.027132988
