0.022128105
0.021907330
0.021885872
0.021855354
0.021716356
0.021752834
0.021685839
0.021713495
0.021647930
0.021677494
0.021752357
0.021710396
0.021692514
0.021661520
0.021676779
0.021682024
0.021674395
0.021695137
0.021730661
0.021692038
0.021720648
0.021698475
0.021677732
0.021687984
0.021691561
0.021722794
0.021826267
0.022104740
0.022109032
0.022108316
0.022083759
0.021965504
0.021868706
0.021919727
0.021874666
0.021872044
0.021859884
0.021895885
0.021878719
0.021884441
0.021872520
0.021725178
0.021673441
0.021699190
0.021651983
0.021700382
0.022134066
0.022091389
0.022112608
0.022125483
0.022038937
0.021891832
0.021903753
0.021924019
0.021889687
0.021897554
0.021862745
0.021907806
0.021918058
0.021833897
0.021721840
0.021697998
0.021714687
0.021671057
0.021991014
0.022061825
0.022083521
0.022135258
0.022089481
0.021926403
0.021906614
0.021903276
0.021916389
0.021957636
0.021877050
0.021902800
0.021907568
0.021869421
0.021696329
0.021730661
0.021726370
0.021716356
0.021861076
0.022083044
0.022100449
0.022225618
0.022134066
0.021971226
0.021898508
0.021901846
0.021903515
0.021954775
0.021897316
0.021891594
0.021903992
0.021908045
0.021935225
0.021909714
0.021876812
0.021885157
