0.011327505
0.005291224
0.004902363
0.005023479
0.010682344
0.007334948
0.005361557
0.005085468
0.004875660
0.005314112
0.007286549
0.005178928
0.004920721
0.005083561
0.005322933
0.006893635
0.005281925
0.004887581
0.004879713
0.005306721
0.006998539
0.005229950
0.005017519
0.004894972
0.005316257
0.007065773
0.005244970
0.004886389
0.004863739
0.005303383
0.006828308
0.005359173
0.004974842
0.004877806
0.005316496
0.007192612
0.005281925
0.005286694
0.004893303
0.005314827
0.007028341
0.005544662
0.004869461
0.004853725
0.005302429
0.007292747
0.005534410
0.004974127
0.004906416
0.005531788
0.007126331
0.005218744
0.005035877
0.004889488
0.005310059
0.006883621
0.005111694
0.004944563
0.004901171
0.005323410
0.006979704
0.005987406
0.005062819
0.004862547
0.005320787
0.008768797
0.005356789
0.004903078
0.004879713
0.005316496
0.007677317
0.005173922
0.004865646
0.004884481
0.005298853
0.007275581
0.005549908
0.005048275
0.004871368
0.005307198
0.007387638
0.006303072
0.005153894
0.004912138
0.005358934
0.008867979
0.005135059
0.004897356
0.004850388
0.005314589
0.007011890
0.005172253
0.004894018
0.004920721
0.005318403
0.007149458
0.005436420
0.005227566
0.004927635
0.005311728
0.007057190
0.005316734
0.005031586
0.004867315
0.005285501
0.007468939
0.005274296
0.004888296
0.004911900
0.005326748
0.007113695
0.005502939
0.005188227
0.004855633
0.005582809
0.007352829
0.005359411
0.005136728
0.004902601
0.005299091
0.008727789
0.006159306
0.004928827
0.004891157
0.005309105
0.007397652
0.005140305
0.005221844
0.004858494
0.005296469
0.008866310
0.005611420
0.005129576
0.004849911
0.005306005
0.007014036
0.005033016
0.004911184
0.004994154
0.005327940
0.006922960
0.005443811
0.004894972
0.004882097
0.005303621
0.006999731
0.005024195
0.004912376
0.004874706
0.005321503
0.007365942
0.005700827
0.005304337
0.004857063
0.005293369
0.007306576
0.005281210
0.005083799
0.004855156
0.005311966
0.006799221
0.005106211
0.004899025
0.004880190
0.005311966
0.006716728
0.005582571
0.005029202
0.004846096
0.005280018
0.007067919
0.005562782
0.004895687
0.004846334
0.005360842
0.007203102
0.005293608
0.004913330
0.004852295
0.005298376
0.007349730
0.004939795
0.004886389
0.004858732
0.005582571
0.007083654
0.005135059
0.004884005
0.004875898
0.005300045
0.007017851
0.004924536
0.004924059
0.005807161
0.005325556
0.006888151
0.005468607
0.004894018
0.004853964
0.005293131
0.007380009
0.005058050
0.004997969
0.004836321
0.005284786
0.007172823
0.005167246
0.005271196
0.005126953
0.005311966
0.008741617
0.006250858
0.004884243
0.004857063
0.005286217
0.006838799
0.005951643
0.005144835
0.005028963
0.005317211
0.007365942
0.005333662
0.004875660
0.004866362
0.005311012
0.007534742
0.005892754
0.004991531
0.004854202
0.005293131
0.007767916
0.005366564
0.005076885
0.004887104
0.005294561
0.007276058
0.005197287
0.005146980
0.004863262
0.005292177
0.007141829
0.005458593
0.004874229
0.004868269
0.005294561
0.008686066
0.004938364
0.005007744
0.005194187
0.005292654
0.007827997
0.005103827
0.004945517
0.004857779
0.005287647
0.007327795
0.005061626
0.005058289
0.004879713
0.005310297
0.007290363
0.005336285
0.005074739
0.004891634
0.005308151
0.007871151
0.004893064
0.004881620
0.004970789
0.005291462
0.007046223
0.005355835
0.005066872
0.004852772
0.005482197
0.008656502
0.005776882
0.006056547
0.004998446
0.005406141
0.007121801
0.005198479
0.005039215
0.004878044
0.005326271
0.006776571
0.005055189
0.004873037
0.004858017
0.005304337
0.007774591
0.004895687
0.004856825
0.004975080
0.005312443
0.007953405
0.005939960
0.004875660
0.004857063
0.005334139
0.007155418
0.005272150
0.005021811
0.004856110
0.005314827
0.007302999
0.005426884
0.005076408
0.004844666
0.005288363
0.007765055
0.005041122
0.005060196
0.004902363
0.005303144
0.007269144
0.005506516
0.005085945
0.004876614
0.005318403
0.009198904
0.005084991
0.004936218
0.004869223
0.005281448
0.007430315
0.005891323
0.005130291
0.004873514
0.005313158
0.008113861
0.006031513
0.005282879
0.004934072
0.005414009
0.006948709
0.004912376
0.005017519
0.005033255
0.005281448
0.007031918
0.005418777
0.004879236
0.004862309
0.005294561
0.006873846
0.004902363
0.004872322
0.004845619
0.005305052
0.007025003
0.005255938
0.005111456
0.004840612
0.005309820
0.008250475
0.005386829
0.005050182
0.005268574
0.005284071
0.007243395
0.005212784
0.005084038
0.004887104
0.005311012
0.007059813
0.005174160
0.004895449
0.004852057
0.005318165
0.007144451
0.005379438
0.005002737
0.004848957
0.005294323
0.008792162
0.006275415
0.004997730
0.004863262
0.005284071
0.007477283
0.005615950
0.005378723
0.004856586
0.005291462
0.007658482
0.005094051
0.004868507
0.004854202
0.005296469
0.007349253
0.005133867
0.005014658
0.004872799
0.005282402
0.006951332
0.005477905
0.004949570
0.004858971
0.005436182
0.007827759
0.005459785
0.005103350
0.005010843
0.005291462
0.007658005
0.005446434
0.005028248
0.004876852
0.005302429
0.006867647
0.005414009
0.004913807
0.004886150
0.005298615
0.007545233
0.005591869
0.005271435
0.004968882
0.005307913
0.007048845
0.006181955
0.005055189
0.004909754
0.005316973
0.007259130
0.005236387
0.005094290
0.004891634
0.005383253
0.007215977
0.005428791
0.005089521
0.004878759
0.005329370
0.006934881
0.005348682
0.004935265
0.004847765
0.005287647
0.010516167
0.004922152
0.004904509
0.004839182
0.005279541
0.007021904
0.004925728
0.004907608
0.005062342
0.005602598
0.007294416
0.005303860
0.004899979
0.004869699
0.005275488
0.006775379
0.005559206
0.004886627
0.004848242
0.005297184
0.006950378
0.005669594
0.005060673
0.004848242
0.005289793
0.007046461
0.005155087
0.004898310
0.004853010
0.005295038
0.007085800
0.004908562
0.004869699
0.004875422
0.005339622
0.007936478
0.005509615
0.005138636
0.005020380
0.005289078
0.008935213
0.005307913
0.005114079
0.004872799
0.005295753
0.007145643
0.005110264
0.004882574
0.004863501
0.005307436
0.006963253
0.005583048
0.004886627
0.004850149
0.005292892
0.007393122
0.004904032
0.004880428
0.004903316
0.005332232
