0.095184088
0.081201315
0.083079100
0.081859827
0.080975533
0.081648827
0.082770586
0.083141565
0.083990335
0.113047123
0.083338499
0.081063271
0.085819483
0.083428621
0.083029032
0.082394123
0.083461523
0.083987713
0.082731724
0.084032536
0.081935406
0.082279921
0.083779812
0.081624508
0.085112572
0.082414627
0.084914684
0.080251932
0.083790302
0.082952976
0.083093882
0.082587004
0.081475735
0.085015059
0.082300901
0.082673550
0.082093716
0.081774950
0.084735394
0.083976984
0.084592342
0.083669424
0.083897352
0.082298994
0.082862616
0.083872557
0.084688425
0.080672741
0.082696676
0.082096100
0.082519770
0.083617449
0.080875397
0.082777500
0.081764936
0.089027882
0.083014011
0.081609249
0.082949162
0.085778236
0.082775116
0.082796097
0.082708597
0.081575871
0.083554268
0.084543943
0.084872484
0.088421345
0.084272146
0.082853794
0.081276655
0.085397482
0.082072020
0.080164909
0.081718206
0.086248636
0.085229874
0.081135988
0.080489159
0.081933975
0.081968069
0.081894875
0.082054138
0.082863331
0.082924843
0.081337214
0.082844019
0.083689690
0.084972858
0.084028721
0.081402063
0.085680485
0.082458019
0.082058430
0.080784559
0.082875013
0.083659172
0.082247972
0.081335068
0.082347631
