0.003058434
0.001971722
0.002216339
0.001976490
0.002243996
0.001979589
0.002169371
0.001939058
0.001961231
0.001955509
0.001937628
0.001958370
0.001938105
0.001932383
0.001931667
0.001954794
0.001940727
0.002115250
0.001997948
0.002026558
0.001991510
0.001981020
0.002002478
0.001998425
0.001990795
0.001934052
0.002103090
0.002147436
0.001944780
0.001946688
0.002012253
0.001942873
0.002039671
0.002015591
0.001959085
0.001930475
0.001956701
0.001932144
0.001931906
0.001926422
0.001933813
0.001942635
0.001970053
0.001955986
0.001954556
0.001934290
0.002317667
0.002411842
0.002256632
0.002045631
0.002118587
0.002127647
0.001993656
0.001939297
0.001986980
0.001950979
0.001981497
0.001938820
0.001986027
0.001954317
0.002000332
0.004894733
0.002217054
0.002254963
0.002397776
0.001950741
0.002277851
0.001968861
0.002215385
0.002013922
0.002043962
0.001946926
0.001988173
0.001934528
0.002222776
0.002643824
0.002007723
0.002009869
0.001957655
0.001932621
0.001924992
0.001978159
0.001945019
0.001933813
0.002175331
0.001936674
0.001982689
0.001937151
0.001955509
0.001936197
0.001936436
0.001958609
0.001975298
0.002027750
0.001935005
0.002253056
0.001960039
0.002092838
0.001926184
0.002040625
0.001950979
0.001925230
0.001959801
0.001926899
0.001942396
0.002030849
0.002118111
0.002020121
0.006416798
0.001944065
0.001919270
0.002015114
0.002212048
0.002035141
0.002226830
0.002081871
0.001939297
0.001974106
0.002061605
0.001938343
0.001964092
0.001940966
0.001942396
0.001968384
0.002068281
0.001966000
0.005968571
0.002029181
0.002107859
0.002081394
0.002115965
0.002102852
0.002102137
0.002067327
0.002026081
0.002115965
0.002006292
0.002116919
0.002028227
0.002059937
0.001977682
0.001995564
0.001935482
0.001924753
0.001936674
0.001930714
0.001938343
0.001919985
0.001925230
0.001931667
0.001934052
0.002021790
0.001955509
0.002043724
0.001963139
0.002037525
0.002014637
0.002018213
0.002058983
0.002262592
0.001951218
0.002012253
0.002024889
0.001971483
0.002079248
0.001938581
0.002119064
0.001921892
0.002101421
0.001935959
0.001939058
0.001930714
0.001923561
0.001936197
0.001921415
0.001929283
0.001942635
0.001927137
0.001928091
0.001946211
0.001930952
0.001924753
0.001946688
0.001978874
0.001956463
0.001966953
0.001945972
0.001949787
0.001951218
0.001927853
0.001941919
0.001924038
0.001957655
0.001971960
0.001952171
0.001966953
0.001924515
0.001927853
0.001946211
0.001938105
0.001948595
0.001954794
0.001935005
0.001935482
0.001923800
0.001963377
0.001945496
0.001998663
0.001942873
0.001960754
0.001925945
0.001931429
0.001936913
0.001966238
0.001930475
0.001929760
0.001935959
0.001953363
0.001936674
0.001923800
0.001932621
0.001950502
0.001940489
0.001927137
0.001924038
0.001944780
0.001938343
0.001916170
0.001944780
0.001929998
0.001942396
0.001919746
0.001937628
0.001924753
0.001950979
0.001924038
0.001922846
0.001924515
0.001954079
0.001920462
0.001996994
0.001949787
0.002035618
0.001947641
0.002104044
0.001946211
0.002078772
0.001953125
0.002058506
0.001940012
0.002147198
0.001967669
0.001953125
0.001939774
0.001942873
0.001943827
0.001944065
0.001951218
0.001962185
0.001939058
0.001955509
0.001939774
0.001952410
0.002302885
0.002054453
0.002024651
0.001966953
0.001963854
0.001960754
0.002162933
0.001995802
0.002148867
0.002048254
0.001935005
0.002000809
0.001926661
0.001957417
0.001967907
0.001941204
0.001933813
0.001963377
0.001933098
0.001929760
0.001927614
0.001933813
0.002007008
0.002176762
0.002022266
0.002048969
0.002046347
0.002097368
0.002012968
0.002053738
0.002037287
0.002046824
0.002040863
0.002099276
0.002025366
0.002055407
0.002069235
0.002124310
0.002099514
0.002094507
0.002055883
0.001965284
0.002148628
0.001995564
0.002040148
0.002068758
0.001996994
0.001921177
0.002040386
0.001928091
0.001968861
0.001925468
0.001930714
0.001948595
0.001929760
0.001937151
0.001929283
0.001924038
0.001931429
0.001933336
0.001943111
0.001946211
0.002082109
0.001974344
0.001953840
0.001934290
0.001915216
0.001930952
0.001927137
0.001976728
0.001995564
0.001965046
0.001944304
0.001996994
0.001973152
0.001955271
0.001942873
0.001983881
0.001942635
0.001956463
0.001936674
0.002023935
0.001928806
0.002039194
0.001996994
0.002079725
0.001939535
0.001951456
0.001926184
0.001946211
0.001951694
0.001960516
0.001939058
0.001951218
0.001924515
0.001968622
0.001919031
0.001956940
0.001917839
0.001960039
0.001914978
0.001978159
0.002036095
0.001976728
0.002037764
0.001951694
0.001996756
0.001955509
0.002066374
0.001952171
0.002022505
0.001968622
0.002023220
0.001961231
0.002131939
0.001991034
0.001945496
0.001974344
0.002053022
0.001943588
0.002001524
0.001960993
0.001937866
0.001926899
0.001952887
0.001984358
0.001938105
0.001928568
0.001932383
0.002043486
0.002001524
0.001957655
0.002081633
0.001953840
0.001979828
0.001969814
0.002072096
0.002025366
0.001993418
0.001964569
0.002083302
0.001968384
0.002027273
0.001929283
0.002043247
0.001983643
0.002013445
0.001947403
0.002058744
0.001970291
0.001994371
0.001958847
0.002108335
0.001935005
0.001927137
0.001953363
0.001948833
0.001957655
0.001994133
0.001969099
0.001975060
0.002050161
0.001953840
0.002004623
0.002052784
0.001946449
0.001965046
0.001945019
0.001954556
0.001945257
0.001935482
0.001941442
0.001947403
0.001942396
0.001938581
0.001937866
0.001937628
0.001937151
0.001965046
0.001938343
0.001936674
0.001957893
0.001923084
0.001924992
0.001935005
0.001953125
0.001921177
0.001957178
0.001923800
0.001947403
0.002013445
0.001944780
0.002018452
0.001952887
0.001946688
0.001956224
0.001921177
0.001950502
0.001969099
0.001947641
0.001952887
0.001953363
0.002031326
0.001962423
0.002010107
0.001950741
0.002036095
0.001966238
0.001973391
0.001966000
0.001943588
0.001960516
0.001947880
0.001994848
0.001957893
0.001948595
0.002101421
0.001935720
0.002018690
0.001956224
0.002007484
0.001976252
0.001975060
0.001960278
0.001925945
0.001987696
0.002002954
0.001947403
0.001920462
0.001946926
0.002038956
0.001959085
0.002005100
0.001964331
0.001988888
0.001985788
0.001934528
0.001968622
0.002023697
0.001966715
0.001983166
0.001951933
0.001943827
0.001981497
0.001956224
0.001976967
0.001984835
0.001966000
0.002017498
0.001938581
0.001971245
0.001935005
0.001956940
0.001931906
0.001966238
0.001935244
0.001952648
0.001934528
0.001982689
0.001935244
0.001995325
0.001965046
0.002048016
0.001943588
0.002000809
0.001942396
0.001993179
0.001956701
0.002014160
0.001944304
0.002013445
0.001936197
0.002027512
0.001929522
0.002018213
0.001932144
0.002022028
0.001946211
0.002007484
0.001950502
0.002084017
0.001933575
0.002007008
0.001935005
0.002042055
0.001958370
0.002015591
0.001931906
0.002063751
0.001927614
0.002006769
0.001925707
0.001996517
0.002046585
0.002027750
0.001960516
0.001933336
0.001943111
0.001929522
0.001941919
0.001947403
0.001937389
0.001939774
0.001929045
0.001926422
0.001940489
0.001932383
0.001951933
0.001917362
0.001928806
0.001917124
0.001961231
0.001929998
0.001933575
0.001917839
0.001972914
0.001947880
0.001938105
0.001942396
0.002057314
0.001947165
0.001940250
0.001950741
0.001954079
0.001987219
0.001934290
0.001962423
0.001939058
0.001942635
0.001942635
0.001962185
0.001922369
0.001968145
0.001931906
0.001938581
0.001929283
0.001922369
