2.106120586
1.803267956
1.749425411
1.848524570
1.815471172
1.707549572
1.694181919
1.743779182
1.022903442
2.136456013
1.828876257
1.836955070
1.786803961
1.902243376
1.863588333
1.846732855
1.869208574
1.031719923
2.144901037
1.786557198
1.775223017
1.883565187
1.819149733
1.714991808
1.720700026
1.753809690
1.015955210
2.167721510
1.815653324
1.968798637
1.783216476
1.778158903
1.776053429
1.690220118
1.696781874
1.025253534
2.193072319
1.826420307
1.872510672
1.788645506
1.778397322
1.740140438
1.719656706
1.733693361
1.020289183
2.280009747
1.869626522
1.777368307
1.793636084
1.766217232
1.721947193
1.771124840
1.732530594
1.043445110
2.134747982
1.794285536
1.757927895
1.957965851
1.779551744
1.701738834
1.732875824
1.732555151
0.995994806
2.121438980
1.772658587
1.767390728
2.224381685
1.823612928
1.811320066
1.763598204
1.694952965
1.016446352
2.200348139
1.880510092
1.798044682
1.750589609
1.835691452
1.728779793
1.690531254
1.699352741
1.116742134
2.118236542
2.045006514
1.986981869
1.876855373
1.790684938
1.705391407
1.674741507
1.701059341
1.021903753
2.237262249
1.900254011
1.845838785
1.812451124
1.783997059
1.729788780
1.870115280
1.723874569
1.009225368
2.110573053
1.747823477
1.777007580
1.804577589
1.822550535
1.729360342
1.844250202
1.689656973
1.013675690
2.086131811
1.770977974
1.785241604
1.900818110
1.743381023
1.721940041
1.741701126
1.752930164
1.048111916
2.177154064
1.810045958
1.721189737
1.750143766
1.887800217
1.754601479
1.821025133
1.762014866
1.008327484
2.098204136
1.879767895
1.749543667
1.727199316
1.943684816
1.778393745
1.749599218
1.675039053
1.106028080
2.172460794
1.769025326
1.752766848
1.765059948
1.896079779
1.778867722
1.709639311
1.729384184
1.037124157
2.089777946
1.814080477
1.835528851
1.773638248
1.871128559
1.789147615
1.783902645
1.853258848
1.056209803
2.288521528
1.902695656
1.766849518
1.786086082
1.761176109
1.783564091
1.779231548
1.686694860
1.116271019
2.118106842
1.867072105
1.770099640
1.814476728
1.743777275
1.785248995
1.703779221
1.770557404
1.125171661
2.121242046
1.872493029
1.736745596
1.797909498
1.731221676
1.784665823
1.698429346
1.709406376
1.005710840
2.196607113
1.895075083
1.758059978
1.819834709
1.746105194
1.724915028
1.675455809
1.704802990
0.997679234
2.106255293
1.761668444
1.760643482
1.798031092
1.772701025
1.821729422
1.719375134
1.771295309
1.050143480
2.086293697
1.745504141
1.808893681
1.744697809
1.729975462
1.738593817
1.692909479
1.740031958
1.017034769
2.102508307
1.782578468
1.802965403
1.811566591
1.726218462
1.727075338
1.700290203
1.905816317
1.010152102
2.274809361
1.971857071
1.770061493
1.776251078
1.860285282
1.750353813
1.677881718
1.836279869
1.145007372
2.235731602
1.916273355
1.861147642
1.776445389
1.778261662
1.731215239
1.723542213
1.722734690
1.056876659
2.143284559
1.917507648
1.777933359
1.818731070
1.721644878
1.721076965
1.774412394
1.817528963
1.021666288
2.137357235
1.786742210
1.739904165
1.732119560
1.841167688
1.687437534
1.752789736
1.762619734
1.019887924
2.137142420
1.775347948
1.775038958
1.777426004
1.761291504
1.775098562
1.772616625
1.688023567
1.000885487
2.445527077
1.761708975
1.811401844
1.863053560
1.726572275
1.711169720
1.770521402
1.716313601
1.001832724
2.181568623
1.808550358
1.753589392
1.717099667
1.721767664
1.755732059
1.692715406
1.694206953
1.174897432
2.099666834
1.821489573
1.753295660
1.869540215
1.748925447
1.715497255
1.734216213
1.686756134
0.997453690
2.094819546
1.766937733
1.818116903
1.772805691
1.714591980
1.716604710
1.729844093
1.804128885
0.999030828
2.319131851
1.779803514
1.811921835
1.885248899
1.756242514
1.732481956
1.702534199
1.684970140
1.022339582
2.233389616
1.971992970
1.794921398
1.829539537
1.874911070
1.694659233
1.768325329
1.729068518
0.996847153
2.119612217
1.844072580
1.781981468
1.779386044
1.775821686
1.675031424
1.745424032
1.710036278
1.082522631
2.119560719
1.777905464
1.835420132
1.752663851
1.812239408
1.783811569
1.815357924
1.774735451
0.997844934
2.196277857
1.819341421
1.775516987
1.755536318
1.743654728
1.760859489
1.704838991
1.731925726
0.994080067
2.107814550
1.751402140
1.728731394
1.748053551
1.820940733
1.789338112
1.687512159
1.703852654
1.035379648
2.098351002
1.749586344
1.771546364
1.773282051
1.729412794
1.773853540
1.709982634
1.689868927
1.003084421
2.116059065
1.799410105
1.749576092
1.846170664
1.814105272
1.715223551
1.712666750
1.774353504
1.021032095
2.109638214
1.936808586
1.744685888
1.776714563
1.712155342
1.722215176
1.853796244
1.678840399
1.015706301
2.195612192
1.779553652
1.872297049
1.772813559
1.696697712
1.737805367
1.673015118
1.772221088
0.990223408
2.124581099
1.728906870
1.887120247
1.708235979
1.745093584
1.710883856
1.688378096
1.900723696
1.079323530
2.143929958
1.844420910
1.775639057
1.900476217
1.762866497
1.747826815
1.748524427
1.804020405
0.984388590
2.107971907
1.758180618
1.727854729
1.793996096
1.835645437
1.696866989
1.795482874
1.735934019
1.007541656
2.112161398
1.806961060
1.867933750
1.804654360
1.698920488
1.822719812
1.734365940
1.712157249
1.014058113
2.080400944
1.800492048
1.796769381
1.895967960
1.703540564
1.810735226
1.673514843
1.744106770
1.011837006
2.171587706
1.757410526
1.755986691
1.847486734
1.793120861
1.857702494
1.669785023
1.722733974
0.994812965
2.120195866
1.773267508
1.957177639
1.771722317
1.820152998
1.666795731
1.686698437
1.677209139
1.033908367
2.075962067
1.826888561
1.710518122
1.774684429
1.741535902
1.794979334
1.900100708
1.724886417
1.112613201
2.212786913
1.759613752
1.946151733
1.867560387
1.731248379
1.728952885
1.739597797
1.693534374
1.030245066
2.194375277
1.814323187
1.788183689
1.792645931
1.791134357
1.675767660
1.761875629
1.726833344
1.007088423
2.088985205
1.773738623
1.847673178
1.845719099
1.759717703
1.708444595
1.813111305
1.795557976
0.987308025
2.088118315
1.898491621
1.913034201
1.761412144
1.751305103
1.711416006
1.702939510
1.769711256
0.995994091
2.163071632
1.797350645
1.868416309
1.747433186
1.697123766
1.772999763
1.910981655
1.798879385
1.103899956
2.115716219
1.934747934
1.809016705
1.843633175
1.821881533
1.669324875
1.724096060
1.719537735
1.001363039
2.283382416
1.733916998
1.720678806
1.720839739
1.710851669
1.670094490
1.712486982
1.664996624
0.981431007
2.108894348
1.754785061
1.769192696
1.756835461
1.740470648
1.751710176
1.742329597
1.684820414
1.069953680
2.121304989
1.771536589
1.731064320
1.789981604
1.799194098
1.769693851
1.680635691
1.765267372
0.987666845
2.110990524
1.783230305
1.821234465
1.853186131
1.902825356
1.720183849
1.694508314
1.690945148
1.018687963
2.206076384
1.861217499
1.788527489
1.775767326
1.858667374
1.679243326
1.769018173
1.691402197
0.998481750
2.196305752
1.924273014
1.792437077
1.874619484
1.781245232
1.768805981
1.885865927
1.699611902
1.288260698
2.092918634
1.782883883
1.760060072
1.823184490
1.785906792
1.919765949
1.721992493
1.720606804
1.009150267
2.098691702
1.809425592
1.787835598
1.776902437
1.873023987
1.800164461
1.814756155
1.722536802
1.109110594
2.093806744
1.854341984
1.733037949
1.726465225
1.813530684
1.659781933
1.778490782
1.668179989
0.998037338
2.159615755
1.919741154
1.739515305
1.791644335
1.774287224
1.765005350
1.677390575
1.707271576
1.006034613
2.135344028
1.886519670
1.751117229
1.803706884
1.737262249
1.686322927
1.815577745
1.670853376
1.008955717
2.131275415
1.789741039
1.744850874
1.759284019
1.708575010
1.700561047
1.681967735
1.683401823
0.981536865
2.093455791
1.777868271
1.736517668
1.773447037
1.745859146
1.819855452
1.726143122
1.685945988
0.994214535
2.150487185
1.770277977
1.739081621
1.782058001
1.751274109
1.756171703
1.660142899
1.751930475
0.982330561
2.286514997
1.831576347
1.762867928
1.755255699
1.760175705
1.670494795
1.690289259
1.807305813
0.996810436
2.107137680
1.748171806
1.916784763
1.746664762
1.817917824
1.701001167
1.802544117
1.696064711
1.006966591
2.174243450
1.728497505
1.764310598
1.767012119
1.726811409
1.774990320
1.776930571
1.680211067
1.044759512
2.130874872
1.768357992
1.735636711
1.787589073
1.782519102
1.759964466
1.843070030
1.716257334
1.000322580
2.132541656
1.843984604
1.714460850
1.784829378
1.795060158
1.729496002
1.726720810
1.673874855
0.991168737
2.087976933
1.922585964
1.861107588
1.757106304
1.729878187
1.705596685
1.738259315
1.694782495
1.001675844
2.147131681
1.766585588
1.780029297
1.805811644
1.720265388
1.686590433
1.701651812
1.756870747
1.071432829
2.215893507
1.900624037
1.831291437
1.777487278
1.718322039
1.704519510
1.704917431
1.847681046
0.999673843
2.093095303
1.740856647
1.862003565
1.805125237
1.756943464
1.706271410
1.707732677
1.692507029
0.990288258
2.077453136
1.816229343
1.739326477
1.739910364
1.842657566
1.717630386
1.776310682
1.710726500
0.989632845
2.133573771
1.846755505
1.742258310
1.831120968
1.697872162
1.744609118
1.803579330
1.665398121
1.050853968
2.202181339
1.812183142
1.775110960
1.744782925
1.772831678
1.995672941
1.687170982
1.677502155
1.032742262
2.146875143
1.773690939
2.220755816
1.766087055
1.776999950
1.775395155
1.700764894
1.808207512
0.984930277
2.259517670
2.194140911
1.752410412
1.858580589
1.775895834
1.788422108
1.756267786
1.766805887
1.058027983
2.186403990
1.796612263
1.759711742
1.906124592
1.767361641
1.809161425
1.801300049
1.791999578
1.009974003
2.134143829
1.751010895
1.829385281
1.802900076
1.803234816
1.680785656
1.808856249
1.801501751
1.005932570
2.109837532
1.781244516
1.731709480
1.738100052
1.708136082
1.715756416
1.709503651
1.724365473
0.987902641
2.224428654
1.851678133
1.742914200
1.796577930
1.851012945
1.717488289
1.730776072
1.712675810
1.077058077
2.119402885
1.742399216
1.760517597
1.727864265
1.750713348
1.733504534
1.982805490
1.701707363
0.996695042
2.189675093
1.796546936
1.972827673
1.765707254
1.717155933
1.701142788
1.696416616
1.687954187
1.023282528
2.145855665
1.747401476
1.887494802
1.794606447
1.685186863
1.740159273
1.866302967
1.701102495
1.094941139
2.108585596
1.743931770
1.861589670
1.759936810
1.722983599
1.722002268
1.735064268
1.718194008
1.158919334
2.080089331
1.766796589
2.244501591
1.922681570
1.784422874
1.691159964
1.731672287
1.688894272
1.001881361
2.075150013
1.744288683
1.750325203
1.760695457
1.782993317
1.745893717
1.846686125
1.788361311
1.072508574
2.102033854
1.785761833
1.736627102
1.731690884
1.730773687
1.804314137
1.719332218
1.673082590
1.004291773
2.086709023
1.741648197
1.756388426
1.747194290
1.740041018
1.865604639
1.785932302
1.688994408
0.978655338
2.099822760
1.790990114
1.765451908
1.737941504
1.790396452
1.896845818
1.832567453
1.775444746
1.124639511
2.190918684
1.898986816
1.799859047
1.815999031
1.903198481
1.776361227
1.744404793
1.795162439
0.984730244
2.128393650
1.750836134
1.754344225
1.775299072
1.726384878
1.723554373
1.700207472
1.724514008
1.004426956
