15.892450094
16.532575846
16.039920807
16.132679701
16.105816841
16.191652298
16.023248911
16.420967817
16.131251574
16.354139328
16.340440035
15.977463961
15.978255987
16.111803532
16.134951591
16.024001837
16.300435781
16.287047148
16.120646715
15.875705004
15.936581373
15.978506804
15.725711823
15.988322973
16.491484404
16.240207434
16.148695707
15.889067173
15.893388510
16.239319086
15.933208942
15.856137037
15.843449593
16.124966383
16.319318533
15.945798635
16.090498209
15.924835920
15.802468538
15.726733208
15.971558571
15.982256651
15.917888880
15.996964931
16.136000633
15.892220736
16.005615950
15.943131208
16.000308514
15.931505203
16.096923828
16.132597685
15.983912706
16.044597626
16.022190332
16.287667513
16.073002100
15.631733179
15.816796064
15.854199409
16.022084236
16.063413858
16.636848927
16.045246124
16.225065708
15.762818336
15.959808588
15.924968719
15.599685431
15.785194159
15.769980431
15.990180016
15.968991756
15.869313478
15.953639507
15.816989183
15.933290958
15.865015745
16.129992962
15.781501532
15.845622778
15.938760281
16.140869617
16.379196405
16.641185522
16.254671097
16.046217203
15.645114899
16.128190041
15.939042568
15.974515915
16.094651222
15.960986376
16.343516111
15.997815847
15.709050894
15.816018105
16.246078730
16.349186897
15.723062277
