0.635605574
0.437804937
0.426380157
0.438805580
0.429015636
0.480444193
0.422792673
0.428542376
0.425128698
0.427474022
0.463567257
0.443618059
0.429893970
0.437005281
0.492815733
0.439998627
0.455629349
0.537789822
0.422916889
0.426693678
0.423996925
0.433111906
0.429462671
0.428904772
0.424404621
0.426608086
0.422834873
0.469733000
0.432641506
0.424330235
0.443291426
0.455415726
0.424643993
0.428952456
0.424049139
0.432789087
0.422292233
0.469813347
0.425037861
0.479195118
0.421871901
0.472385406
0.430660248
0.469820023
0.423139334
0.461757421
0.435751438
0.430812597
0.452042341
0.465694189
0.424031973
0.452631235
0.436696053
0.436233521
0.434546471
0.439580679
0.442167044
0.434258699
0.492374659
0.438473463
0.443786383
0.429246664
0.476910830
0.449397326
0.443362236
0.427809477
0.546673536
0.456915379
0.426919699
0.427395582
0.430269718
0.425456524
0.427520990
0.446112871
0.443997860
0.459709406
0.445487261
0.428330898
0.461243153
0.422714710
0.428025961
0.440070391
0.421658754
0.433594942
0.423018217
0.429238558
0.432809830
0.427561045
0.436360121
0.433296442
0.430953503
0.453167677
0.448268652
0.427268982
0.431512594
0.439506769
0.400794268
0.404554844
0.400167227
0.397606611
