0.090672493
0.089506865
0.093177795
0.093568325
0.093484879
0.093366623
0.093259096
0.093369484
0.088345289
0.093697548
0.093461752
0.093408108
0.093260288
0.093317032
0.093376637
0.093413115
0.093210697
0.088510036
0.092563868
0.093639612
0.093475580
0.093269348
0.093216419
0.093204737
0.093257427
0.093388557
0.088500261
0.092950821
0.093490839
0.093314409
0.093274117
0.093252182
0.093278885
0.093284845
0.093137026
0.088523626
0.092579603
0.093647718
0.093262672
0.093373060
0.093271971
0.093242884
0.093127251
0.093250990
0.088481188
0.092769384
0.093492031
0.093255043
0.093338251
0.093413353
0.093309402
0.093355894
0.093211651
0.088572502
0.092628956
0.093559265
0.093537807
0.093390226
0.093266726
0.093287706
0.093197107
0.093447208
0.088510990
0.093429089
0.093556166
0.093288183
0.093199015
0.093297243
0.093296528
0.093291998
0.093254328
0.088563442
0.092426538
0.093607664
0.093113422
0.093387842
0.093238592
0.093241692
0.093306065
0.093414783
0.088500977
0.092593670
0.093460083
0.093364239
0.093170166
0.093217134
0.093266249
0.093339920
0.093389750
0.088735819
0.093858719
0.093426704
0.093255758
0.093305349
0.093294144
0.093338966
0.093284369
0.093381166
0.088515282
0.094129086
0.093446732
0.093507051
0.093194246
0.093234062
0.093264818
0.093351841
0.093305349
0.088620663
0.093123674
0.093632698
0.093253613
0.093405962
0.093189001
0.093247890
0.093241215
0.093333721
0.088612080
0.093841314
0.093629599
0.093431711
0.093305349
0.093514681
0.093300343
0.093341827
0.093308210
0.088649750
0.093905926
0.093351841
0.093208790
0.093378305
0.093307734
0.093338966
0.093378544
0.093406200
0.088492155
0.093911648
0.093318939
0.093326807
0.093439102
0.093443155
0.093298197
0.093378067
0.093341112
0.088624716
0.092390060
0.093587637
0.093392372
0.093320847
0.093190670
0.093267918
0.093345404
0.093305111
0.088537455
0.093140841
0.093521833
0.093527079
0.093445063
0.093284607
0.093380451
0.093346834
0.093220234
0.088552713
0.093770266
0.093418121
0.093285799
0.093969107
0.094271898
0.094032049
0.093885422
0.093853951
0.089050055
0.094106674
0.094094276
0.093469858
0.094192743
0.094288588
0.093829632
0.093794346
0.093813181
0.089151621
0.094767570
0.093641996
0.093715429
0.094497681
0.093872547
0.095216274
0.094541550
0.094491959
0.089619637
0.094763994
0.093392134
0.095021963
0.094590664
0.094537020
0.094490051
0.095064878
0.095365286
0.090262175
0.095364571
0.095422983
0.094944954
0.095097303
0.095520020
0.095178604
0.095022917
0.094868422
0.091094732
0.095325708
0.095261812
0.094509602
0.094478607
0.094605207
0.096169710
0.095874548
0.095751286
0.090531111
0.094612360
0.093312025
0.095506430
0.095306873
0.095074892
0.095214605
0.096035480
0.096038342
0.090850592
0.096464396
0.095755816
0.095406055
0.095793009
0.096038580
0.095727921
0.095480442
0.095112324
0.090314627
0.095797539
0.094192505
0.095271111
0.097102642
0.096491814
0.096334457
0.095810413
0.095834732
0.090831518
0.096506834
0.095808029
0.095355749
0.095331907
0.096299171
0.095723391
0.095848560
0.095693111
0.090921164
0.096390963
0.094987631
0.095327139
0.096248388
0.095765829
0.095830917
0.095752239
0.097004175
0.091584444
0.096687794
0.095761061
0.096063614
0.095768690
0.095769405
0.095691919
0.095717907
0.095727444
0.091010809
0.096951723
0.096386194
0.095735550
0.095738173
0.095765352
0.097013474
0.096388578
0.096389294
0.091111660
0.096201897
0.095558405
0.097051620
0.096363544
0.096461296
0.096422195
0.096581459
0.096437693
0.091451406
0.096942186
0.096324205
0.095693350
0.095773458
0.095844030
0.097321510
0.096351624
0.096395254
0.091397285
0.096304655
0.095305443
0.096429348
0.095981121
0.097173452
0.096461773
0.096411705
0.096450329
0.091481924
0.097258091
0.096450567
0.095867395
0.097087383
0.096323490
0.096468449
0.096332550
0.096504211
0.091472626
0.096320152
0.095411777
0.097087860
0.096359730
0.096447945
0.096309900
0.096486807
0.096499681
0.091435909
0.100625277
0.096436262
0.096031666
0.097058058
0.096482038
0.096461535
0.096282959
0.096432209
0.090981245
0.098331690
0.097161055
0.097050190
0.096620321
0.097719908
0.097039700
0.097049952
0.096399546
0.091464520
0.096584320
0.095442295
0.096075296
0.097036362
0.096431017
0.096452713
0.096511364
0.096411228
0.091545105
0.097596407
0.096508980
0.096111536
0.096568346
0.096933126
0.097043276
0.097455502
0.096832037
0.091253042
0.095659971
0.094632149
0.096820116
0.096573591
0.096310854
0.096453428
0.096329451
0.096430779
0.091959953
0.097833395
0.096401930
0.095972300
0.096931458
0.096552849
0.096338272
0.096453190
0.096399546
0.091531277
0.095204830
0.094074249
0.097078323
0.097183943
0.097037315
0.096686363
0.096339464
0.096545696
0.091494322
0.097749472
0.096472025
0.095799923
0.096902132
0.096519709
0.096482277
0.096509933
0.097016573
0.092524767
0.095063210
0.094088078
0.097426653
0.097192764
0.097146511
0.096646070
0.096438646
0.096007824
0.091339827
0.097062349
0.096376896
0.095949411
0.095874786
0.095859289
0.096820354
0.096652985
0.096423149
0.091443062
0.095133305
0.094183922
0.096907616
0.096510410
0.096282959
0.095921755
0.096769333
0.096625566
0.091431856
0.096354246
0.095872641
0.095335960
0.096301794
0.096174002
0.095731020
0.095773935
0.095697403
0.090865374
0.094582796
0.093517780
0.096332550
0.096534491
0.096004963
0.095354319
0.095922470
0.096040964
0.090880632
0.096326113
0.095718145
0.095336199
0.095916986
0.096044302
0.095856428
0.095838547
0.095728636
0.090911388
0.095411777
0.094207287
0.095478058
0.095954418
0.095699072
0.095831633
0.095866442
0.095851421
0.090979576
0.096366405
0.095689535
0.095566511
0.095103502
0.095195293
0.095079899
0.095166206
0.095019341
0.091347218
0.096538782
0.095146894
0.094517708
0.095844746
0.095268965
0.095179558
0.095076084
0.095071554
0.090242147
0.094714165
0.093456745
0.095652342
0.095931292
0.095794439
0.095360756
0.095823765
0.096024752
0.090883493
0.095490456
0.095471382
0.094877005
0.095163107
0.095547199
0.095128298
0.095121861
0.095218182
0.090274811
0.096352339
0.094543934
0.093990803
0.095675468
0.095160007
0.095142603
0.095264435
0.095082998
0.089928865
0.094484329
0.093419313
0.094906330
0.095461130
0.095098734
0.095190763
0.095196009
0.095392704
0.090191603
0.095527411
0.095322609
0.094904423
0.094471931
0.094606400
0.094635963
0.095671415
0.094996452
0.090439558
0.095716476
0.095140457
0.094695807
0.094642162
0.094553947
0.095643044
0.095248699
0.095158815
0.090054035
0.095163822
0.093528748
0.095135927
0.095377684
0.095135212
0.094917774
0.094495296
0.094484568
0.089754820
0.095794439
0.095357895
0.094998837
0.094538450
0.094562531
0.094646931
0.095751286
0.095166683
0.090271711
0.095889568
0.094542980
0.094037533
0.095667839
0.095238924
0.095123291
0.094658136
0.095316410
0.090519905
0.094488859
0.093374491
0.095347643
0.095300198
0.095096588
0.094823837
0.094528198
0.094544649
0.089864492
0.095279694
0.095161200
0.094755411
0.094354868
0.094986439
0.094553947
0.094498396
0.094524384
0.089828014
0.096401930
0.094447613
0.093782187
0.095745087
0.095221758
0.095210552
0.094622612
0.095163107
0.090532064
0.094609261
0.093573332
0.094869614
0.095308542
0.095068932
0.094878674
0.094568253
0.094418764
0.089777470
0.094938755
0.094352484
0.095090151
0.094573498
0.094444513
0.094446898
0.094500780
0.094611645
0.090549469
0.096005440
0.095396757
0.094825029
0.094407558
0.094584942
0.094519138
0.094550133
0.094864130
0.090803385
0.094168663
0.094223738
0.094459295
0.094959974
0.094345331
0.094643831
0.094464302
0.094585180
0.089706898
0.094609737
0.093431473
0.095010757
0.094660521
0.095620871
0.095332623
0.095206976
0.094853640
0.090231895
0.095703125
0.094824076
0.094142199
0.094706774
0.094774008
0.095255136
0.095647812
0.095214128
0.090360165
0.094679356
0.095191717
0.094579935
0.094479084
0.094034195
0.094934225
0.094672918
0.094548941
0.089656830
0.094535351
0.093446016
0.094281912
0.095110893
0.094570398
0.094561577
0.094631672
0.094866276
0.089701891
0.094826460
0.094282389
0.095072985
0.094484806
0.094604969
0.094587803
0.094556093
0.094520330
0.089934111
0.095601559
0.095314980
0.094759464
0.095446587
0.095448494
0.095165253
0.095023394
0.094757795
0.090845346
0.095481873
0.094414711
0.094541550
0.095706224
0.095145226
0.095019341
0.094510317
0.095502138
0.090493917
0.094365835
0.093433619
0.095786810
0.095210075
0.095059395
0.094572544
0.095498562
0.095331430
0.090305567
0.095806122
0.095505953
0.094916105
0.094526529
0.094661236
0.094549417
0.094533443
0.095027208
0.090914488
0.096240759
0.094550848
0.093995094
0.095139503
0.094455481
0.094627142
0.094627380
0.095638037
0.090416908
0.094789743
0.093338728
0.094771624
0.094995975
0.094603300
0.094567537
0.095162630
0.095463991
0.090304852
0.095856905
0.095380306
0.094817400
0.094607592
0.094535589
0.094790697
0.095608234
0.095194101
0.090291500
0.095211983
0.094516277
0.094048262
0.095118761
0.094558477
0.094527245
0.094506264
0.095249414
0.090563297
0.094285965
0.093651533
0.094802380
0.095437765
0.095107079
0.095180035
0.095097780
0.095131636
0.090208054
0.094991684
0.094187975
0.095752001
0.095212221
0.095147371
0.094519615
0.095695734
0.095276356
0.090325594
0.096749067
0.094848871
0.094056845
0.095406294
0.095281363
0.095147371
0.095087290
0.095110893
0.090431213
0.094191074
0.093476772
0.094384432
0.095489740
0.095228672
0.095156908
0.095363855
0.095224619
0.090253353
0.094882727
0.094496250
0.095754147
0.095184803
0.095237255
0.095217228
0.095112562
0.095257998
0.090445995
0.096101999
0.094543457
0.094048738
0.095473528
0.095341206
0.095115662
0.095180273
0.095107317
0.090335369
0.096057177
0.095006227
0.095231533
0.095709562
0.095202684
0.095398664
0.095173836
0.095349789
0.089791536
0.094641209
0.093629360
0.095678806
0.095138550
0.095140219
0.095201015
0.095289230
0.095091343
0.090366364
0.095825434
0.095426798
0.094671011
0.095531464
0.095458984
0.095381498
0.095031261
0.095135450
0.090333462
0.095352888
0.094271898
0.094357729
0.095867157
0.095172882
0.095054150
0.094585180
0.095684290
0.090328455
0.094326973
0.093554258
0.095095873
0.094576120
0.095685482
0.095310926
0.095089436
0.094671249
0.090840816
0.096566200
0.094791174
0.094302654
0.095075369
0.095425129
0.095040798
0.094956636
0.095005989
0.090785027
0.095675707
0.094403982
0.094178915
0.095911264
0.095079422
0.095155716
0.094503403
0.095739365
0.090342760
0.094548941
0.093385696
0.095659494
0.095456600
0.095202684
0.095210552
0.095222235
0.095060110
0.090452194
0.096023083
0.096162319
0.095488071
0.095255613
0.095137835
0.095255375
0.094983101
0.095170975
0.090197086
0.095772982
0.095144987
0.094660282
0.094643354
0.094586849
0.095849276
0.095337391
0.095093012
0.090304375
0.094414473
0.093444824
0.095183372
0.095332146
0.095196247
0.095100403
0.095107079
0.095221996
0.090325832
0.095959663
0.095293522
0.095140696
0.094978094
0.095712423
0.095186710
0.095330000
0.094517708
0.090914726
