0.898335934
0.896153212
0.888986111
0.886066437
0.887010813
0.884369373
0.892787933
0.897857189
0.898132324
0.898242235
0.887042999
0.886478662
0.887670755
0.903800011
0.888128042
0.885318518
0.885504007
0.893507004
0.899343729
0.895862579
0.908231020
0.899268150
0.910085917
0.919899940
0.906232834
0.906506777
0.923223972
0.919255257
0.912085533
0.918433428
0.912610769
0.917259693
0.921763659
0.914770603
0.917620897
0.925375462
0.925662756
0.941571712
0.912049055
0.927593946
0.914119244
0.913802385
0.912421465
0.916889906
0.913468122
0.918721914
0.919983149
0.927076817
0.906246662
0.910846472
0.907047033
0.903903484
0.914375305
0.902667284
0.915641069
0.905675650
0.908891201
0.907510042
0.912405252
0.905828476
0.908950329
0.923714399
0.900435209
0.915235519
0.913898706
0.897009611
0.899656534
0.903278112
0.900405169
0.902284622
0.911450863
0.899403811
0.899660110
0.899437666
0.902963877
0.903853893
0.905001879
0.903523207
0.914674997
0.918921947
0.905237198
0.898262024
0.897847652
0.911735773
0.907880783
0.908004761
0.902260780
0.901458740
0.912346840
0.911794662
0.908213377
0.912967205
0.901001453
0.903379440
0.905207872
0.900363207
0.912533045
0.900246859
0.905869722
0.905326366
