0.022063732
0.021922112
0.021797180
0.021643877
0.021731853
0.021647215
0.021654606
0.021617889
0.021556616
0.021533251
0.021538019
0.021523237
0.021542311
0.021855116
0.021888971
0.021867037
0.021894217
0.021847486
0.021782637
0.021763563
0.021775484
0.021806955
0.021744967
0.021900177
0.021768808
0.021771669
0.021759987
0.021801472
0.021758556
0.021764517
0.021763325
0.021782160
0.021758318
0.021767855
0.021755219
0.021763086
0.021773577
0.021749496
0.021764517
0.021763325
0.021761894
0.021768093
0.021767616
0.021774769
0.021777868
0.021802187
0.021767378
0.021773577
0.021794558
0.021816730
0.021783113
0.021759748
0.021764517
0.021762133
0.021980524
0.021767139
0.021776676
0.021757364
0.021752119
0.021764994
0.021774769
0.021810055
0.021778822
0.021793365
0.021763802
0.021773338
0.021753788
0.021735668
0.021770954
0.021788120
0.021816492
0.021790266
0.021763563
0.021789312
0.021772385
0.021768332
0.021773577
0.021849394
0.021841526
0.021791458
0.021776915
0.021764040
0.021763563
0.021782875
0.021754742
0.021807909
0.021786451
0.021800280
0.021770000
0.021773338
0.021755219
0.021780729
0.021775007
0.021789312
0.021768332
0.021766901
0.021741629
0.021766424
0.021751881
0.021738052
