0.019981384
0.003666639
0.003639221
0.003637791
0.015836716
0.005339861
0.003662825
0.003656864
0.003637314
0.002767324
0.006033421
0.003682375
0.003647566
0.003671885
0.002768517
0.005409002
0.003655195
0.003628731
0.003633261
0.002763271
0.005151510
0.003648281
0.003640890
0.003632784
0.002793312
0.005396366
0.003684044
0.003644228
0.003633738
0.002786160
0.004990101
0.003646135
0.003660202
0.003647089
0.002810478
0.005219936
0.003650188
0.003775835
0.003685951
0.002775192
0.005237103
0.003637791
0.003627062
0.003640175
0.002824783
0.005017042
0.003640413
0.003830194
0.003650427
0.002760649
0.005293369
0.003659725
0.003639460
0.003627300
0.002767801
0.005341530
0.003675938
0.003668308
0.003661633
0.002813101
0.005408049
0.003651381
0.003695965
0.003692865
0.002763510
0.005368948
0.003654480
0.003734589
0.003630638
0.002776384
0.005228996
0.003648281
0.003637552
0.003654957
0.002781868
0.005406141
0.003659248
0.003775120
0.003655195
0.002944469
0.005422115
0.003646135
0.003649950
0.003648520
0.002788544
0.005224228
0.003661871
0.003690243
0.003660440
0.002816200
0.005088806
0.003659964
0.003647327
0.003635645
0.002790928
0.005184174
0.003676891
0.003661156
0.003634453
0.002779007
0.005298615
0.003652811
0.003649950
0.003651619
0.002810240
0.005228519
0.003670692
0.003668547
0.003649950
0.002830029
0.005379200
0.003675461
0.003675461
0.003663301
0.002961159
0.005295277
0.003672838
0.003736258
0.003665686
0.002892494
0.005641222
0.003675938
0.003695488
0.003664970
0.002799511
0.005380869
0.003693581
0.003818035
0.003666639
0.002792120
0.005226374
0.003681898
0.003678322
0.003641129
0.002789736
0.005215168
0.003654718
0.003648520
0.003633499
0.002771616
0.005376816
0.003668547
0.003671885
0.003659725
0.002778769
0.005223036
0.003655672
0.003656387
0.003618717
0.002784967
0.005220175
0.003700256
0.003723145
0.003667355
0.002927542
0.005203724
0.003649473
0.003839970
0.003614426
0.002907515
0.005318165
0.003633261
0.003834248
0.003635883
0.002773046
0.005149364
0.003635406
0.003631353
0.003630161
0.002850056
0.004984856
0.003649712
0.003714800
0.003622055
0.002863884
0.005293846
0.003631830
0.003641844
0.003627777
0.002775431
0.005295277
0.003648043
0.003637314
0.003642559
0.002774954
0.005236387
0.003639936
0.003633499
0.003620863
0.002764225
0.005411863
0.003638744
0.003639221
0.003631115
0.002947569
0.005376101
0.003635406
0.003654480
0.003615618
0.002766371
0.005176306
0.003672361
0.003707170
0.003636837
0.002770185
0.005182505
0.003643036
0.003693819
0.003657818
0.002847433
0.005196810
0.003651619
0.003783703
0.003632307
0.002761841
0.005152225
0.003642559
0.003635406
0.003626347
0.002907515
0.005308628
0.003664494
0.003687620
0.003643751
0.002814293
0.005171061
0.003639936
0.003642559
0.003628492
0.002778053
0.005125999
0.003630877
0.003664970
0.003680706
0.002780914
0.005285501
0.003641367
0.003632545
0.003628492
0.002848625
0.005460501
0.003626823
0.003792048
0.003630877
0.002944708
0.005017519
0.003652096
0.003643751
0.003620625
0.002769947
0.004912615
0.003630400
0.003628492
0.003626347
0.002757549
0.005168200
0.003647089
0.003646851
0.003655672
0.002814293
0.005929708
0.003899574
0.003813028
0.003843069
0.002779961
0.005076408
0.003649950
0.003777027
0.003621578
0.002836943
0.005292892
0.003711462
0.003641605
0.003608465
0.002778292
0.005242825
0.003640652
0.003643036
0.003683329
0.002775431
0.005123138
0.003633976
0.003644943
0.003617048
0.002768755
0.005316019
0.003647089
0.003696203
0.003621578
0.002765179
0.005050182
0.003648758
0.003661394
0.003620625
0.002768993
0.005016327
0.003653049
0.003655195
0.003634930
0.002783298
0.005330801
0.003656149
0.003652811
0.003626585
0.002758503
0.005426884
0.003638744
0.003624201
0.003633499
0.002760887
0.004949331
0.003638744
0.003668547
0.003675222
0.002856016
0.005138874
0.003667116
0.003844976
0.003624678
0.002785444
0.005101204
0.003662348
0.003779650
0.003652811
0.002788782
0.005295753
0.003643990
0.003661156
0.003623962
0.002781153
0.005298615
0.003658772
0.003750086
0.003625393
0.002751589
0.005298853
0.003641367
0.003627539
0.003621817
0.002761841
0.005076885
0.003642321
0.003622293
0.003616095
0.002754927
0.005339622
0.003637552
0.003644943
0.003624678
0.002777815
0.005169868
0.003645420
0.006989479
0.003619432
0.002778769
0.005414486
0.003633976
0.003788948
0.003635168
0.002809048
0.005331993
0.003648758
0.003638983
0.003629923
0.002781391
0.006188393
0.003885984
0.003788233
0.003657341
0.002788305
0.005028486
0.003663063
0.003763437
0.003633022
0.002858162
0.005465269
0.003639221
0.003636837
0.003641129
0.002768993
0.005293846
0.003641844
0.003823519
0.003630400
0.002774239
0.005236149
0.003674984
0.003741503
0.003633261
0.002773762
0.005392313
0.003628969
0.003729820
0.003643751
0.002767801
0.005303383
0.003660917
0.003649712
0.003622532
0.002793789
0.005169153
0.003658295
0.003639936
0.003628969
0.002769709
0.005241156
0.003639698
0.003648043
0.003630877
0.002778292
0.004790783
0.003637075
0.003653765
0.003636837
0.002783298
0.004963875
0.003648281
0.003705263
0.003641367
0.002809286
0.005615234
0.003709793
0.003638983
0.003635883
0.002770901
0.005035877
0.003652811
0.003702879
0.003635406
0.002781153
0.005379677
0.003652573
0.003635645
0.003642797
0.002816916
0.005440235
0.003685713
0.003781796
0.003625631
0.002784967
0.005174398
0.003667355
0.003644705
0.003641129
0.002775908
0.005450487
0.003669739
0.003757477
0.003641605
0.002775431
0.006257296
0.003891468
0.003784657
0.003654718
0.002820492
0.005327225
0.003646851
0.003692865
0.003646612
0.002823353
0.005373478
0.003663778
0.003656864
0.003645420
0.002909422
0.005353928
0.003649235
0.003649235
0.003645420
0.002791166
0.006203890
0.003907442
0.003833294
0.003737211
0.002804518
0.005159855
0.003669739
0.003728390
0.003653526
0.002807379
0.005236864
0.003660917
0.003738880
0.003633976
0.002784014
0.005373240
0.003682375
0.003683329
0.003662109
0.002894402
0.005239010
0.003694773
0.003829241
0.003635883
0.002765417
0.005263805
0.003653288
0.003685713
0.003647089
0.002783060
