0.106826067
0.078274965
0.080749273
0.079664469
0.080211163
0.079904079
0.078577518
0.081928253
0.077149630
0.077687263
0.079180002
0.081602812
0.078393459
0.080447197
0.078673840
0.077908039
0.081100702
0.081328869
0.077103138
0.079707384
0.078741074
0.078956604
0.078444719
0.079687834
0.078417063
0.079522610
0.079385042
0.083617210
0.081178427
0.080111504
0.081269979
0.080786943
0.077887535
0.078387737
0.079397678
0.078115463
0.079155207
0.078677177
0.078528881
0.077910900
0.079292297
0.079136610
0.080326557
0.078676224
0.080929041
0.079887629
0.084622383
0.079320669
0.079486132
0.078942299
0.079524040
0.079260349
0.080386877
0.078115225
0.079500198
0.080142975
0.078917742
0.080338001
0.079173326
0.081433058
0.079360723
0.078361034
0.085444450
0.077170849
0.079402924
0.077417135
0.078895569
0.079011440
0.080500364
0.079647541
0.081847668
0.078498840
0.077549934
0.081673145
0.079970121
0.079383373
0.079799891
0.077480316
0.078093529
0.080583572
0.079792500
0.079596758
0.081329584
0.080682993
0.080106020
0.081192493
0.080374002
0.081362247
0.079785585
0.077892065
0.082575321
0.079583883
0.076492310
0.077776194
0.080380678
0.077482700
0.080022812
0.079958677
0.077526569
0.079460144
