0.001690626
0.001086712
0.003031731
0.001111269
0.001159668
0.001054764
0.001073122
0.001051903
0.001054525
0.001037359
0.001061201
0.001034021
0.001060247
0.001056194
0.001053572
0.001040459
0.001051426
0.001046896
0.001068115
0.001043558
0.001049280
0.001044750
0.001075745
0.001040459
0.001066685
0.001056671
0.001077890
0.001057386
0.001041889
0.001048326
0.001101732
0.001044512
0.001099348
0.001064062
0.001106977
0.001045942
0.001128197
0.001039267
0.001104355
0.001050949
0.001083374
0.001042843
0.001125097
0.001049757
0.001112461
0.001046658
0.001093388
0.001042128
0.001085758
0.001074791
0.001097679
0.001044989
0.001086473
0.001033068
0.001078606
0.001043558
0.001082182
0.001061201
0.001082897
0.001060724
0.001067400
0.001057148
0.001058817
0.001060486
0.001073837
0.001042604
0.001074791
0.001074791
0.001081944
0.001055956
0.001068354
0.001033306
0.001073360
0.001038074
0.001069546
0.001041889
0.001075506
0.001063824
0.001065493
0.001050949
0.001062393
0.001045465
0.001059294
0.001056671
0.001101494
0.001041889
0.001083374
0.001036406
0.001053333
0.001036644
0.001077652
0.001064539
0.001064777
0.001043081
0.001075745
0.001044035
0.001070976
0.001044273
0.001067638
0.001038790
0.001072884
0.001040220
0.001096010
0.001037836
0.001061916
0.001044750
0.001078844
0.001052141
0.001054287
0.001067400
0.001091003
0.001043320
0.001073837
0.001048565
0.001068115
0.001083851
0.001072645
0.001052618
0.001082659
0.001086473
0.001085520
0.001048088
0.001080275
0.001052856
0.001076937
0.001052856
0.001100063
0.001049519
0.001091957
0.001052856
0.001091003
0.001048565
0.001086473
0.001043797
0.001085043
0.001054764
0.001093626
0.001047850
0.001088619
0.001065731
0.001082182
0.001051664
0.001091242
0.001061201
0.001086473
0.001042843
0.001087904
0.001049042
0.001093626
0.001055717
0.001104116
0.001048326
0.001092911
0.001046658
0.001085281
0.001044035
0.001133442
0.001062393
0.001127720
0.001067162
0.001091957
0.001075268
0.001052856
0.001066685
0.001081228
0.001062155
0.001092196
0.001084328
0.001102924
0.001062870
0.001155615
0.001047373
0.001109123
0.001071930
0.001109362
0.001076937
0.001086712
0.001065731
0.001097679
0.001058817
0.001141310
0.001070499
0.001061916
0.001047134
0.001056194
0.001044512
0.001057863
0.001036167
0.001087427
0.001097918
0.001081944
0.001101732
0.001080036
0.001072884
0.001077652
0.001049280
0.001080275
0.001050949
0.001094818
0.001048326
0.001085043
0.001052856
0.001052380
0.001057386
0.001062155
0.001048565
0.001050472
0.001058340
0.001073599
0.001061201
0.004276514
0.001189709
0.001059055
0.001047373
0.001081705
0.001066208
0.001093864
0.001064062
0.001104832
0.001066685
0.001110554
0.001069069
0.001117468
0.001073122
0.001131773
0.001079082
0.001111269
0.001095533
0.001087666
0.001087904
0.001155853
0.001073837
0.001123667
0.001088381
0.001077890
0.001103163
0.001096010
0.001090050
0.001093149
0.001085281
0.001097202
0.001096964
0.001094580
0.001087666
0.001086473
0.001098156
0.001095772
0.001096010
0.001101494
0.001086712
0.001091480
0.001094341
0.001090527
0.001090527
0.001090765
0.001131296
0.001078129
0.001149654
0.001077414
0.001154184
0.001076221
0.001107454
0.001079082
0.001105547
0.001071692
0.001109600
0.001057863
0.001104832
0.001058817
0.001143217
0.001060724
0.001091719
0.001060724
0.001113415
0.001066446
0.001152515
0.001058578
0.001123190
0.001064539
0.001145840
0.001065254
0.001082659
0.001052856
0.001099825
0.001063585
0.001068592
0.001058102
0.001062870
0.001058340
0.001078606
0.001073122
0.001062870
0.001068115
0.001048088
0.001062632
0.001061201
0.001084089
0.001055956
0.001117229
0.001047850
0.001077175
0.001054525
0.001116991
0.001059055
0.001085520
0.001044750
0.001082182
0.001043320
0.001121759
0.001077175
0.001075983
0.001041889
0.001080275
0.001052380
0.001068115
0.001049519
0.001052856
0.001042366
0.001055479
0.001059294
0.001056671
0.001088858
0.001101017
0.001060486
0.001070738
0.001058578
0.001093388
0.001049757
0.001074553
0.001051664
0.001066923
0.001035690
0.001087189
0.001030445
0.001147509
0.001072407
0.001081705
0.001042366
0.001065254
0.001067638
0.001074314
0.001061201
0.001089573
0.001057148
0.001093149
0.001060247
0.001082420
0.001086235
0.001078367
0.001060009
0.001069784
0.001050472
0.001075506
0.001059532
0.001080513
0.001040697
0.001082182
0.001076460
0.001093149
0.001051188
0.001080513
0.001050234
0.001066685
0.001038313
0.001069069
0.001038790
0.001087189
0.001071930
0.001112223
0.001075029
0.001125097
0.001057863
0.001091957
0.001076698
0.001082182
0.001053095
0.001125574
0.001059055
0.001102924
0.001080513
0.001095533
0.001083612
0.001090050
0.001066923
0.001092434
0.001044512
0.001129866
0.001054287
0.001075983
0.001038790
0.001064777
0.001052856
0.001065493
0.001046896
0.001073122
0.001044750
0.001077890
0.001081705
0.001086473
0.001069784
0.001121283
0.001061916
0.001095533
0.001116276
0.001084566
0.001069546
0.001075506
0.001048326
0.001124620
0.001114845
0.001106262
0.001056433
0.001108885
0.001058578
0.001124620
0.001059532
0.001111269
0.001050711
0.001097202
0.001042366
0.001121759
0.001049519
0.001101255
0.001043797
0.001123667
0.001070976
0.001109600
0.001050234
0.001097679
0.001042366
0.001120329
0.001075983
0.001114130
0.001055717
0.001122475
0.001101732
0.001121521
0.001090765
0.001121283
0.001063585
0.001110554
0.001055717
0.001096249
0.001045227
0.001096487
0.001065016
0.001095295
0.001096487
0.001137972
0.001116991
0.001104355
0.001088619
0.001112223
0.001077414
0.001123428
0.001091003
0.001098394
0.001062155
0.001163244
0.001079082
0.001103640
0.001044512
0.001125097
0.001049042
0.001099110
0.001095057
0.001094580
0.001049757
0.001101494
0.001074791
0.001113176
0.001046419
0.001121283
0.001048088
0.001103163
0.001053095
0.001126528
0.001093149
0.001114130
0.001060724
0.001083374
0.001056433
0.001118183
0.001075268
0.001097202
0.001044035
0.001075983
0.001050234
0.001134634
0.001072168
0.001156807
0.001055956
0.001120090
0.001054287
0.001099348
0.001080751
0.001108885
0.001082420
0.001137018
0.001055717
0.001099586
0.001064301
0.001119137
0.001086235
0.001125574
0.001043558
0.001112461
0.001043081
0.001108646
0.001071692
0.001117706
0.001044750
0.001130581
0.001054049
0.001094103
0.001047850
0.001118898
0.001078129
0.001097679
0.001079798
0.001106501
0.001051903
0.001135826
0.001049519
0.001115322
0.001043558
0.001106739
0.001049519
0.001097918
0.001044750
0.001090288
0.001074791
0.001112700
0.001043558
0.001132250
0.001053095
0.001120567
0.001088142
0.001111507
0.001058102
0.001086712
0.001039982
0.001088142
0.001068830
0.001119852
0.001060247
0.001097202
0.001073360
0.001077414
0.001077414
0.001134634
0.001088858
0.001122475
0.001086712
0.001164913
0.001097202
0.001104355
0.001063347
0.001092672
0.001086950
0.001101732
0.001078844
0.001118660
0.001075506
0.001097441
0.001064777
0.001105785
0.001053572
0.001098871
0.001066923
0.001095295
0.001105070
0.001098633
0.001063108
0.001082659
0.001097202
0.001086712
0.001079798
0.001073837
0.001055479
0.001074314
0.001056194
0.001083136
0.001073360
0.001062632
0.001042843
0.001072884
0.001048803
0.001073122
0.001075029
0.001101494
0.001056433
0.001093388
0.001059055
0.001067877
0.001051426
0.001070499
0.001057386
0.001052856
0.001080036
