0.135074615
0.006582975
0.002486467
0.002819777
0.002254248
0.002064466
0.002182007
0.074663162
0.003703356
0.002184868
0.001565218
0.001437426
0.001542330
0.001218081
0.001487494
0.000756025
0.003580570
0.001755953
0.001574516
0.001832008
0.001636505
0.001209974
0.001216412
0.000836849
0.003677368
0.001595259
0.001566410
0.001513958
0.001238346
0.001201153
0.001194239
0.000750780
0.003376961
0.001469374
0.001543522
0.001539707
0.001261711
0.001220226
0.001215935
0.000745058
0.005451918
0.003481865
0.001502514
0.001660109
0.001872063
0.001211643
0.001202345
0.001016378
0.003302336
0.001729250
0.001570940
0.001699686
0.001215219
0.001221895
0.001215696
0.000899553
0.003374577
0.001486778
0.001629829
0.001299620
0.001284838
0.002547979
0.001747370
0.006725550
0.003221750
0.001411676
0.001427412
0.001964569
0.001407862
0.001200676
0.001211882
0.000907183
0.003623009
0.001541853
0.001645565
0.001642704
0.001209974
0.001199484
0.001204967
0.000657558
0.003710032
0.001990557
0.001463652
0.001515865
0.001229525
0.001209736
0.001212358
0.000669241
0.003829956
0.001470089
0.005020380
0.001639366
0.001217604
0.001207113
0.001211166
0.000927448
0.003861427
0.001995087
0.001647949
0.002119064
0.001220703
0.001212835
0.001235485
0.000698805
0.003539801
0.001413584
0.001257896
0.001410961
0.001315594
0.001233101
0.001221895
0.000751972
0.003332138
0.001473188
0.001609087
0.001543283
0.001223564
0.001209736
0.001199484
0.000653028
0.004756927
0.002374172
0.001719236
0.001375675
0.001234531
0.001199722
0.001214504
0.000658035
0.004004240
0.003544807
0.001371622
0.001441956
0.001562119
0.001202345
0.001204729
0.000665665
0.003399134
0.001364231
0.001477718
0.001659870
0.001522779
0.001202583
0.001195192
0.000752211
0.003351927
0.001738071
0.001556396
0.001695395
0.001216888
0.001200676
0.001214743
0.000939608
0.003391266
0.001423359
0.001402617
0.001427412
0.001217842
0.001188040
0.063576698
0.001694679
0.041507244
0.002123356
0.001311541
0.001240015
0.001266956
0.001203775
0.001201868
0.000905991
0.003632069
0.001352549
0.001274824
0.001669168
0.001219273
0.001202106
0.001211405
0.000661850
0.003641129
0.001510143
0.001360655
0.001468420
0.001266479
0.001213074
0.001215935
0.000660181
0.004521132
0.001466274
0.001448393
0.001537561
0.001217365
0.001195908
0.001214266
0.000658274
0.003488541
0.001375198
0.001276731
0.002179861
0.001212120
0.001208067
0.001200914
0.000657082
0.003403902
0.001539469
0.001543522
0.001530886
0.001242876
0.001220226
0.001228333
0.000751734
0.004159451
0.001357317
0.002076864
0.001466990
0.001220226
0.001265764
0.001228571
0.000761747
0.003852129
0.001693726
0.001347780
0.001665831
0.001253128
0.001237392
0.001222134
0.000739574
0.003057957
0.001542568
0.001457453
0.001563072
0.001199245
0.001198292
0.001198530
0.000653744
0.003419399
0.002590895
0.001234055
0.001262903
0.001207590
0.001211643
0.001208782
0.000638962
0.003323793
0.001500130
0.001564264
0.001601696
0.001202106
0.001223564
0.001250744
0.000694036
0.003704548
0.001522303
0.001412630
0.001703024
0.001224995
0.001205683
0.001190662
0.000678778
0.003463507
0.001359701
0.001368284
0.001359940
0.001218319
0.001209259
0.001205444
0.000654221
0.003829002
0.001578808
0.001396656
0.001349688
0.001267195
0.001228571
0.001214743
0.000755787
0.003119946
0.001567364
0.001537561
0.001555681
0.001222610
0.001211882
0.001213551
0.000670433
0.003404379
0.001487017
0.001578331
0.001485825
0.001214504
0.001209974
0.001208305
0.000647068
0.004294157
0.001433134
0.001339912
0.001333237
0.001221418
0.001209021
0.001202345
0.000645638
0.003429651
0.001513720
0.001318693
0.001264095
0.001228809
0.001207590
0.001198530
0.000648737
0.003407717
0.001657963
0.001708746
0.001481771
0.001272917
0.001227379
0.001222134
0.000732899
0.003658056
0.001645088
0.001589775
0.001561880
0.001215219
0.001207352
0.001209259
0.000746727
0.003688574
0.001399040
0.001260042
0.001265764
0.001246929
0.001210451
0.001212358
0.000652313
0.003416777
0.001556635
0.001524448
0.001272440
0.001248598
0.001205921
0.001210213
0.000642776
0.003170490
0.001510382
0.001484394
0.001526594
0.001213074
0.001208067
0.001215219
0.000767469
0.002816916
0.002384186
0.001592398
0.001492977
0.001213789
0.001209259
0.001203060
0.000639200
0.003600597
0.001685619
0.001606941
0.001574039
0.001218081
0.001207829
0.001210213
0.000644445
0.003373623
0.001451492
0.001257896
0.001281261
0.001227140
0.001202345
0.001191378
0.000653744
0.003089905
0.001599312
0.001378059
0.001264334
0.001217365
0.001211882
0.001202583
0.000871420
0.003240347
0.001487255
0.001432419
0.001538754
0.001200199
0.001199961
0.001202345
0.000653028
0.003355980
0.001515388
0.001500845
0.001477480
0.001217127
0.001211643
0.001219034
0.000764847
0.003635645
0.001465797
0.001760483
0.001680374
0.001216412
0.001198530
0.001195192
0.000651836
0.003647327
0.001650810
0.001548290
0.001529217
0.001215219
0.001205206
0.001222372
0.000657558
0.003031492
0.001590252
0.001350164
0.001225233
0.001222134
0.001197338
0.001210451
0.000657082
0.003330946
0.001711130
0.001410723
0.001474857
0.001221895
0.001208782
0.001214504
0.000647545
0.003545046
0.001668930
0.001555443
0.001670837
0.001271248
0.001202822
0.001194000
0.000661135
0.003364086
0.001868010
0.001691580
0.001473904
0.001226664
0.001212358
0.001212597
0.000663996
0.003422022
0.001609802
0.001501560
0.001458406
0.001303673
0.001220465
0.001210690
0.000751257
0.003400564
0.001537561
0.001466274
0.001526833
0.001210690
0.001213789
0.001200676
0.000635147
0.003654957
0.001831770
0.001439095
0.001645803
0.001252890
0.001211882
0.001220703
0.000736475
0.003647327
0.001765251
0.001557827
0.001483440
0.001430273
0.001239061
0.001230240
0.000766039
0.003572226
0.001461029
0.001619577
0.001577616
0.001248360
0.001218319
0.001384497
0.000805140
0.003573656
0.001475334
0.001434326
0.001537800
0.001253605
0.001211166
0.001214027
0.000720739
0.003629923
0.001507044
0.001614094
0.001585245
0.001240730
0.001218319
0.001210928
0.000740051
0.003958225
0.001536846
0.001480341
0.001527071
0.001210451
0.001210928
0.001213551
0.000659466
0.003442287
0.001406431
0.001292944
0.001510143
0.001261950
0.001214504
0.001200199
0.000674248
0.003180027
0.001489162
0.001489162
0.001529455
0.001277685
0.001250982
0.001210690
0.000671864
0.003207922
0.001533508
0.001337528
0.001362801
0.001228333
0.001201391
0.001207113
0.000645399
0.003465176
0.001474380
0.001413345
0.001462698
0.001231909
0.001204729
0.001209974
0.000780344
0.003503084
0.001379728
0.001327276
0.001416445
0.001221657
0.001208067
0.001198530
0.000642061
0.003836632
0.001458883
0.001282215
0.001495361
0.001215219
0.001205206
0.001214504
0.000638723
0.003344536
0.001721144
0.001559019
0.001484156
0.001227856
0.001207829
0.001204967
0.000674486
0.003684282
0.001669407
0.001658916
0.001573086
0.001212597
0.001212358
0.001214981
0.000640154
0.003366470
0.001602650
0.001442194
0.001364231
0.001282930
0.001236439
0.001217604
0.000768185
0.003296852
0.001431465
0.001487255
0.001579762
0.001220703
0.001206636
0.001210451
0.000661373
0.003869772
0.001510382
0.001547098
0.001621962
0.001229525
0.001197338
0.001210928
0.000735998
0.004034042
0.001547813
0.001435041
0.001594543
0.001214266
0.001208544
0.001203299
0.000730038
0.003397703
0.001673222
0.001343012
0.001250505
0.001217842
0.001202345
0.001201630
0.000643015
0.003398180
0.001348019
0.001638174
0.001571417
0.001207352
0.001214504
0.001204014
0.000662088
0.003284693
0.001544952
0.001275778
0.001547337
0.001221180
0.001206160
0.001200676
0.000644684
0.003445148
0.001394987
0.001343250
0.001805305
0.001306057
0.001213789
0.001200676
0.000703573
0.003560305
0.001487494
0.001543522
0.001533747
0.001219273
0.001208544
0.001204729
0.000646114
0.003048658
0.001799583
0.001302481
0.001505136
0.001212358
0.001201630
0.001212597
0.000661135
0.003437281
0.001586437
0.001639605
0.001513958
0.001241207
0.001210213
0.001202822
0.000696659
0.003437996
0.001494408
0.001252413
0.001358032
0.001206398
0.001205206
0.001206875
0.000652075
0.003173590
0.001641989
0.001496315
0.001494884
0.001213074
0.001191378
0.001193762
0.000645876
0.003397465
0.001350403
0.001513481
0.001402855
0.001218081
0.001201391
0.001239061
0.000674725
0.003747463
0.001520157
0.001425266
0.001490831
0.001210451
0.001210213
0.001203299
0.000642538
0.003273487
0.001444101
0.001560926
0.001589060
0.001208067
0.001200676
0.001198769
0.000633240
0.003079891
0.001510859
0.001310825
0.001258135
0.001230001
0.001202822
0.001204967
0.000643015
0.003425121
0.001334190
0.001551867
0.001507521
0.001210690
0.001206160
0.001213789
0.000648975
0.003262043
0.001493454
0.001266718
0.001422882
0.001221180
0.001211405
0.001206875
0.000658035
0.003865719
0.001578569
0.001799345
0.001451015
0.001234770
0.001212597
0.001205206
0.000731945
0.003284693
0.001538992
0.001306295
0.001310110
0.001259565
0.001232624
0.001212597
0.000752449
0.003469944
0.001638889
0.001563787
0.001505375
0.001209974
0.001203060
0.001202106
0.000686884
0.003111124
0.001633883
0.001528263
0.001378775
0.001293182
0.001232147
0.001213312
0.000749826
0.003768206
0.001512766
0.001313686
0.001482010
0.001221657
0.001213789
0.001217127
0.000654221
0.003612280
0.001550198
0.001443863
0.001508713
0.001217127
0.001197577
0.001205206
0.000665665
0.003572226
0.001413822
0.001257658
0.001278877
0.001221895
0.001209259
0.001224756
0.000860214
0.003954887
0.001376390
0.001401901
0.001469374
0.001210213
0.001211405
0.001199961
0.000635862
0.004913092
0.001512289
0.001438141
0.001808643
0.001276970
0.001263142
0.001227617
0.000818491
0.003363848
0.001547813
0.001679897
0.001640081
0.001245975
0.001211166
0.001202583
0.000674248
