2.488625526
0.829152822
0.853139877
0.855470657
0.825936794
0.832813025
0.795381069
0.846010208
0.787966251
0.892717838
0.847074747
0.834061623
0.861895323
0.783906221
0.826810598
0.902456999
0.862123966
0.813198566
0.819777727
0.900764704
0.871476889
0.849436045
0.846934795
0.832928181
0.844853163
0.829124212
0.851269960
0.805517435
0.830744505
0.834438086
0.828537703
0.807645559
0.839272976
0.829545021
0.807045698
0.839947701
0.835348368
0.833399534
0.824021101
0.837245941
0.857351065
0.838616133
0.853200436
0.816844463
0.830213785
0.841292381
0.847531796
0.836160898
0.757934809
0.841345072
0.832001209
0.817071199
0.808359623
0.819067240
0.814214230
0.855432272
0.792892218
0.801314831
0.887506485
0.815027475
0.847280025
0.859809399
0.835005283
0.819304228
0.766825914
0.832010269
0.798074245
0.813642740
0.804446936
0.792299509
0.776174068
0.797162056
0.773658276
0.861449480
0.812582493
0.860613585
0.838289261
0.850597382
0.842594147
0.783694267
0.867580652
0.838346720
0.770422935
0.825613499
0.847778559
0.862616301
0.844249487
0.845871925
0.855798483
0.836192608
0.861486435
0.794259548
0.842218876
0.828617811
0.847091675
0.840667725
0.851839781
0.823282957
0.838498354
0.881705999
