0.001671314
0.000503302
0.000380278
0.000367641
0.000437737
0.000465631
0.000365257
0.000401258
0.000380754
0.000369787
0.000434399
0.000367165
0.000367165
0.000370979
0.000452518
0.000387430
0.000473022
0.000373840
0.000397682
0.000400305
0.000412941
0.000380993
0.000422955
0.000370026
0.000383139
0.000371218
0.000385046
0.000443220
0.000378370
0.000370979
0.000361443
0.000371456
0.000416040
0.000372648
0.000360012
0.000370264
0.000459433
0.000382423
0.000495195
0.000368834
0.000384092
0.000366688
0.000416517
0.000367165
0.000443697
0.000374556
0.000411510
0.000405550
0.000451088
0.000379801
0.000475645
0.000499964
0.000484705
0.000908136
0.000400305
0.000431776
0.000432730
0.000465155
0.000425577
0.000373125
0.000400782
0.000475645
0.000364542
0.000394821
0.000489473
0.000348091
0.000387430
0.000491381
0.000447750
0.000388145
0.000440598
0.000356674
0.000472069
0.000354767
0.000405550
0.000478983
0.000434399
0.000369549
0.000427008
0.000368834
0.000386953
0.000429869
0.000506878
0.000401974
0.000427008
0.000397205
0.000385761
0.000396490
0.000503540
0.000375271
0.000400066
0.000478983
0.000468493
0.000363588
0.000460148
0.000360250
0.000386477
0.000368834
0.000371695
0.000394583
0.000482798
0.000685692
0.000401258
0.000448704
0.000452995
0.000364304
0.000447035
0.000358820
0.000402689
0.000450850
0.000363350
0.000376463
0.000444651
0.000380039
0.000465155
0.000351667
0.000498056
0.000370502
0.000385046
0.000365973
0.000394583
0.000372171
0.000401258
0.000404596
0.000415325
0.000348568
0.000231743
