0.072238445
0.071407557
0.071130276
0.071188211
0.071609497
0.071950674
0.071494102
0.071527243
0.071968317
0.071769953
0.072419167
0.072145224
0.072019577
0.062157869
0.073229313
0.072180033
0.071990490
0.071768761
0.071828604
0.072616577
0.072167158
0.072030544
0.072008133
0.071687698
0.071841955
0.072370291
0.071875334
0.061453819
0.072459221
0.071552992
0.071600914
0.071190119
0.071622133
0.071858406
0.071900129
0.071757555
0.071611166
0.071705341
0.071655512
0.071503162
0.071450710
0.061807871
0.072517633
0.071598530
0.071624279
0.071552753
0.071327448
0.072278738
0.071751118
0.071771145
0.071569681
0.071705341
0.071768761
0.072411537
0.072008133
0.061567307
0.072523832
0.071062565
0.071821213
0.071970701
0.071657419
0.071645260
0.071564436
0.071578026
0.071651220
0.071586609
0.071584225
0.072369337
0.072094917
0.061567068
0.072387218
0.071390152
0.071487904
0.072105408
0.071606874
0.071683884
0.071556568
0.071696997
0.071696043
0.072005987
0.071556807
0.072467804
0.072158098
0.061481237
0.072381496
0.071386576
0.071331739
0.071935177
0.071554184
0.071472168
0.071544170
0.071443558
0.071610928
0.071551561
0.071512222
0.071583509
0.071653128
0.061169624
0.072484732
0.071727276
0.071250200
0.071786165
0.071927309
0.071696997
0.071695328
0.071516037
0.071192265
0.071321487
0.071094751
0.071043968
0.071873188
0.061413050
0.072606087
0.071656942
0.071553707
0.071190357
0.071177959
0.071359396
0.071069956
0.071418285
0.071931839
0.071682692
0.071806431
0.071471930
0.071593285
0.061143160
0.071874380
0.071168184
0.071041346
0.071115017
0.071032524
0.071310282
0.071264982
0.071299553
0.071091175
0.071943283
0.071762800
0.071443558
0.071509600
0.061129570
0.072181940
0.071239710
0.071172237
0.071075201
0.071065903
0.071159124
0.071259737
0.071249485
0.071169376
0.071281910
0.071422577
0.071957588
0.071576118
0.061123848
0.071955204
0.071113110
0.071228027
0.071207762
0.071277857
0.071245670
0.071342230
0.072095871
0.071659088
0.071794033
0.071596861
0.071105719
0.071053267
0.060679197
0.072851658
0.071819305
0.071507692
0.071379900
0.071247578
0.071249485
0.071021318
0.071261883
0.072106600
0.071807384
0.071520329
0.071526289
0.071164131
0.060746670
0.072498560
0.071568251
0.071127415
0.071061134
0.071157694
0.071273804
0.072221279
0.072390795
0.072279930
0.071948767
0.071761131
0.071620703
0.071574926
0.061186790
0.072707891
0.071836472
0.071142435
0.071992159
0.072477579
0.072133064
0.071954012
0.071925640
0.071482658
0.072284698
0.072313070
0.071918726
0.071972847
0.061528444
0.073676825
0.071552038
0.071240425
0.071436405
0.072557688
0.072112560
0.072074175
0.072138786
0.072096348
0.071985245
0.071998596
0.071908236
0.072084665
0.061381340
0.072522402
0.071747303
0.071293592
0.071250439
0.072034121
0.071861744
0.071841717
0.072639704
0.072122812
0.072036505
0.071969032
0.071943045
0.071969986
0.061452389
0.072876215
0.071585178
0.071506739
0.071213484
0.072610855
0.072161674
0.071907043
0.072160721
0.071585894
0.072031975
0.072350979
0.071955204
0.071950436
0.061499834
0.072585106
0.071668863
0.071383715
0.071129084
0.071944714
0.071834564
0.071730375
0.072565317
0.072192907
0.072021723
0.071989298
0.072150707
0.072072268
0.061538458
0.073585749
0.071750879
0.071506739
0.071237803
0.072023153
0.071788549
0.071593761
0.071635008
0.071666241
0.071641207
0.071488619
0.071481943
0.071686506
0.061129093
0.072737217
0.071731806
0.071704865
0.071571589
0.071752787
0.071613789
0.071482658
0.071680069
0.071617126
0.071557999
0.072340488
0.072289944
0.071963310
0.061676979
0.072475672
0.071694851
0.071676016
0.071594715
0.071176529
0.072050571
0.071814060
0.071654797
0.071505785
0.071550608
0.071617603
0.071537733
0.071478128
0.061383486
0.072395802
0.071433306
0.071216106
0.071883202
0.071748018
0.071837902
0.072339535
0.072165251
0.072092772
0.072053432
0.071607113
0.071642637
0.071573496
0.061069965
0.072525501
0.071704626
0.071140528
0.071089506
0.071089029
0.071175098
0.071085930
0.071233988
0.071180344
0.072066784
0.071915150
0.071438789
0.071590185
0.061125040
0.072431326
0.071634769
0.071792126
0.071227551
0.072407484
0.072250843
0.072024584
0.072146177
0.071749449
0.071867466
0.071652889
0.071497440
0.071862698
0.061884880
0.072991848
0.071658134
0.071399450
0.071194649
0.072018862
0.071824074
0.071618557
0.072498560
0.072201729
0.071999550
0.071895599
0.071588993
0.071887255
0.061865807
0.072679758
0.071649075
0.071491003
0.071310759
0.071598053
0.072028160
0.071543455
0.071573973
0.071518421
0.071757555
0.072388649
0.072146893
0.071941376
0.061569691
0.072484970
0.071526527
0.071556330
0.071533442
0.071176052
0.072006226
0.071634293
0.071556330
0.071634054
0.071597576
0.071953773
0.072300434
0.071936846
0.061649323
0.072408438
0.071289062
0.071648359
0.072473288
0.072075605
0.072104216
0.071837187
0.071645737
0.071592569
0.071587324
0.071559668
0.072569847
0.072215557
0.061519623
0.072465897
0.071293116
0.071073294
0.071360111
0.071277857
0.071484327
0.071969271
0.071651936
0.072004557
0.072577000
0.072038889
0.071955681
0.071931362
0.061090469
0.072379827
0.071609259
0.071131706
0.071179152
0.071160555
0.071202278
0.072561741
0.072262049
0.072010040
0.072066069
0.071695566
0.071642637
0.072461367
0.061563730
0.071986675
0.071088552
0.071106434
0.071187973
0.072134256
0.071922779
0.071807384
0.071875572
0.071701050
0.071645260
0.071579218
0.071657658
0.071605206
0.061140537
0.073493004
0.071640491
0.071502924
0.071255922
0.071133375
0.071145535
0.071106195
0.071239471
0.071100235
0.071232319
0.071161509
0.071116686
0.071141243
0.061374187
0.071980000
0.071123123
0.071124315
0.071126699
0.071049929
0.071663141
0.072020054
0.071554899
0.071527719
0.071577072
0.071493626
0.071520805
0.071488380
0.061211824
0.072511911
0.071395159
0.071148157
0.071872473
0.072176695
0.071559429
0.071837902
0.071688414
0.071651697
0.071631908
0.071459055
0.071711302
0.072411537
0.061514139
0.072044849
0.071135521
0.071185827
0.071119070
0.071917295
0.071736813
0.071604490
0.071544886
0.071560383
0.071507692
0.071523905
0.071495533
0.071618795
0.061164141
0.072704792
0.071258068
0.071267605
0.071127415
0.071289301
0.071187735
0.071054935
0.071354389
0.072090149
0.071687460
0.071559906
0.071567535
0.071008205
0.061309099
0.071958780
0.071244240
0.071074724
0.071847439
0.071853161
0.071621656
0.071515799
0.071528435
0.071603060
0.071647406
0.071535349
0.071511745
0.071656704
0.061105728
0.072072506
0.071098328
0.071203709
0.071250439
0.071984529
0.071943521
0.071641684
0.071528435
0.071245432
0.071386337
0.071974993
0.071608305
0.071474314
0.061094522
0.072124958
0.071201086
0.071207047
0.071216345
0.071022034
0.071048021
0.071153879
0.071142197
0.071188211
0.071161985
0.071164370
0.071035147
0.071238279
0.060733080
0.071993351
0.071213245
0.071142912
0.071118593
0.071181774
0.071265221
0.071341276
0.071994543
0.071537018
0.071673393
0.071650267
0.071496248
0.071559906
0.061127424
0.072274685
0.071218014
0.071163654
0.071074009
0.071289778
0.072041035
0.071673632
0.071548223
0.071622372
0.071705103
0.071848392
0.072378397
0.072037220
0.061283827
0.072735310
0.071085691
0.071138144
0.071177721
0.071215868
0.071795940
0.072001457
0.071701050
0.071648121
0.071536541
0.071505308
0.071607113
0.071514368
0.061115503
0.072797537
0.071389437
0.071162939
0.072053909
0.071849346
0.071625233
0.071639299
0.071609259
0.071539402
0.071572781
0.071519375
0.071826696
0.072397470
0.061527491
0.072406530
0.071491957
0.071175575
0.071684122
0.072016478
0.071756840
0.071630716
0.071423054
0.071141005
0.072082281
0.071769953
0.071468592
0.071587801
0.061352015
0.072446108
0.071664095
0.071346521
0.071772814
0.072582483
0.072102547
0.072078705
0.072053432
0.071624041
0.071662188
0.071501255
0.071494818
0.072346687
0.061911106
0.072734594
0.071586132
0.071254492
0.071390390
0.072105646
0.071624517
0.071643829
0.071628809
0.071630716
0.071909666
0.072388887
0.071993589
0.071893930
0.061463118
0.072506428
0.071244955
0.071125507
0.071383953
0.071574450
0.072007179
0.071593285
0.071543694
0.071495533
0.071132660
0.071954966
0.071749449
0.071533680
0.061341524
0.072272301
0.071176529
0.071152210
0.071126461
0.071182966
0.071277380
0.071104050
0.071192741
0.071991682
0.071954012
0.071488619
0.071522713
0.071562290
0.061179638
0.072391033
0.071339846
0.071181297
0.071983814
0.071669579
0.071603298
0.071603060
0.071822882
0.071564913
0.071583271
0.071613789
0.071454763
0.071509600
0.061173916
0.072513580
0.071600199
0.071185589
0.071688175
0.071942806
0.071707964
0.071560860
0.071489096
0.071165323
0.071816683
0.071955442
0.071479559
0.071505785
0.061321497
0.072427273
0.071502447
0.071456909
0.071210146
0.071908236
0.072010517
0.071772575
0.071670055
0.071634531
0.071565390
0.071557999
0.071763992
0.071740389
0.061217785
0.073036909
0.071250677
0.071144819
0.071236849
0.071140289
0.072018623
0.071889162
0.071686029
0.072568893
0.072089434
0.071979284
0.071889877
0.071577311
0.061186314
0.073051453
0.071564674
0.071088552
0.071076632
0.071261644
0.072066307
0.071789265
0.071909904
0.072528839
0.072110415
0.072016716
0.071981668
0.071528435
0.061155081
0.072464228
0.071216345
0.071414709
0.072057724
0.071627855
0.071643353
0.071691275
0.071587086
0.071841002
0.072481155
0.071952820
0.072005272
0.071830750
0.061068535
0.072846174
0.071638107
0.071004868
0.071514606
0.071894884
0.071509600
0.071671009
0.071655035
0.071695089
0.071656227
0.071595907
0.071548700
0.072398424
0.061756611
0.072619438
0.071516275
0.071406126
0.071115255
0.071844339
0.072021961
0.071718931
0.071816921
0.071609020
0.071616650
0.071530819
0.071527958
0.071524620
0.061180353
0.072377920
0.071571350
0.071421623
0.071219683
0.071102142
0.071142912
0.071381569
0.072496653
0.072168589
0.072052479
0.071984768
0.071544170
0.071521044
0.061835766
0.072236776
0.071121931
0.071177483
0.071284771
0.071080446
0.071210384
0.071050882
0.071933985
0.072385550
0.072118998
0.071976423
0.071894407
0.071570873
0.061101437
0.072819710
0.071202517
0.071153879
0.071290731
0.071208477
0.071730852
0.071931839
0.071647882
0.071701765
0.071511269
0.071539402
0.071533442
0.071440220
0.061112642
0.072757721
0.071590900
0.071169376
0.071126699
0.071191072
0.071188688
0.072236776
0.071720839
0.071618557
0.071690798
0.071638584
0.071492672
0.071467400
0.061090946
0.073334217
0.071542501
0.071201563
0.071255684
0.072166204
0.071693659
0.071802616
0.071632624
0.071711063
0.072373867
0.072350264
0.072072506
0.071712971
0.061173916
0.072502851
0.071694136
0.071462393
0.071208954
0.072191954
0.071685553
0.071566582
0.071608067
0.071538448
0.071517467
0.071568966
0.071570635
0.071494102
0.061147451
0.072454929
0.071502924
0.071439981
0.071194410
0.071377516
0.072269678
0.071741343
0.071946383
0.072413445
0.072079897
0.071990967
0.071866512
0.071469069
0.061157703
0.072655678
0.071124315
0.071017027
0.071110725
0.071196795
0.071181059
0.071097136
0.071089745
0.072034359
0.071856022
0.071465254
0.071511507
0.071578979
0.061156511
0.072412729
0.071616650
0.071123600
0.071129084
0.071158886
0.071130753
0.072024822
0.071734190
0.071718693
0.071503878
0.071454763
0.071510792
0.071773291
0.061315536
0.072929859
0.071573257
0.071536064
0.071311474
0.071329832
0.071228266
0.071311474
0.071561098
0.072030067
0.071605921
0.071523905
0.071336269
0.071168184
0.060762644
0.072066069
0.071069717
0.071114779
0.071173429
0.071172476
0.071151257
0.071188211
0.071042776
0.071335554
0.072087526
0.071536064
0.071567535
0.071565866
0.061128616
0.072056532
0.071276665
0.071323395
0.071273327
0.071353674
0.071317196
0.071151972
0.071917534
0.071995258
0.071649551
0.071882248
0.071642637
0.071448088
0.061109304
0.072260141
0.071426392
0.071153164
0.071136951
0.071243286
0.071566343
0.071859598
0.071512461
0.071659088
0.071637154
0.071512222
0.071455717
0.071440458
0.060737848
0.071956396
0.071096897
0.071074486
0.071256876
0.072122574
0.071705341
0.071607828
0.071628332
0.071487427
0.071705341
0.071471930
0.071568012
0.071468353
0.061050415
0.071964979
0.071243763
0.071115732
0.071091890
0.071093798
0.071972609
0.071713209
0.071655035
0.071625471
0.071195841
0.071376562
0.071860075
0.071515083
0.061230659
0.072131157
0.071233511
0.071252823
0.071096182
0.071154356
0.071236134
0.071934462
0.071912289
0.071714878
0.071727991
0.071438074
0.071590662
0.071512699
0.061153173
0.072350979
0.071155071
0.071165800
0.071206570
0.071157217
0.071213484
0.071353436
0.072037935
0.071650982
0.071523905
0.071589708
0.071755171
0.071540833
0.061204433
0.072529078
0.071188211
0.071023226
0.071129799
0.071567774
0.072005510
0.071588278
0.071495056
0.071521521
0.071635962
0.071505070
0.071598768
0.071496964
0.061146975
0.072776318
0.071193218
0.071202993
0.071201086
0.071106434
0.071153402
0.071182966
0.071201801
0.071173429
0.071144819
0.071137905
0.071797609
0.071775198
0.061151266
0.071967125
0.071367025
0.071247339
0.071485043
0.071251869
0.071272135
0.071765423
0.071967840
0.071755171
0.071600914
0.071536064
0.071133375
0.072508574
0.061921358
0.072277069
0.071189404
0.071170330
0.071209908
0.071231842
0.071187019
0.071128130
0.071916103
0.071888208
0.071553707
0.071461439
0.071612120
0.071433544
0.061095238
0.072168112
0.071209192
0.071217299
0.071168900
0.071072578
0.071174383
0.071224213
0.071242094
0.071971893
0.071958780
0.071561337
0.071443081
0.071308136
0.060708761
0.072381973
0.071188927
0.071117878
0.071287870
0.071888685
0.071679831
0.071631908
0.071647406
0.071500063
0.071599245
0.071621418
0.071648121
0.071498632
0.061174154
0.072411060
0.071237326
0.071197271
0.071088314
0.071109295
0.071291685
0.071221113
0.071197033
0.071641445
0.071917057
0.071569443
0.071465731
0.071293116
0.060739279
0.071961641
0.071190596
0.071208477
0.071181059
0.071317434
0.071259022
0.071074009
0.071026564
0.071141720
0.071115494
0.071104050
0.071033716
0.070998192
0.060653210
0.072252989
0.071050406
0.071330070
0.071186304
0.071137905
0.071071148
0.071443796
0.071528912
0.071515560
0.071096897
0.071137190
0.071368456
0.071879387
0.061106205
0.072285652
0.071066856
0.071106672
0.071112394
0.071206331
0.071164131
0.071069002
0.071140766
0.071228981
0.071205854
0.071832895
0.071763277
0.071526766
0.061352968
0.072861433
0.071296453
0.071113110
0.071182013
0.071161270
0.071626186
0.071965933
0.071621180
0.071629763
0.071751118
0.071457624
0.071597815
0.071503401
0.061115742
0.072485924
0.071693420
0.071509361
0.071096182
0.071127415
0.071094990
0.071169376
0.071186066
0.071348429
0.071361542
0.071978569
0.071595907
0.071522474
0.061105251
0.072705984
0.071837425
0.071574688
0.071445704
0.071277618
0.071109056
0.071122169
0.071241856
0.071968555
0.071613312
0.071434498
0.071560144
0.071569443
0.061070919
0.072800875
0.071042538
0.071798801
0.071903944
0.072134972
0.072218657
0.072380304
0.072034597
0.071928501
0.071949005
0.071517467
0.071523666
0.071645975
0.061250448
0.072295189
0.071144819
0.072041988
0.072438240
0.072166920
0.072211027
0.072080612
0.071696758
0.072420120
0.072321415
0.072017670
0.071930408
0.071980000
0.061513662
0.072468042
0.071277618
0.071398973
0.072067976
0.071624756
0.071646690
0.071475983
0.071611166
0.071659088
0.071625233
0.071447134
0.071559668
0.071477890
0.061157465
0.072331667
0.071432829
0.071164846
0.072026968
0.071791649
0.071567535
0.071755886
0.071687460
0.071697474
0.071745872
0.071669340
0.071829796
0.072394371
0.061539888
0.073443174
0.071397066
0.071203709
0.071846724
0.071935654
0.071587324
0.071575880
0.071647406
0.071616650
0.071612835
0.071405649
0.071592093
0.072437286
0.061736584
0.072701931
0.071532249
0.071247101
0.071125269
0.071901321
0.071934223
0.071662903
0.071615696
0.071659565
0.071807146
0.071710825
0.071599245
0.071763039
0.061419725
0.072806835
0.071699619
0.071645737
0.071104050
0.071461439
0.072072506
0.071621656
0.071649075
0.071699381
0.071776628
0.071543455
0.071433544
0.071049213
0.061153650
0.072324753
0.071127653
0.071354866
0.071249723
0.071159601
0.071209669
0.071183920
0.071086407
0.071132660
0.071069002
0.071114063
0.071118116
0.071035862
0.060690165
0.072392225
0.071182966
0.071200132
0.071163416
0.071512222
0.072105408
0.071600676
0.071559906
0.071522474
0.071184635
0.071090460
0.071009874
0.071204185
0.061229229
0.072157383
0.071264744
0.071179152
0.071183920
0.071254969
0.071250677
0.071128368
0.071049929
0.071601152
0.071988344
0.071590185
0.071410179
0.071438789
0.060690165
0.072278500
0.071184397
0.071255445
0.071318150
0.071240902
0.071105480
0.071163893
0.071946144
0.071821690
0.071760654
0.071702242
0.071579695
0.071514368
0.061154127
0.071902037
0.071364164
0.071156025
0.071306229
0.071128368
0.071198463
0.071165085
0.071177244
0.071724415
0.071871996
0.071558714
0.071564674
0.071616650
0.061305761
0.072031498
0.071245909
0.071188688
0.071903706
0.071732998
0.071522236
0.071546316
0.071528196
0.071563482
0.071702957
0.071469307
0.071553707
0.071525812
0.061146259
