1.051921129
1.056061506
1.054414988
1.049780607
1.051778555
1.055450439
1.044888735
1.045686245
1.047675610
1.042226553
1.043962717
1.053904772
1.045795202
1.059459448
1.052878141
1.057612896
1.050453424
1.070500135
1.054012299
1.048870564
1.052262306
1.047674894
1.049339294
1.044440269
1.049989223
1.046313286
1.050203800
1.047860384
1.051709652
1.053737640
1.045315981
1.046353102
1.060648441
1.052422047
1.046045065
1.046253681
1.048243761
1.044314146
1.047545671
1.055819035
1.041392565
1.066092730
1.054833174
1.045194626
1.056718588
1.055033207
1.058274269
1.047065735
1.048434734
1.055529356
1.056876898
1.052007914
1.063412428
1.065227270
1.049886465
1.052516699
1.048208952
1.056143761
1.045475960
1.056760550
1.056399107
1.063191175
1.066235065
1.059705973
1.053451061
1.043122053
1.045375824
1.044545889
1.061132908
1.048766613
1.045743704
1.045545816
1.055624008
1.045537710
1.053961515
1.049322844
1.050849199
1.046409369
1.049801350
1.047139645
1.045461416
1.053194284
1.043622494
1.041806459
1.053565264
1.043437958
1.054349899
1.061424255
1.056111336
1.048583031
1.058044195
1.049383640
1.051160574
1.046448946
1.040700912
1.056192160
1.053906918
1.047726154
1.052476645
1.059498072
