0.019780159
0.019522429
0.019553900
0.019526958
0.019494534
0.019413710
0.019447803
0.019388914
0.019425392
0.019413233
0.019433260
0.019425869
0.019434929
0.019428492
0.019439459
0.019400120
0.019437075
0.019445181
0.019433975
0.019402504
0.019424200
0.019422054
0.019430161
0.019386768
0.019418240
0.019410372
0.019454718
0.019488573
0.019464731
0.019444704
0.019395828
0.019612789
0.019682407
0.019649267
0.019626379
0.019629002
0.019600153
0.019534826
0.019556522
0.019518375
0.019527197
0.019520521
0.019551992
0.019542456
0.019570112
0.019530535
0.019567966
0.019537449
0.019550085
0.019568920
0.019543171
0.019547701
0.019541502
0.019522190
0.019530535
0.019507408
0.019557476
0.019572496
0.019531488
0.019533396
0.019519091
0.019524336
0.019549370
0.019508123
0.019536018
0.019534349
0.019534588
0.019520044
0.019548416
0.019520760
0.019533873
0.019537687
0.019518137
0.019530058
0.019535065
0.019534111
0.019550085
0.019536734
0.019527674
0.019527674
0.019547701
0.019515514
0.019545317
0.019596577
0.019524574
0.019555330
0.019524336
0.019533157
0.019583464
0.019572496
0.019530773
0.019555807
0.019537449
0.019521236
0.019550800
0.019522667
0.019531250
0.019545078
0.019541264
0.019429684
0.019410133
0.019432545
0.019412994
0.019434929
0.019670486
0.019635677
0.019625664
0.019680977
0.019640446
0.019572973
0.019554615
0.019541264
0.019527912
0.019546747
0.019564152
0.019543409
0.019527197
0.019543171
0.019514561
0.019551754
0.019535780
0.019541025
0.019536018
0.019539356
0.019521236
0.019553185
0.019560099
0.019551039
0.019528389
0.019544125
0.019572973
0.019583702
0.019585848
0.019563437
0.019677877
0.019571543
0.019575119
0.019563437
0.019518137
0.019552946
0.019544840
0.019543648
0.019531727
0.019553185
0.019529343
0.019533634
0.019578934
0.019569397
0.019524336
0.019541025
0.019559622
0.019538164
0.019536734
0.019531488
0.019593477
0.019564867
0.019551277
0.019551277
0.019559622
0.019581556
0.019522429
0.019544840
0.019547939
0.019551754
0.019536972
0.019541264
0.019522905
0.019548178
0.019587278
0.019545317
0.019828796
0.019544363
0.019565582
0.019540310
0.019537449
0.019562483
0.019570112
0.019533634
0.019567490
0.019571304
0.019542217
0.019556284
0.019507408
0.019549847
0.019511461
0.019527197
0.019525051
0.019543648
0.019538164
0.019519091
0.019516230
0.019565105
0.019547224
0.019543171
0.019547224
0.019558191
0.019525051
0.019548178
0.019536257
0.019536018
0.019520044
0.019525766
0.019552231
0.019565582
0.019567013
0.019551039
0.019548655
0.019546032
0.019525051
0.019553423
0.019538403
0.019570112
0.019562960
0.019542694
0.019522190
0.019545317
0.019515991
0.019545078
0.019552708
0.019529819
0.019563198
0.019548655
0.019559860
0.019553185
0.019545078
0.019551754
0.019534826
0.019543886
0.019539595
0.019533873
0.019543648
0.019536734
0.019507170
0.019538164
0.019541740
0.019438505
0.019418001
0.019445181
0.019408226
0.019427299
0.019583941
0.019665956
0.019632101
0.019662380
0.019647360
0.019597292
0.019523621
0.019541025
0.019567966
0.019567728
0.019582272
0.019557476
0.019541025
0.019535542
0.019566298
0.019550085
0.019549847
0.019548416
0.019569159
0.019551754
0.019543171
0.019527197
0.019542694
0.019548655
0.019544601
0.019538403
0.019525528
0.019546747
0.019548893
0.019543648
0.019566774
0.019549608
0.019575357
0.019545317
0.019575834
0.019514322
0.019523621
0.019555569
0.019556999
0.019530296
0.019548178
0.019545078
0.019522905
0.019545078
0.019517660
0.019542694
0.019532919
0.019533396
0.019535780
0.019548655
0.019514322
0.019541025
0.019572258
0.019556284
0.019557476
0.019554377
0.019558430
0.019562244
0.019538879
0.019551992
0.019521713
0.019553185
0.019512653
0.019539595
0.019523144
0.019525051
0.019543648
0.019522667
0.019533396
0.019539118
0.019532204
0.019541502
0.019540787
0.019538879
0.019526243
0.019545317
0.019536495
0.019539356
0.019532204
0.019586563
0.019542217
0.019557953
0.019531965
0.019545555
0.019519329
0.019533396
0.019541264
0.019541025
0.019523621
0.019541502
0.019531965
0.019536495
0.019533157
0.019542456
0.019524813
0.019542456
0.019531488
0.019530773
0.019520521
0.019552231
0.019547701
0.019531250
0.019523382
0.019546270
0.019546032
0.019555330
0.019522429
0.019546986
0.019531488
0.019567966
0.019533157
0.019547701
0.019545078
0.019560814
0.019517660
0.019534111
0.019562960
0.019539833
0.019533873
0.019543648
0.019542694
0.019551992
0.019512177
0.019541264
0.019533634
0.019554853
0.019529819
0.019547224
0.019530535
0.019571543
0.019533157
0.019549131
0.019518137
0.019546509
0.019507647
0.019526005
0.019532681
0.019548178
0.019533634
0.019551754
0.019535780
0.019480228
0.019405365
0.019444942
0.019421816
0.019430399
0.019427061
0.019664288
0.019627810
0.019654036
0.019639730
0.019666672
0.019572496
0.019532919
0.019573212
0.019517660
0.019641876
0.019597530
0.019523382
0.019545794
0.019521236
0.019550085
0.019461155
0.019423008
0.019397497
0.019399405
0.019437790
0.019570589
0.019638062
0.019623995
0.019681215
0.019651413
0.019622087
0.019544840
0.019540548
0.019535542
0.019563437
0.019536257
0.019536734
0.019549131
0.019507408
0.019546747
0.019526243
0.019540071
0.019569159
0.019535780
0.019567013
0.019527674
0.019564152
0.019534588
0.019491673
0.019515276
0.019554138
0.019525528
0.019406557
0.019436121
0.019448280
0.019419670
0.019388199
0.019601107
0.019685507
0.019652128
0.019665241
0.019646645
0.019573212
0.019538879
0.019569635
0.019545794
0.019524336
0.019526720
0.019529819
0.019515038
0.019556999
0.019541502
0.019524097
0.019577980
0.019542456
0.019536018
0.019551039
0.019520044
0.019525528
0.019523382
0.019518137
0.019529104
0.019495726
0.019410133
0.019386768
0.019420147
0.019426107
0.019394159
0.019648552
0.019678354
0.019685268
0.019656181
0.019620895
0.019553423
0.019531965
0.019540548
0.019530296
0.019552946
0.019530058
0.019570827
0.019562006
0.019548655
0.019529104
0.019557714
0.019549608
0.019553423
0.019560814
0.019555092
0.019516468
0.019560099
0.019539595
0.019536972
0.019584417
0.019554377
0.019572496
0.019546747
0.019554615
0.020558119
0.019530535
0.019526005
0.019570589
0.019515753
0.019511938
0.019508600
0.019524336
0.019515038
0.019539595
0.019548655
0.019527197
0.019558907
0.019563675
0.019560575
0.019599199
0.019616842
0.019625664
0.019603491
0.019604206
0.019634008
0.019554615
0.019564867
0.019548178
0.019532442
0.019540071
0.019538164
0.019557238
0.019517660
0.019523144
0.019551039
0.019526482
0.019543409
0.019551039
0.019515753
0.019524336
0.019741774
0.019526243
0.019530535
0.019556284
0.019523382
0.019536972
0.019521236
0.019552231
0.019537210
0.019555092
0.019547224
0.019542456
0.019557953
0.019546509
0.019549131
0.019569874
0.019548416
0.019549131
0.019537449
0.019559383
0.019528389
0.019538403
0.019528389
0.019544840
0.019561291
0.019543886
0.019543648
0.019554377
0.019557714
0.019545555
0.019520760
0.019549370
0.019550323
0.019522667
0.019517660
0.019554853
0.019566536
0.019581079
0.019560099
0.019551754
0.019513607
0.019532204
0.019536018
0.019530773
0.019521236
0.019517899
0.019562006
0.019555092
0.019554615
0.019546747
0.019554853
0.019526482
0.019535303
0.019538164
0.019510984
0.019507885
0.019512177
0.019530773
0.019535065
0.019526243
0.019531250
0.019512415
0.019500017
0.019525051
0.019538164
