11.674548626
11.946247101
11.856857300
11.731424809
11.999750376
12.194212675
12.126269817
12.282031536
12.283511162
12.375747681
3.800975323
13.383214474
13.213227510
12.925910711
13.078753471
13.126014471
13.263415813
13.169353962
13.421917677
13.333456039
13.347563505
4.228646755
13.816677570
13.377800703
13.701757908
13.746171713
13.513175249
13.577244520
13.548549175
13.683839083
13.733351469
13.780730724
4.248838425
14.405412674
14.042559147
14.127815723
14.030792475
14.388223410
14.230897188
14.053465605
14.293234825
13.904427290
14.473261833
4.281635284
14.591528654
14.598380804
14.316246748
14.121506453
14.098680258
14.403051138
14.804846525
14.274009466
14.401397705
14.304283619
4.373074770
15.022625685
15.099165440
14.637841225
14.756642103
14.583324432
14.896374226
14.815471649
14.656924486
14.711808681
14.829968452
4.548111677
14.938109875
14.678200960
14.820566893
14.748946428
14.603206635
14.968877316
14.655611515
14.579454422
15.058675528
14.793458462
4.626450777
15.305804014
15.150537729
15.149551153
15.168773174
15.143264055
15.020229340
14.849784136
15.043699741
15.199487448
15.328787804
4.580662966
15.379662514
15.020143986
15.079523325
15.168081284
15.036901712
15.003023624
15.008855820
15.196506023
15.213947058
14.993295908
4.546032906
15.504562378
14.918741941
15.427489281
14.942918062
15.130043745
14.908060074
15.326727390
15.334017038
15.015368462
15.146857977
4.696280479
15.616758823
15.040241957
15.248428106
15.091475487
15.178582907
15.315400362
15.047492027
15.125496864
15.163087130
15.273144722
4.556401253
15.376119137
15.153953552
15.339634180
15.415726423
15.048154116
15.448750734
15.179612160
15.312101126
15.002827406
15.059747458
4.606615067
15.729205608
15.590630770
15.563005209
15.413753033
15.591800213
15.399449348
15.162706614
15.394297600
15.240456343
15.413537741
4.750761747
15.862379074
15.464899540
15.409960985
15.511099577
15.286697149
15.605315685
15.344408989
15.763797760
15.454861879
15.584960461
4.748441219
15.793235064
15.352717638
15.298878908
15.388698578
15.580787659
15.528827190
15.366081238
15.100531101
15.484152794
15.567359924
4.722711563
15.716616869
15.888419390
15.292832136
15.915201664
15.541604042
15.518091440
15.537445545
15.689346790
15.506839275
15.297596693
4.839044094
15.958053589
15.523874521
15.558615685
15.648501158
15.424213171
15.500067949
15.788197279
15.463152885
15.568479776
15.505208731
4.754703283
15.734377384
15.830850601
15.630190134
15.371993780
15.691673994
15.596540928
15.357658625
15.725719452
15.688526154
15.528455496
4.769593239
16.136455297
15.562421560
15.452484608
15.603751659
15.595716715
15.580691338
15.794272423
15.529772520
15.789914608
15.689425707
4.813480377
16.317250013
15.782768250
15.642942905
15.614509821
15.658276081
15.804551363
15.561575890
15.699279547
15.475640774
15.457351685
4.775263309
15.779564142
15.928917885
15.739581108
15.787641048
16.148170948
15.634929895
15.763174057
15.529237986
15.704449177
15.548380613
4.696077108
19.797204971
19.378871441
19.091742516
19.274172068
19.487836599
19.043031454
18.914835215
18.563787222
18.512866974
18.371320009
5.548192501
18.443421364
17.886638880
17.696243525
17.647319078
18.003716230
17.630466938
17.611865282
17.852907181
17.612482548
17.481110096
5.481829405
18.126364946
17.551681995
17.319606304
17.581840277
17.506179094
17.794904709
17.315007210
17.292742729
17.570079565
17.220887661
5.266817093
17.854687214
17.446092129
17.295500517
17.250770569
17.149027348
17.521457672
17.266697645
17.327023983
16.944980621
17.246130705
5.313881636
17.843601227
17.233561754
17.375205040
17.222586393
17.261393309
16.933275461
17.319937468
17.050882101
17.122760057
17.419680357
5.368961573
17.614947796
17.496196508
17.490922451
17.409989834
16.951486111
16.937537670
17.122184515
17.275033712
16.849038124
17.192252398
5.121437073
17.544706583
17.674580812
17.183338642
17.437596560
17.170353174
17.410149336
17.083941221
17.503123045
17.282260656
17.018369436
5.122065544
17.559885740
17.248138189
17.113705873
17.507252932
17.299190998
16.920836210
17.276043892
17.347952366
17.333397150
17.194451571
5.232746840
17.617405653
17.217671871
17.463615417
17.494341373
17.055561543
17.657788277
17.193753719
17.085756779
16.739074945
17.298776627
5.418284416
17.794750452
17.691333771
17.503497839
17.792748690
17.019313097
17.411644459
17.481057405
17.098203897
17.227002144
17.598254442
5.157975674
17.623888254
17.533730745
17.805124998
17.525252819
17.654533863
17.319823980
17.688816547
17.471993446
17.201367378
17.338500977
5.177267313
17.451454401
16.688440561
16.444375992
16.542267084
16.836745977
16.399436951
16.505490780
16.230250120
16.595731974
16.781477928
5.103359699
13.923711300
13.029649734
13.192861319
12.687929869
13.006825924
13.000343084
12.934737206
12.736263275
12.924790144
12.792624474
3.927850246
13.220373154
12.867882490
12.642344236
12.750167608
12.802233934
12.692050695
12.696864605
12.522649765
12.830346346
12.729748011
3.835427761
13.168175459
12.856874704
12.484866381
12.555111170
12.811102629
12.957883358
12.696884394
12.888890505
12.696983099
12.520616770
4.102632284
13.002634048
12.872779846
12.903703928
12.745457172
12.866949320
12.806909561
12.875442266
12.886028767
12.522505045
12.646652222
4.053379536
13.133000851
13.025534153
12.878731251
13.074451923
13.092236757
12.915633202
12.881502390
12.767851591
12.976258993
13.004699945
3.981041670
13.228990078
12.676626682
12.616395950
12.724662542
12.807821989
12.818914652
12.728728771
12.664855242
12.635575533
12.587826014
3.784420013
13.245114088
12.840284824
12.683133602
12.787698269
12.552778244
12.536148787
12.696261168
12.858940840
12.694226503
12.774743557
3.948563576
12.901422501
12.853226900
12.639767885
12.824078321
12.625064373
12.886601448
12.681849957
12.710898161
12.572755337
12.549430847
3.848455191
13.234984398
12.840387106
13.063871622
12.834489346
12.941895247
12.867419720
12.924306631
12.848827839
12.709908485
12.876259804
4.090810537
12.939323187
12.463707685
12.791725874
12.596463680
12.616584539
12.824256659
12.459666967
12.695097446
12.582237720
12.691654444
3.818841696
12.819873095
12.859671593
12.784765244
12.768088102
12.856571674
12.720231056
12.600692272
12.775065660
12.776477098
12.597251654
4.092242718
13.181044579
12.493537664
12.647256374
12.499216080
12.457748175
12.726404905
12.459536076
12.588890314
12.557054281
12.420754671
4.137406111
12.953072548
12.934006214
12.816705942
12.993878126
13.024792433
12.699611425
12.580895185
12.782475233
12.633924961
12.712699890
3.992266417
13.160922050
12.780565262
12.738910198
12.687598228
12.529109478
12.787961006
12.444050312
12.673706293
12.731209278
12.747106791
3.838959932
13.086111784
12.896567822
12.808103561
12.889472961
12.776336432
12.745982170
12.612732887
12.871682644
12.688577414
13.024095297
3.907033920
12.896545172
12.978954077
12.636083603
12.711113453
12.630495787
12.958909035
12.882929087
12.485882044
12.798494816
12.679369450
3.809338093
13.296724081
12.894720793
12.894330978
12.802803516
12.859564543
13.128199577
12.610326529
12.636050463
12.485328197
12.998931170
3.940150976
13.088788748
13.017614603
12.978793859
12.784734964
12.840562582
13.085696220
12.587935925
12.997483015
12.742867947
12.722448826
3.917979240
13.346046209
12.617612362
12.962999582
12.666248798
12.870620728
12.828974247
12.560795307
12.780886889
13.011117220
12.681898355
3.869578838
13.486603498
12.885396719
12.718418121
12.918044329
12.839564085
12.800036430
12.927778721
12.606626749
12.708937883
12.588591814
4.174893141
13.325035572
13.066667795
12.940470219
13.169795990
13.139325142
13.010180235
12.946579218
12.905116320
12.781445980
12.734544277
3.842187881
13.439117432
12.592725515
12.758181572
12.669875383
12.740363836
12.731477976
13.032175064
12.648067236
12.454368591
12.704320908
3.698317051
13.121824503
12.720373869
12.765794039
12.802904844
13.063409567
12.632459164
12.867154121
12.832470655
12.683765650
12.985771894
3.871650696
13.355652094
13.073986053
12.965068340
12.967458248
12.721920013
12.953212976
12.878274679
12.621650696
12.810275793
12.716626406
3.896950960
13.414101839
12.706276655
12.935409546
12.994475603
12.748176098
12.631320000
12.441779375
12.735345602
12.660489559
12.966130972
3.850629807
13.269795656
12.775202036
12.915552855
12.389418125
12.605562449
12.754026651
13.007036924
12.601395369
12.783973694
12.422498465
3.865316868
13.338079214
12.974587202
12.769036531
12.772450686
13.082557201
12.893547297
12.847441435
12.737329245
13.038186312
12.942364693
3.918693066
13.288138628
12.801361561
12.791553259
12.716263056
12.597898722
12.762051821
12.587261915
12.866121054
12.846956730
12.650432348
4.063504219
13.219314337
13.025994301
12.936833858
12.889136553
12.831615686
12.882012606
13.067602873
13.015134096
12.856201887
13.083781481
3.940130711
13.451643944
12.519192219
12.965599775
12.670493603
12.641133070
12.956155062
12.567888975
12.698223591
12.810974360
12.494812965
4.037457943
13.160601139
12.464629173
12.268347025
12.710319996
12.506824255
12.838717937
12.714893579
12.581166506
12.699024200
12.694934368
3.994991064
13.225419998
12.904560328
12.903722048
12.713845730
12.824266434
12.589104414
12.758104563
12.826931477
12.697427988
12.868512869
3.961052179
12.515593052
11.982658148
11.989685535
11.941606998
12.138936758
11.786424398
11.936074972
11.872111797
11.885746956
11.816402435
3.640996933
12.421000719
11.874678850
12.093442917
11.945025444
12.094165564
11.970093489
11.859087229
12.105671883
11.866244316
12.196000099
3.588879824
12.434929132
12.319090605
12.177729845
12.156694651
12.343510628
12.111209869
12.348684311
12.194472551
12.224249840
12.117000103
3.656114340
12.472432375
11.935190678
12.034480810
11.839457273
12.309194088
11.905895948
11.914669037
11.847991467
11.897607565
11.947987795
3.667418718
12.443509340
12.027590036
11.962507963
11.986224413
12.032329559
12.277972698
11.933642387
12.035668135
12.028568745
12.163939714
3.577586174
12.312115908
12.092412472
12.151125908
12.170708418
12.046862125
12.094435453
12.161273479
12.141908169
11.975070000
12.046326876
3.667254686
12.444831133
12.020350933
12.193340302
12.058623075
12.163086176
12.114848614
12.073722363
12.114755630
11.985523701
12.045397282
3.659946203
12.518801689
12.007398605
12.134906769
11.880359650
12.032707930
12.161908150
11.936572075
12.076826334
11.993216515
11.912320614
3.812127829
12.349495173
12.259377956
12.129377127
12.275688648
11.933976412
12.208969593
12.205077410
12.117412806
12.064346790
12.112206697
3.698559046
12.442628384
12.006570578
12.046314478
12.007515192
12.136203527
12.175116777
11.990800381
12.114691496
12.057354927
12.079818249
3.776081800
12.421016216
12.058032990
12.057542086
11.742231131
12.164368153
12.078597546
12.111262798
12.110064507
11.770512342
11.955269575
3.689985275
12.177145958
11.785089016
11.970707417
11.859225750
11.916756868
12.127807856
11.960219383
11.854319334
11.999125719
11.769127846
3.634145021
12.397432327
12.017234564
11.841803551
11.802151680
11.920130491
11.968305111
11.960930586
11.772504807
12.033063650
11.736882925
3.624469757
12.416098356
12.160834312
12.176653385
12.068592787
12.048116922
12.039508343
12.224056721
12.157412767
12.412881374
12.167124510
3.736464024
12.571281910
12.011701584
11.948897362
12.120881319
11.847418308
12.028063297
11.770517111
12.051302195
11.913069248
12.075811625
3.557950258
12.354014635
11.979161739
12.030240774
12.032975912
11.828222275
11.766368151
11.806728363
11.687599421
11.927790880
12.014294624
3.617956638
12.303969860
12.063601017
11.902468443
12.074067354
11.899250269
12.156937599
12.064067364
11.940867424
12.133368254
12.026133299
3.899087429
12.384992599
11.898357868
11.823476553
11.912186861
11.970504045
11.995356798
11.804593563
11.895620584
11.804960489
11.859261036
3.633460522
12.358318806
11.890548468
11.897929907
11.902933121
11.990252495
11.727952719
11.945643425
11.874102831
11.882491112
11.875618696
3.719997644
12.148213148
11.935496569
12.043358326
11.968020678
12.239365816
12.003342867
12.002942562
11.980075836
12.063894272
12.110409498
3.558963060
12.579384327
12.027068615
12.060935736
11.926346540
12.033094883
12.008908749
11.971510649
12.127260447
12.005954981
11.923868179
3.783080101
12.435457706
12.000910282
12.077266216
11.850608587
11.986532450
12.080134153
12.101013184
11.996442318
12.089043140
11.997176886
3.738779545
12.567986965
12.049352407
12.114450693
12.027509928
12.031065464
12.072055817
11.939474821
12.073370457
11.935920954
12.076874018
3.779018641
12.218332052
11.938459396
12.035658598
12.060665369
11.948266745
11.932275534
11.728489399
11.659202814
11.672702074
11.922278643
3.532664537
12.413704634
11.910029888
11.913937092
11.897511005
12.029378653
11.917844057
12.004009008
11.965674639
11.964934111
11.825467110
3.699546099
12.249693394
11.842170715
11.772785664
11.854263306
11.696379662
11.909645796
11.738327503
11.790103197
11.813738346
11.892233133
3.599908590
12.481509686
11.951729059
11.989137888
11.895827770
11.996521235
12.031105757
11.925104380
11.990494967
11.669672728
11.934389353
3.628001213
12.378395081
12.093568563
12.162301779
11.863815308
11.963829041
11.969983578
11.925601244
12.173526049
12.028690338
12.019351721
3.719079733
12.608700514
12.122624874
12.077191353
12.007268906
12.319637775
12.060459375
12.012531757
12.199303389
12.024069071
11.870366335
3.670744658
12.451272488
11.927754879
11.793317080
12.019799471
12.001249313
11.816010952
11.895009518
11.855413437
11.894891977
11.889266014
3.655591965
12.204202890
11.754167318
11.907469749
12.001083851
11.914913177
11.834500313
11.964543343
11.803846359
11.946629763
11.849169254
3.631835222
12.406317472
12.013574839
12.005344152
12.070356131
11.907780409
11.888979435
12.000508547
11.917507887
11.948299646
12.048984289
3.608402967
12.340900183
12.010159254
11.943718433
11.793789625
12.174760818
11.859977484
11.665090561
11.789590120
11.832844973
11.980150938
3.613757849
12.337732553
11.836354494
11.976103544
11.743460417
11.803471327
11.964304447
11.706636429
11.769695282
11.801638842
11.783266306
3.611040115
12.277299643
11.911532164
11.775462151
12.005389452
12.066463470
11.944827080
11.901272774
11.885179996
11.741405487
11.875999689
3.645640850
