124.636238337
136.966752291
141.271088123
146.731219292
148.787415028
153.052408934
153.058500528
156.461737633
156.174086332
156.864533663
157.209980726
157.500914335
159.793714285
160.540471792
159.750058889
161.293305874
161.222824335
161.453400850
162.056256771
162.305055380
162.785086393
196.630299807
183.916956902
181.133183479
179.240832329
178.852202892
178.096714973
179.065012932
178.670143843
178.941347837
180.434257746
180.943398237
172.189611912
134.679978132
132.150907993
132.241710663
132.650472641
134.237503767
131.817425251
132.091665745
131.582266569
133.702617407
131.018535137
132.128922224
130.645666599
132.600596905
131.600316286
132.779953957
131.946829081
133.159054279
133.241715431
132.703632355
133.168435335
134.341237307
131.986505747
132.865651369
133.541823864
132.586692572
132.089780807
133.796660900
132.441291094
134.365281343
132.283614635
131.217267752
132.791582346
123.934057236
124.445008993
126.514610767
124.207698345
124.895941973
125.284705877
125.294053078
124.893420696
125.778920889
125.256580353
124.592041016
123.481572390
123.498723507
126.031524897
124.328308344
123.467719316
124.889713764
123.412534475
123.492440462
124.490955353
124.877871752
124.768516064
125.092444420
123.091345549
123.961020231
122.592815399
123.919836998
124.735289097
125.406683445
123.648856640
123.284626007
124.246291399
123.444934845
122.767102957
123.468909025
