0.953315735
0.751044273
0.794645071
0.753760338
0.803971529
0.755403280
0.807112455
0.754946709
0.801745892
0.812315941
0.791853666
0.755999565
0.808756828
0.752716780
0.819138050
0.751293182
0.818830252
0.753921986
0.802996397
0.753925562
0.803282976
0.758341551
0.808752537
0.757499695
0.801864386
0.754565716
0.820275784
0.748232603
0.810377598
0.747158527
0.820721388
0.752153635
0.810066700
0.747540951
0.812589169
0.752298117
0.821099758
0.754589081
0.818568707
0.752496243
0.815613031
0.751911879
0.827220917
0.750547171
0.819875002
0.747028589
0.808528423
0.744664192
0.780454397
0.760090828
0.821723461
0.746945381
0.818220377
0.750206470
0.824849606
0.749754190
0.791287184
0.758797646
0.824682236
0.749011755
0.781739950
0.741378307
0.807822943
0.753353119
0.776083708
0.778305054
0.776585340
0.788128614
0.766577482
0.786444187
0.759081364
0.754374743
0.755457878
0.781519175
0.753505707
0.780339718
0.749858141
0.800642729
0.757469654
0.794876337
0.754495382
0.780258894
0.749078512
0.805489063
0.748952866
0.802636385
0.750160694
0.813180208
0.745042324
0.814444542
0.754100800
0.766966343
0.753959417
0.810611725
0.747355938
0.815227270
0.698304176
0.773115873
0.702533484
0.759881496
