4.587222338
4.437036753
4.267337322
4.346717834
4.293603420
4.286671162
4.305789709
4.291830063
4.281927824
3.104622364
4.647149801
4.289701223
4.348645449
4.365885973
4.289280891
4.248784542
4.301416636
4.293720961
4.218962669
2.962674856
4.587513208
4.271982193
4.306648493
4.422491550
4.346014023
4.314472914
4.228468180
4.245647192
4.191974640
2.964352369
4.569239616
4.380890846
4.348580599
4.316003561
4.342909336
4.404238939
4.208311558
4.263362885
4.328288078
2.958610535
4.697459459
4.391088009
4.357060194
4.375462294
4.354631424
4.292469978
4.327656269
4.287308216
4.269472599
2.931827068
4.559917927
4.328326702
4.325269699
4.393325329
4.345569134
4.294661760
4.216155529
4.212014198
4.264762402
3.084467888
4.633709908
4.322914362
4.323418617
4.310376167
4.347595453
4.333399534
4.330043554
4.406613350
4.254862785
2.932543755
4.554510593
4.333932161
4.307599783
4.326554060
4.361874819
4.282657862
4.346402645
4.388060570
4.256034851
2.972289324
4.571948051
4.286243439
4.289281607
4.298480749
4.402904987
4.332828283
4.265158653
4.229815006
4.286971569
2.953353167
4.538311005
4.312528610
4.433558226
4.330441475
4.296427250
4.407513380
4.233405113
4.301085711
4.234943867
2.934692144
4.617713451
4.415949106
4.366570950
4.332945585
4.322259665
4.310136557
4.265251875
4.233607531
4.236646891
3.105013371
4.562527418
4.290969849
4.363795996
4.328599930
4.287929535
4.388318539
4.185497999
4.406741619
4.328881502
2.997079372
4.610783100
4.390153170
4.342470169
4.323890924
4.489756823
4.406462431
4.318263531
4.224797964
4.329393148
2.901416302
4.656381607
4.448681831
4.405249357
4.297465324
4.330726147
4.271626234
4.200998068
4.274735212
4.204784155
2.928033590
4.585565329
4.486156225
4.370183468
4.360866308
4.284628868
4.354161978
4.305442810
4.298221827
4.406015873
3.079691887
4.503103971
4.270356894
4.329168320
4.398406029
4.390950918
4.279665947
4.304976463
4.251799107
4.393780470
2.919673681
4.519308805
4.366701126
4.300634861
4.347650051
4.309047699
4.281280994
4.248616219
4.297376394
4.240964174
2.974622726
4.539632082
4.378739834
4.304019690
4.310798883
4.394064665
4.275950909
4.233780861
4.272711277
4.360271215
3.018848419
4.505752802
4.438066959
4.340837002
4.341615915
4.339445829
4.389401674
4.274240732
4.289629936
4.252635241
2.957356453
4.531179905
4.315383673
4.379249573
4.366822243
4.322314501
4.275289059
4.238016844
4.189808369
4.228565931
2.917212248
4.521342516
4.310116768
4.345105648
4.361345768
4.397692204
4.430979252
4.245294333
4.250510931
4.301538467
2.940320253
4.629247665
4.360955954
4.328255177
4.332957506
4.422643185
4.316411495
4.371679544
4.320824623
4.374518394
3.089860201
4.482741117
4.363799810
4.360445023
4.401884794
4.403660536
4.307494879
4.257659197
4.241638660
4.229434729
2.976279736
4.517076015
4.332650900
4.332195759
4.429386854
4.295508146
4.402817488
4.267265558
4.215005398
4.275941610
2.927439690
4.549046278
4.335086584
4.372210741
4.306716681
4.264678240
4.295334339
4.283150911
4.225192308
4.271771431
2.992620707
4.655141830
4.307681084
4.334680080
4.310508490
4.365505934
4.360196590
4.278043985
4.345511436
4.271683931
2.958470106
4.549866199
4.301164865
4.370320797
4.268161297
4.376851797
4.308293343
4.261315584
4.243150711
4.342965841
3.037351131
4.565129757
4.343054533
4.338085890
4.355088949
4.360845566
4.341803551
4.344224215
4.263808489
4.271607399
2.908622265
4.549455881
4.291070938
4.395762920
4.380846024
4.339311123
4.325666904
4.261221170
4.383383036
4.217086792
2.934463978
4.546241045
4.343963146
4.298976421
4.344352722
4.353208065
4.326930046
4.213634968
4.303213596
4.270428419
2.931464672
4.506799936
4.311509609
4.321166992
4.306231976
4.428585768
4.315565109
4.255628109
4.246351480
4.284855843
3.071235895
4.553345442
4.358230114
4.334954262
4.366181135
4.312518358
4.377374411
4.284536600
4.315191984
4.384982109
2.954366207
4.521236658
4.380607843
4.409845352
4.317313194
4.361884117
4.308135748
4.281206846
4.302816629
4.276380062
2.968493223
4.500283480
4.383505106
4.314364672
4.369171858
4.300639868
4.339956760
4.236813545
4.262546778
4.233947992
2.956302881
4.622224808
4.314471960
4.294308901
4.308047295
4.321193695
4.270442963
4.256744862
4.233151674
4.235300064
2.987870693
4.586996317
4.299834490
4.318532944
4.462590694
4.520970821
4.311192274
4.292742014
4.318847895
4.272814751
2.948789120
4.582619190
4.345891476
4.341664076
4.341526508
4.277870655
4.295541286
4.448833942
4.256227970
4.286304235
3.002731085
4.548414230
4.318694353
4.372416019
4.290885448
4.303264856
4.336587667
4.298930645
4.296753407
4.222609758
2.900612593
4.592289925
4.404008150
4.390321493
4.387211084
4.286691904
4.325772285
4.300959587
4.298590660
4.209113598
2.922162771
4.526589394
4.411592722
4.377947092
4.291875601
4.290516376
4.265002251
4.443916798
4.270101786
4.300349474
2.974447012
4.542733669
4.332894087
4.333458662
4.277170897
4.329889059
4.249372482
4.264913559
4.265439749
4.210769415
3.021602869
4.588194609
4.293420315
4.391676903
4.279559612
4.298276663
4.385753393
4.229568958
4.253634930
4.255933046
2.931335926
4.534598112
4.264082193
4.339469671
4.318917036
4.472039700
4.280899286
4.218327045
4.237569094
4.262124777
2.957190990
4.584097385
4.389194727
4.333470106
4.288491488
4.329543591
4.306797743
4.264729977
4.230081320
4.240465879
3.077376366
4.573448896
4.324233532
4.301055670
4.321510315
4.325432539
4.303614855
4.308141947
4.195155621
4.282641888
2.989217520
4.586183548
4.326488495
4.370009184
4.401971579
4.306350231
4.274934530
4.251504183
4.202124357
4.242369890
2.987322569
4.530142546
4.385916233
4.385017633
4.301395178
4.331062794
4.275617838
4.194248915
4.211159706
4.223587990
3.003563643
4.537256241
4.268493414
4.348678350
4.351419687
4.374158144
4.294925213
4.322310209
4.261481524
4.372285366
2.931751966
4.510869980
4.255748272
4.350821257
4.386873722
4.390634537
4.382477283
4.227257252
4.289933443
4.294211388
3.034749269
4.538715124
4.388576508
4.285127401
4.280748606
4.325053215
4.313204288
4.287725687
4.343716860
4.304042816
2.963736773
4.565611839
4.361783028
4.323230028
4.336528301
4.296026707
4.305616379
4.286657333
4.263254166
4.219902039
2.917910814
4.518440008
4.315307856
4.288174391
4.378147364
4.374103785
4.254717350
4.260500669
4.265193701
4.242731571
2.980810881
4.698483706
4.378809690
4.304362774
4.401168108
4.359388590
4.334103584
4.223642588
4.325241804
4.281157017
2.953092337
4.519568205
4.331714869
4.403351784
4.390599966
4.331683636
4.421294689
4.302248240
4.332878351
4.264143467
2.981094360
4.562347889
4.314731121
4.346930742
4.374805212
4.330400705
4.382462740
4.260274410
4.232384682
4.312610865
3.017451525
4.520100355
4.306113243
4.324918270
4.330101252
4.285757780
4.301981211
4.370913506
4.348001480
4.273149252
2.952003479
4.596450806
4.341546297
4.338005781
4.340875864
4.361850023
4.307804585
4.213624477
4.242341757
4.314885139
2.934092999
4.553497076
4.395385742
4.384911776
4.359017611
4.385977268
4.371675253
4.280464411
4.348001003
4.284566164
2.948350191
4.558205843
4.378044844
4.341692686
4.365386248
4.302958250
4.302034378
4.221604347
4.255248547
4.321694851
2.998009443
4.533168554
4.342221498
4.376731396
4.370863438
4.353694916
4.294888973
4.225032806
4.257120848
4.243980885
2.939148188
4.592442989
4.355847836
4.334141493
4.291654110
4.372184992
4.388528585
4.287200212
4.317231655
4.298605442
3.114842415
4.536629200
4.387862444
4.393120289
4.287439346
4.299060106
4.349038363
4.292549372
4.243063211
4.284664631
2.941138268
4.627255678
4.326462030
4.344009638
4.254223108
4.329470634
4.341337681
4.189403296
4.253204584
4.296020269
3.002335787
4.526614666
4.318270206
4.316994667
4.270894289
4.319758415
4.268093586
4.255718470
4.256701231
4.237281322
2.923273325
4.646654606
4.376732111
4.324810505
4.298239708
4.275469780
4.278985023
4.388381243
4.221022367
4.248098612
3.007530689
4.584510326
4.460936785
4.359875441
4.378425121
4.299110651
4.290452957
4.269390821
4.271370888
4.262284756
2.975565910
4.533356905
4.302232742
4.389848709
4.357488871
4.263482809
4.373494387
4.455628395
4.218230724
4.241012335
2.972007990
4.527867079
4.352562904
4.412464857
4.333770275
4.329012871
4.338759422
4.419688225
4.238153696
4.295579910
3.128418446
4.591871023
4.392547369
4.293196440
4.371968985
4.430954218
4.348889112
4.260994911
4.503504276
4.349812984
2.946525097
4.543372631
4.349297523
4.346973181
4.390858412
4.416796446
4.385514021
4.220194340
4.247311115
4.321772575
2.942855835
4.620376587
4.382853508
4.307201862
4.372971296
4.311077595
4.430739164
4.278052807
4.267532349
4.229143381
2.957215071
4.487118959
4.330411911
4.403529882
4.277130604
4.337481976
4.348144054
4.299008846
4.290098190
4.258785963
2.940849781
4.532670975
4.294668913
4.325009346
4.443081141
4.420330286
4.342409372
4.223528862
4.250189066
4.282125711
2.948155403
4.572632790
4.330578089
4.306069136
4.339967728
4.429318666
4.278944254
4.274375916
4.306694269
4.211891890
3.021019459
4.572550774
4.351109505
4.360335588
4.323404074
4.343895435
4.330276489
4.289544344
4.462601185
4.193128109
3.030064344
4.525164604
4.281757116
4.421511173
4.352186918
4.550397873
4.347310543
4.233042479
4.249250412
4.318704128
3.093574762
4.572678566
4.312279224
4.359166861
4.404710531
4.447450638
4.266779900
4.278674126
4.287516832
4.221021414
3.000676155
4.487137318
4.416344643
4.302398205
4.379522324
4.282963514
4.339396477
4.200598955
4.223702431
4.198405027
3.056051731
4.529322386
4.318296671
4.373583794
4.389833927
4.289073706
4.306586504
4.190446377
4.337531090
4.271831989
3.024229050
4.590477943
4.353142738
4.350291729
4.304497719
4.378252029
4.293587208
4.193498373
4.313642979
4.220824242
2.966653109
4.581798553
4.384158850
4.360185623
4.370724201
4.290524483
4.344772339
4.248891354
4.203364611
4.289439201
3.101322889
4.635793209
4.421789646
4.342674732
4.283195734
4.368607283
4.285940647
4.242697954
4.272224188
4.316823006
3.006189108
4.577187300
4.275050402
4.337818384
4.362906456
4.316715956
4.306208372
4.278558016
4.303090572
4.241082430
2.959823608
4.630705357
4.494053602
4.305433035
4.294177771
4.358306170
4.304620266
4.269790173
4.305096149
4.315673351
2.958522558
4.539332390
4.345877886
4.328722477
4.339350462
4.363646984
4.278073549
4.235849380
4.268484354
4.323368788
2.901628494
4.499826193
4.246670008
4.302952528
4.272796392
4.419041395
4.274098396
4.258630753
4.303183556
4.233583689
2.936403751
4.570472717
4.427037239
4.347258329
4.418209791
4.333942413
4.324005842
4.225228786
4.286457539
4.276172161
2.916120529
4.593492031
4.314513206
4.448972464
4.335176706
4.330242872
4.313554287
4.372357368
4.271672010
4.314329624
3.097416401
4.490540743
4.400649309
4.349217176
4.362448692
4.298540115
4.371367216
4.247111320
4.431003332
4.208599091
2.939558744
4.609131575
4.306885958
4.412661791
4.353523016
4.358957529
4.336492538
4.317764044
4.332801104
4.261995792
2.949462414
4.526454210
4.374580622
4.474618673
4.317921877
4.310675144
4.312839031
4.369812489
4.225387812
4.219954491
2.977006912
4.491991997
4.354105234
4.342092037
4.421291828
4.315419197
4.399094820
4.327553272
4.386091709
4.296165943
2.994439363
4.515566111
4.297853231
4.358615637
4.342485428
4.310426950
4.309602737
4.277459860
4.260900259
4.285325766
3.057668686
4.521590471
4.381977797
4.316482067
4.256618738
4.319724798
4.344668150
4.227995872
4.272043705
4.298184633
2.953628778
4.488332748
4.390290022
4.421103954
4.363193274
4.413945913
4.252215147
4.327067375
4.286429167
4.357253790
2.994038105
4.575449944
4.478253126
4.316179752
4.343511343
4.339514494
4.304309368
4.256430149
4.391631603
4.231449127
2.975689650
4.546578646
4.317963362
4.286295891
4.378118753
4.374413729
4.308917522
4.245830536
4.388676167
4.375937939
2.966322422
4.532736063
4.341483355
4.269333839
4.429761887
4.370948553
4.312972307
4.272482395
4.252483130
4.285897732
2.909852028
4.587275028
4.348946095
4.338923931
4.356192350
4.392523527
4.407836914
4.325833559
4.272140026
4.261253595
2.965330124
4.552751541
4.341633797
4.335324526
4.445823193
4.335724592
4.329554319
4.285697937
4.319167376
4.254949093
3.110549688
