42.561597824
42.360117912
42.254020691
42.507731438
42.663283587
42.404778242
42.583906889
42.509711027
42.290925503
42.406643152
42.579197884
42.526282549
42.726541758
42.396667004
42.904492855
42.424062729
42.270449400
42.474400997
42.503416777
42.145521879
42.478640318
42.928066730
42.416562557
42.370189190
42.281105995
42.574637651
42.433951139
42.474906445
42.460850477
42.312492371
42.420698404
42.618812323
42.507354021
42.280366898
42.220134258
42.723326206
42.564091444
42.275760174
42.503188610
42.537810326
42.208592415
42.292603731
42.265855551
42.424650192
42.317655563
42.328529596
42.225189924
42.454003811
42.504855156
42.424034119
42.249969959
42.259214163
42.636914492
42.661067009
42.512628317
42.401310682
42.374413013
42.704933882
42.415129185
42.320107698
42.734058619
42.397628307
42.336273193
42.075431347
42.440604448
42.532131910
42.493026972
42.757559061
42.874716520
42.542683363
42.536616564
42.350462198
42.449739218
42.457188606
42.635599375
42.751945496
42.534700155
42.275150776
42.418467045
42.342645884
42.561172009
42.559591055
42.336333036
42.617018700
42.303630352
42.132740498
42.506997824
42.768595934
42.477563620
42.628747702
42.492816925
42.711022854
42.395325899
42.276705027
42.670503616
42.602054119
42.563205242
42.355561733
42.631069899
42.697765827
