0.373092413
0.330584049
0.305067301
0.296203852
0.274126291
0.300511837
0.269878149
0.265295982
0.280215979
0.299417019
0.282288313
0.263441324
0.257431030
0.275183201
0.291951895
0.327152252
0.267722130
0.281123161
0.294302702
0.309140205
0.266445160
0.295767546
0.260602474
0.260190487
0.278250694
0.280136585
0.272035122
0.263261557
0.260115385
0.286723852
0.268663406
0.305247545
0.300549984
0.259770393
0.264112711
0.302522898
0.298002005
0.277112246
0.318714142
0.321175098
0.262006760
0.292367220
0.299067020
0.310431719
0.260555029
0.315197706
0.310065985
0.256971836
0.291938066
0.269059181
0.297814131
0.296226263
0.264219046
0.262703896
0.310075760
0.289428473
0.264853716
0.283153772
0.320201874
0.328009367
0.280172825
0.259141684
0.287503004
0.264397860
0.289257050
0.292386293
0.297513723
0.333105326
0.259293556
0.304768801
0.293771505
0.304480791
0.320637703
0.313172340
0.306905270
0.265977859
0.263313055
0.262853861
0.296628714
0.297816515
0.272050381
0.309865236
0.287190676
0.295355797
0.303005934
0.323749065
0.271191835
0.375347137
0.298351765
0.275918245
0.320733070
0.294736147
0.299015522
0.293836355
0.272773981
0.305857182
0.269314766
0.236852884
0.228878260
0.230862856
