0.016542673
0.016572237
0.016970873
0.016975641
0.017191410
0.017555237
0.017726660
0.017547369
0.017886162
0.017721653
0.017691612
0.017740488
0.017469168
0.017817974
0.017652750
0.017790556
0.017221689
0.014778614
0.016690493
0.016650200
0.016894341
0.017231941
0.017286539
0.016990900
0.017079115
0.016912937
0.016850948
0.016904116
0.017168522
0.017519712
0.017786026
0.017451763
0.017660141
0.017449617
0.017445803
0.015249968
0.016787529
0.016570330
0.017823219
0.018059492
0.017903566
0.017854691
0.017990112
0.017902136
0.017985582
0.017963886
0.017968178
0.017892838
0.017910719
0.017897367
0.017909527
0.017720461
0.017805099
0.015387774
0.016834259
0.016446114
0.016929388
0.016978979
0.017078400
0.016867638
0.017042637
0.017016888
0.017120600
0.017127514
0.017064095
0.016942501
0.017483950
0.017536879
0.017784595
0.017783165
0.017789841
0.015550375
0.016759634
0.017502785
0.017889261
0.018057346
0.018232107
0.018118620
0.018081188
0.018145800
0.017936945
0.018014193
0.018027782
0.017817020
0.017747164
0.017904997
0.017899275
0.017678976
0.017709732
0.015512228
0.016794920
0.016515732
0.016996861
0.017442226
0.017183781
0.017128229
0.017093658
0.017119408
0.017155886
0.016870022
0.017180681
0.017712116
0.017576218
0.017738342
0.017733097
0.017730236
0.017508030
0.015316963
0.016845465
0.016742229
0.017879486
0.017856359
0.017882109
0.017753839
0.017974854
0.017833710
0.017928839
0.017942190
0.018030643
0.017795563
0.017878771
0.018265963
0.017910004
0.017631054
0.017787695
0.015422821
0.016807318
0.016145945
0.016880989
0.016976595
0.017362118
0.017133236
0.017034292
0.017036676
0.017020702
0.016936779
0.017095089
0.017137527
0.017395020
0.017987967
0.017927170
0.017891169
0.017703772
0.015536308
0.016729593
0.016745329
0.017889738
0.017923594
0.017872810
0.017891884
0.017787457
0.017686605
0.017631769
0.017880678
0.017821789
0.017803431
0.017820597
0.017633200
0.017897367
0.017807484
0.017847538
0.015431166
0.016757965
0.017277956
0.017677307
0.017543554
0.017306328
0.017250061
0.017202139
0.017188787
0.017144442
0.017131329
0.017109871
0.017124414
0.017112017
0.017091274
0.017489910
0.017893076
0.017870665
0.015468597
0.016681194
0.016442299
0.016853571
0.017050028
0.016923428
0.017017603
0.017021179
0.017025471
0.017040730
0.017065287
0.017894745
0.017869234
0.017700195
0.017869949
0.017888546
0.017853737
0.017784595
0.015401840
0.016603470
0.016444445
0.017887115
0.017700911
0.017694473
0.017902374
0.017964840
0.017717361
0.017794847
0.017703295
0.017811775
0.017823696
0.017775774
0.017812490
0.017604351
0.017799616
0.017775774
0.015377283
0.016759396
0.016497374
0.016912460
0.016984940
0.017078161
0.016868830
0.016999722
0.017020941
0.017016888
0.017031670
0.017003298
0.016969204
0.017424107
0.017872095
0.017874718
0.017879009
0.017690659
0.015307188
0.016890049
0.016555786
0.017997503
0.017894030
0.017927647
0.017893553
0.017728567
0.017872810
0.017797709
0.017815828
0.017857075
0.018009901
0.017720938
0.017894268
0.017877102
0.017800570
0.017911196
0.015487671
0.016659021
0.016377449
0.016713142
0.017033339
0.017045259
0.017027617
0.017168760
0.017023325
0.017041922
0.017158747
0.017128944
0.016981840
0.017060280
0.017992973
0.018008709
0.018241882
0.017903328
0.015452385
0.016684055
0.017325163
0.017992020
0.018056631
0.018011093
0.018127203
0.018043756
0.017803907
0.017863274
0.018029213
0.017876625
0.017868280
0.017820835
0.017666817
0.017853737
0.017865419
0.017892361
0.015505552
0.016603231
0.016546249
0.016952753
0.017153025
0.017311096
0.017146587
0.016973734
0.017075062
0.017011404
0.017087460
0.017074108
0.017011642
0.016995192
0.017620325
0.017958164
0.017686605
0.017867088
0.015460968
0.016891003
0.017124414
0.017735243
0.017872095
0.017910004
0.017861843
0.017886162
0.017901897
0.017786503
0.017799854
0.017955065
0.017944813
0.018009186
0.017941236
0.017932653
0.017739773
0.017873764
0.015494585
0.016952038
0.016427040
0.017069578
0.017008305
0.017349482
0.017234802
0.017054081
0.017095804
0.017081261
0.016920328
0.017046928
0.017082214
0.017035246
0.017412901
0.017969370
0.017949820
0.017936707
0.015551090
0.017602921
0.017340899
0.017693281
0.017994165
0.018024445
0.018162251
0.018057108
0.017942190
0.017718792
0.017884970
0.017881870
0.017666817
0.017883539
0.017656326
0.017862558
0.017833948
0.017811537
0.015494108
0.016573191
0.016434908
0.016908169
0.017161608
0.017071009
0.016857386
0.016883373
0.017013788
0.017017365
0.017007589
0.017017841
0.016888618
0.017489910
0.017754316
0.017985344
0.017972231
0.017767191
0.015560627
0.018326044
0.017892361
0.017939329
0.017882824
0.018032789
0.017882824
0.017802715
0.017941236
0.017858744
0.017604113
0.017852306
0.017604113
0.017850399
0.017816782
0.017886162
0.017646551
0.017789602
0.015375376
0.017159939
0.016426563
0.017045498
0.017091990
0.016969442
0.017261982
0.017151594
0.017040491
0.017092466
0.017251015
0.016865969
0.016948700
0.017341137
0.017853260
0.017883301
0.017699242
0.017905474
0.015467167
0.017355204
0.017233849
0.018043280
0.018004179
0.017792463
0.018074512
0.017976284
0.018043756
0.017620802
0.017864943
0.017890692
0.017810583
0.017798901
0.017785788
0.017588139
0.017789364
0.017765284
0.015385866
0.017815590
0.017771721
0.018038750
0.017875671
0.017919779
0.018148899
0.017819405
0.017994404
0.018123627
0.018118143
0.017946720
0.017747641
0.018110514
0.017811060
0.017960310
0.017705679
0.017718315
0.015340805
0.016859055
0.016933680
0.017723083
0.017875910
0.017876148
0.017689466
0.017879486
0.017871141
0.017626286
0.017802954
0.017846107
0.017861605
0.017848015
0.017791271
0.017803192
0.017887354
0.017852306
0.015404224
0.017467976
0.017306566
0.017917633
0.018153906
0.017769098
0.018027544
0.017871618
0.017840862
0.017901182
0.017668724
0.017718077
0.017822742
0.017600536
0.017597914
0.017858267
0.017802238
0.017611027
0.015409231
0.016950369
0.017826557
0.017902374
0.017896175
0.017903090
0.017888784
0.017859697
0.017929792
0.017858505
0.017798424
0.017795086
0.017662525
0.017862082
0.017786264
0.017611980
0.017774820
0.017804623
0.015367508
0.016769648
0.017351866
0.017909288
0.018082857
0.017840624
0.018064022
0.018076420
0.017885447
0.018038034
0.018032789
0.018044710
0.017834902
0.017794847
0.017799377
0.017832994
0.017769098
0.017780781
0.015382767
0.016744852
0.016176939
0.016750813
0.017024517
0.017086267
0.017019987
0.017102003
0.017112970
0.017070055
0.017048836
0.017442703
0.017778635
0.017769575
0.017945290
0.018006802
0.017882586
0.017793417
0.015433788
0.017732620
0.017807007
0.017931223
0.018037558
0.017766237
0.017883539
0.017949820
0.017613173
0.017924786
0.017723560
0.017921925
0.017817497
0.017662048
0.017925501
0.017819643
0.017783165
0.017775297
0.015384912
0.016902208
0.016273499
0.017004490
0.017213583
0.017292023
0.017086029
0.017047882
0.017029047
0.017020226
0.017054796
0.017150164
0.017033100
0.017613411
0.018066645
0.017867088
0.017805338
0.017970800
0.015392780
0.017665863
0.017246962
0.017830133
0.017929554
0.017689228
0.017880678
0.017875195
0.017698050
0.017942429
0.017782450
0.017645121
0.017848492
0.017866135
0.017899275
0.017844200
0.017788172
0.017781973
0.015382290
0.017522097
0.017810583
0.017879009
0.017875433
0.017726421
0.017941475
0.018131256
0.017844200
0.017824650
0.017805338
0.017805338
0.017808437
0.017601252
0.017791510
0.017784119
0.017799377
0.017917871
0.015452385
0.017464399
0.017227650
0.017729759
0.018021822
0.017970562
0.017961740
0.017968416
0.017726183
0.017890930
0.017899275
0.017963409
0.017975807
0.017779112
0.017974377
0.017905712
0.017871857
0.017719030
0.015527010
0.017504454
0.017363548
0.017859221
0.017939329
0.017930269
0.017890692
0.017790318
0.017970085
0.017737865
0.017812967
0.017783165
0.017782927
0.017874479
0.017817020
0.017800093
0.017799616
0.017879725
0.015254498
0.016608715
0.017488956
0.017892361
0.017867565
0.017732859
0.017919540
0.017788887
0.018031597
0.017830610
0.017785072
0.017939091
0.017773390
0.017930269
0.017601728
0.017604113
0.017790318
0.017783642
0.015235186
0.017668486
0.017476559
0.017868757
0.017898083
0.017765999
0.017701626
0.017700911
0.017823219
0.017599583
0.017797709
0.017605782
0.017796278
0.017618418
0.017793179
0.017803431
0.017784834
0.017773867
0.015386105
0.016731024
0.016931772
0.017913342
0.017691135
0.017897367
0.017885923
0.018093586
0.017714739
0.017873049
0.017664909
0.017914295
0.017813206
0.017721176
0.017843485
0.017615318
0.017835855
0.017853737
0.015409946
0.017758369
0.018009901
0.017884970
0.017872334
0.017903566
0.017679453
0.017842770
0.017796516
0.017833948
0.017608643
0.017783403
0.017789125
0.017792940
0.017664909
0.017788887
0.017781734
0.017782211
0.015386820
0.017132282
0.017859697
0.017894506
0.017893791
0.017895699
0.017883539
0.017886162
0.017769814
0.017774820
0.017605543
0.017945051
0.017804623
0.017776966
0.017787218
0.017878056
0.017858267
0.017858267
0.015313148
0.017950296
0.017739296
0.018137217
0.018024683
0.017796516
0.017979383
0.018127680
0.017934799
0.017891407
0.017799139
0.017784834
0.017999411
0.017684698
0.017952442
0.017885447
0.017671347
0.017708063
0.015476942
0.016776085
0.017687559
0.017930269
0.017806530
0.017986774
0.017973185
0.017858982
0.017717361
0.017623186
0.017670155
0.017781973
0.017622471
0.017824173
0.017783880
0.017773390
0.017784595
0.017765760
0.015380621
0.017580509
0.017927647
0.017952681
0.017740488
0.017897129
0.017856121
0.017862558
0.017599106
0.017807722
0.017779350
0.017782927
0.017837524
0.017777920
0.017802000
0.018015146
0.017867327
0.017790079
0.015268087
0.016922474
0.016972542
0.017886162
0.017926693
0.017875195
0.017691135
0.017691851
0.017650127
0.017861366
0.017873526
0.017813444
0.017799139
0.017808199
0.018013477
0.017836571
0.017648697
0.017810106
0.015249252
0.017984629
0.018037319
0.018023968
0.017955065
0.017772675
0.017961979
0.017989397
0.017894983
0.017794609
0.017692089
0.017799616
0.017810583
0.017777205
0.017786980
0.017792702
0.017774582
0.017774105
0.015237093
0.017724037
0.017667532
0.017948389
0.017894506
0.017866373
0.017733097
0.017896652
0.017814636
0.017603159
0.017788410
0.017779350
0.018000603
0.017790079
0.017763376
0.017787218
0.017771006
0.017761230
0.015377998
0.017639399
0.017852306
0.018010378
0.018103838
0.017816067
0.018142939
0.018012285
0.017827988
0.017776251
0.017925024
0.017596483
0.017933846
0.017815113
0.017894745
0.017598391
0.017865896
0.017845154
0.015391111
0.018257380
0.017805815
0.017601252
0.017616749
0.017786503
0.017784357
0.017773390
0.017665148
0.017839432
0.017855406
0.017844439
0.018005133
0.017835379
0.017858505
0.017816782
0.017778158
0.017772436
0.015382290
0.017902374
0.017900944
0.017838240
0.018024206
0.018043518
0.017980814
0.017854691
0.017940044
0.017974615
0.018000841
0.017892838
0.017686605
0.017931223
0.017842293
0.017778158
0.017777920
0.017602205
0.015308857
0.016690969
0.016410112
0.016932487
0.017130613
0.017114162
0.017266750
0.017129421
0.017121792
0.017089605
0.017185688
0.017666101
0.017847061
0.017839432
0.017972231
0.017958164
0.018009663
0.017916918
0.015516996
0.018056870
0.017810106
0.018042326
0.018163919
0.018074274
0.017924786
0.017996073
0.017848730
0.017879963
0.017975569
0.017919064
0.017897844
0.017955065
0.017933130
0.017702818
0.017911434
0.017948389
0.015518665
0.018396616
0.017972946
0.017894983
0.017953157
0.017755747
0.017869234
0.017953396
0.017683029
0.017937660
0.018029928
0.017870426
0.017902136
0.017761946
0.017888784
0.017916679
0.017871141
0.017688274
0.015304327
0.017750502
0.017771244
0.017925739
0.017932653
0.017906189
0.017697334
0.018005371
0.017911673
0.017615795
0.017649889
0.017609835
0.017882347
0.017836332
0.017791510
0.017597198
0.017634392
0.017925262
0.015493393
0.018310308
0.017999649
0.017923594
0.017904758
0.017798424
0.017928600
0.017802477
0.017899990
0.017873287
0.017881393
0.017735243
0.017918825
0.017793179
0.017666817
0.017781973
0.017790318
0.017914772
0.015524626
0.017796278
0.017832518
0.017709017
0.017869949
0.017899275
0.017869473
0.017881393
0.017978191
0.018090248
0.017666578
0.017808914
0.017806292
0.017858505
0.017877102
0.017808914
0.017794847
0.017606497
0.015403986
0.017024040
0.017960072
0.018019915
0.017984629
0.017887115
0.018010616
0.017862797
0.017879486
0.017953873
0.017881393
0.017868519
0.017730236
0.017622709
0.017850161
0.017902136
0.017871141
0.017911911
0.015466928
0.018250942
0.018008709
0.017980099
0.017959356
0.017946005
0.017949104
0.017829657
0.017892361
0.017813206
0.017851591
0.017673731
0.017789364
0.017650843
0.017698288
0.017881870
0.017850399
0.017948389
0.015324116
0.018214703
0.017962456
0.017822266
0.017928839
0.017854214
0.017732620
0.017901182
0.017604351
0.018033981
0.018070698
0.018001318
0.017975569
0.017916441
0.017746687
0.017922401
0.017895699
0.017755747
0.015493631
0.017999172
0.017759085
0.018046856
0.018195152
0.018116713
0.018034935
0.017808676
0.017954588
0.017696142
0.017923117
0.017742872
0.017927647
0.017927408
0.017938614
0.017876387
0.017673016
0.017858267
0.015476227
0.018400669
0.018013954
0.018064499
0.017734528
0.018050909
0.017647982
0.017914057
0.017669201
0.017813683
0.017852068
0.017959118
0.017983198
0.018027067
0.017797947
0.017645121
0.017845392
0.017797470
0.015259743
0.018289328
0.017831802
0.018017769
0.017808914
0.017993212
0.018046379
0.018017769
0.017982721
0.017937183
0.017896891
0.017899990
0.017914534
0.017910004
0.017684698
0.017889261
0.017703772
0.017902136
0.015468121
0.018208027
0.018040419
0.017875195
0.017870188
0.017698288
0.018095016
0.017870188
0.018043995
0.018036127
0.017845392
0.017630816
0.018018723
0.017866611
0.017838717
0.017603636
0.017824650
0.017819405
0.015400887
0.017842054
0.017928839
0.017813921
0.018123865
0.017986059
0.017993689
0.018076897
0.017856359
0.017877579
0.017681837
0.017872572
0.017872572
0.017928123
0.017862797
0.017865896
0.017675161
0.017850399
0.015326977
0.018225908
0.017821074
0.017656326
0.017791748
0.017872572
0.017861366
0.017870188
0.017629623
0.017811060
0.017787933
0.017824650
0.017638683
0.017816067
0.017801523
0.017817736
0.017784834
0.017634392
0.015412569
0.017551184
0.017409563
0.018121719
0.018095970
0.017983198
0.017981768
0.017969131
0.017895460
0.017994165
0.018022776
0.017828941
0.017821074
0.017827511
0.017668486
0.017801523
0.017831326
0.017803669
0.015393019
0.018358707
0.017739058
0.017886400
0.017879248
0.017846584
0.017602444
0.017791748
0.017799139
0.017795324
0.017788172
0.017617702
0.017606735
0.017788410
0.017792463
0.017788887
0.017599583
0.017784119
0.015382528
0.017909527
0.017825603
0.018104792
0.017957211
0.018042326
0.017919540
0.017873764
0.017601490
0.017772436
0.017806768
0.017629147
0.017794371
0.017607689
0.017672300
0.017860174
0.017600775
0.017789364
0.015377998
0.016704798
0.016366482
0.016857624
0.016995192
0.017273903
0.017078400
0.016919136
0.017184973
0.017071962
0.016852379
0.017158031
0.017034292
0.017726421
0.017672777
0.017690897
0.017864466
0.017865658
0.015470743
0.017451286
0.017427444
0.017940998
0.017885923
0.017894506
0.017873764
0.017696142
0.017844677
0.017794609
0.017798901
0.017780066
0.017787695
0.017798901
0.017783165
0.017817020
0.017796516
0.017600536
0.015394688
0.017780304
0.017743587
0.017966270
0.017981052
0.018103361
0.017951965
0.017963886
0.017877817
0.017674446
0.017700195
0.017682552
0.017725229
0.017741680
0.017905235
0.017681599
0.017850637
0.017659903
0.015470743
0.017700434
0.017900705
0.017893076
0.017929316
0.017907858
0.017875195
0.017860174
0.017883062
0.017863512
0.017630577
0.017851591
0.017813206
0.017931700
0.017986774
0.017854929
0.017778158
0.017777681
0.015437841
0.017568588
0.016318798
0.016510963
0.016898394
0.017023563
0.016895533
0.017033815
0.017012358
0.017015219
0.017008781
0.016971827
0.016770840
0.017048836
0.017902851
0.017874479
0.017668486
0.017867804
0.015447855
0.017749071
0.017376661
0.017688274
0.017694712
0.017944813
0.017878771
0.017873764
0.017622709
0.017785311
0.017616034
0.017632723
0.017780304
0.017791510
0.017787695
0.017796993
0.017777205
0.017776966
0.015224934
0.017857313
0.017499685
0.017690420
0.017866373
0.017880440
0.017855167
0.017867088
0.017649174
0.017784834
0.017778397
0.017611742
0.017615318
0.017868996
0.017875910
0.017859697
0.017855644
0.017805815
0.015287161
0.018163919
0.017644405
0.017895460
0.018073320
0.017740488
0.018015146
0.017956734
0.017975807
0.017889738
0.017939329
0.017926216
0.017991543
0.017967939
0.017998457
0.017853022
0.017848492
0.017873049
0.015467167
0.017890692
0.017992020
0.018023491
0.017878771
0.017805338
0.018045902
0.017965794
0.018128157
0.017959356
0.017809629
0.017947197
0.017946482
0.017944098
0.017879486
0.017882586
0.017876148
0.017867327
0.015299082
0.016596794
0.016795397
0.017694712
0.017986059
0.017947197
0.017871141
0.017717361
0.017637491
0.017816544
0.017782927
0.017782450
0.017843962
0.017807007
0.017789364
0.017779350
0.017584562
0.017790079
0.015384674
0.017661095
0.017271280
0.017880201
0.017869711
0.017693043
0.018046856
0.017689943
0.017719746
0.017603636
0.017795563
0.017685413
0.017611265
0.017795563
0.017778158
0.017797232
0.017777205
0.017595530
0.015251160
0.017004013
0.017936707
0.017988682
0.017910480
0.017899275
0.017903566
0.017865658
0.017597675
0.017794847
0.017813444
0.017840385
0.017827272
0.017855406
0.017628908
0.017783642
0.017770290
0.017769814
0.015375376
0.017927647
0.017682314
0.017726660
0.017765999
0.017957687
0.018043518
0.017998219
0.017903805
0.017709970
0.017638445
0.017755747
0.017826557
0.017806530
0.017925501
0.017867565
0.017607927
0.017754316
0.015416622
0.018072367
0.018100023
0.017890692
0.017915249
0.017877579
0.017868042
0.017879725
0.017716646
0.017870903
0.017702818
0.017877817
0.017972708
0.017911196
0.017923355
0.017920256
0.017677784
0.017828941
0.015477896
0.017772675
0.017637014
0.017727613
0.017866135
0.017774582
0.017875195
0.017911434
0.017665863
0.017890692
0.017883539
0.017907143
0.017892599
0.017955542
0.017722845
0.017887354
0.017671108
0.017844915
0.015457630
0.016638994
0.017008066
0.017899752
0.017873049
0.017882824
0.018006325
0.017967224
0.017821550
0.017837286
0.017821074
0.017681360
0.017941236
0.017937422
0.017628670
0.017798662
0.017789602
0.017783403
0.015395164
0.017997503
0.017708063
0.017990112
0.018020153
0.018030643
0.018000126
0.017879725
0.017834663
0.017818213
0.017798901
0.017874479
0.017642736
0.017913818
0.017606258
0.017778873
0.017596245
0.017797709
0.015227795
0.018204689
0.017785788
0.017925978
0.017789125
0.017620087
0.017784119
0.017617941
0.017791986
0.017599583
0.017779350
0.017787695
0.017786264
0.017829418
0.017784357
0.017769575
0.017765999
0.017766953
0.015390635
0.018155098
0.017701149
0.017866373
0.017880917
0.017702103
0.017927170
0.017878294
0.017702818
0.017782211
0.017792940
0.017588139
0.017791748
0.017777920
0.017784357
0.017785072
0.017788172
0.017791510
0.015236378
0.018107414
0.017808199
0.017809868
0.017646074
0.017795086
0.017787695
0.017792225
0.017788410
0.017794132
0.017603874
0.017810345
0.017613888
0.017853260
0.017633677
0.017781734
0.017808437
0.017689228
0.015407562
0.017729521
0.017927647
0.017695427
0.017874718
0.017881632
0.017894268
0.017826319
0.017603397
0.017788410
0.017606497
0.017807484
0.017852783
0.017797709
0.017786264
0.017797232
0.017795086
0.017791033
0.015420675
0.018167734
0.017706871
0.017752886
0.017728567
0.017761230
0.017825127
0.017659187
0.017847538
0.017796040
0.017805815
0.017833471
0.017611504
0.017776012
0.017597198
0.017781734
0.017585039
0.017769814
0.015382051
0.017705202
0.017960548
0.017870665
0.017900944
0.017843485
0.017875195
0.017674208
0.017774105
0.017785072
0.017823458
0.017599106
0.017791271
0.017628908
0.017841339
0.017945766
0.017796040
0.017893553
0.015252829
0.017727852
0.017711878
0.017872095
0.017873287
0.017871141
0.017681837
0.017873049
0.017783642
0.017777205
0.017694712
0.017801523
0.017774105
0.017786264
0.017775297
0.017781496
0.017772675
0.017591715
0.015403032
0.017863274
0.017936230
0.017990351
0.017905235
0.017885923
0.017898321
0.017814875
0.017792463
0.017934799
0.017786026
0.017894745
0.017621756
0.017811060
0.017944574
0.017804861
0.017813683
0.017783165
0.015375137
0.017771482
0.017674923
0.017866850
0.017866135
0.017708302
0.017901421
0.017684937
0.017794371
0.017832994
0.017871857
0.017800570
0.017787218
0.017787457
0.017599344
0.017779589
0.017607212
0.017778397
0.015385151
0.016582012
0.017553329
0.017891645
0.017760515
0.017864227
0.017939091
0.018008232
0.017869949
0.017848492
0.017778635
0.017644644
0.017611027
0.017771244
0.017679214
0.017936707
0.017901421
0.017930269
0.015684605
0.018132925
0.017911196
0.017814398
0.017798185
0.017838717
0.017790079
0.017635584
0.017796755
0.017818928
0.017970562
0.017943621
0.017899513
0.017934799
0.017909527
0.017901659
0.017683268
0.017873049
0.015468836
0.017680883
0.018021822
0.017976522
0.018021107
0.017780542
0.018033743
0.017955542
0.017901659
0.017929554
0.017969131
0.017905712
0.017889738
0.017873049
0.017943859
0.017896414
0.017923832
0.017736912
0.015491962
0.017387152
0.016347408
0.016942739
0.017244339
0.017043591
0.017036200
0.017173529
0.017181873
0.017295837
0.017184973
0.017109156
0.017034769
0.017460823
0.018053055
0.018281937
0.017859221
0.017805338
0.015668154
0.018253803
0.017996550
0.017857790
0.017739773
0.017970085
0.017925739
0.017917156
0.017814159
0.017958164
0.017982721
0.017749548
0.017896891
0.017970800
0.017773151
0.017897367
0.017816782
0.017859697
0.015336752
0.018070459
0.017956972
0.017873764
0.018024683
0.017993450
0.018057585
0.018001795
0.017897844
0.017990589
0.017915010
0.018008947
0.018209219
0.017817497
0.018046379
0.017810106
0.017968416
0.017916203
0.015547037
