0.401993513
0.396049500
0.403742790
0.392904758
0.406391621
0.392113924
0.395156384
0.395939589
0.386984825
0.396466732
0.392053604
0.390686035
0.389062881
0.401156187
0.389818430
0.401381493
0.394736528
0.402116060
0.392386913
0.401232004
0.396568060
0.404611349
0.395881176
0.401912689
0.397664309
0.398688793
0.401450634
0.401706696
0.405207396
0.395125389
0.398936749
0.391256094
0.399693012
0.394084930
0.404837608
0.390775442
0.397888184
0.398475409
0.398646593
0.401618242
0.405104399
0.410806656
0.401890039
0.407504320
0.396764755
0.402692556
0.401409149
0.403033733
0.400159121
0.399601698
0.397555828
0.407042027
0.406048536
0.400080681
0.406096697
0.407402754
0.396712065
0.407227278
0.400223732
0.399995804
0.397195816
0.414313555
0.402427673
0.398898602
0.409917831
0.403338194
0.395844460
0.399475336
0.388637304
0.397928715
0.407193422
0.399199247
0.389046669
0.398671389
0.394775152
0.398339748
0.412016392
0.398114920
0.397636890
0.392844439
0.391382694
0.403790474
0.400854826
0.399494648
0.402385950
0.398926497
0.400653839
0.394502878
0.405731678
0.388713360
0.398607969
0.395433426
0.406518936
0.400498152
0.401203394
0.409647942
0.405395031
0.399782419
0.411902666
0.409441471
