0.005305767
0.005093575
0.005054712
0.005030870
0.005029678
0.005036592
0.005022049
0.005016327
0.005021572
0.005022287
0.005012035
0.005047321
0.005112410
0.005016327
0.005019426
0.005040646
0.005024672
0.005038977
0.005093575
0.005146265
0.005130768
0.005129099
0.005108595
0.005137682
0.005114794
0.005091667
0.005036831
0.005300045
0.005143642
0.005076647
0.005040169
0.005070925
0.005174637
0.005060196
0.005036592
0.005029917
0.005006552
0.005032539
0.005057096
0.005020380
0.005071163
0.005038977
0.005016565
0.005066872
0.005039454
0.005040646
0.005038738
0.005052805
0.005042791
0.005010605
0.005038023
0.005022049
0.005040884
0.005065441
0.005038977
0.005029917
0.005036354
0.005035877
0.005051136
0.005048990
0.005119562
0.005060911
0.005021095
0.005068064
0.005049706
0.005018473
0.005042076
0.005043745
0.005061865
0.005072832
0.005081415
0.005040169
0.005026340
0.005062580
0.005034208
0.005013943
0.005074263
0.005043030
0.005024433
0.005050659
0.005034447
0.005081892
0.005023479
0.005048752
0.005027533
0.005020618
0.005080700
0.005071402
0.005033731
0.005147219
0.005107403
0.005023003
0.005204916
0.005095959
0.005071878
0.005057096
0.005096197
0.005057335
0.005021811
0.005049467
0.005026579
0.005042076
0.005060434
0.005031586
0.005017757
0.005064011
0.005053997
0.005046129
0.005020618
0.005028963
0.005021572
0.005007744
0.005031347
0.005040169
0.005036831
0.005059004
0.005108118
0.005063772
0.005051374
0.005112410
0.005051374
0.005039692
0.005045652
0.005025387
0.005030155
0.005045652
0.001663208
