0.005584240
0.005565166
0.005561113
0.005702496
0.005583048
0.005542040
0.005598307
0.005545855
0.005572557
0.005544662
0.005582094
0.005555630
0.005572081
0.004717588
0.005493879
0.005203247
0.005157709
0.005136251
0.005136251
0.005150080
0.005183935
0.005160332
0.005149603
0.005139351
0.005156517
0.005130529
0.005132675
0.004377365
0.005465031
0.005176306
0.005179644
0.005148649
0.005173445
0.005170345
0.005532980
0.005530834
0.005564213
0.005578995
0.005572319
0.005537271
0.005564928
0.004723549
0.005429506
0.005114555
0.005132198
0.005101442
0.005580425
0.005562544
0.005561590
0.005554676
0.005583286
0.005554199
0.005566597
0.005554914
0.005546331
0.004717350
0.005467415
0.005169392
0.005190849
0.005135059
0.005202293
0.005156994
0.005226135
0.005156755
0.005170822
0.005213499
0.005157232
0.005133867
0.005162239
0.004375458
0.005418062
0.005135298
0.005151510
0.005197763
0.005322218
0.005288363
0.005526304
0.005598783
0.005716801
0.005554438
0.005513906
0.005517483
0.005152225
0.004392147
0.005436420
0.005146027
0.005118132
0.005166531
0.005212069
0.005145073
0.005154610
0.005138636
0.005138159
0.005115032
0.005262375
0.005200863
0.005143881
0.004387140
0.005416870
0.005146265
0.005166292
0.005114794
0.005115986
0.005116463
0.005129099
0.005121231
0.005226135
0.005204439
0.005206823
0.005134344
0.005136490
0.004389048
0.005594015
0.005170345
0.005204439
0.005160093
0.005183935
0.005176544
0.005190372
0.005216599
0.005202055
0.005202770
0.005194187
0.005157471
0.005186796
0.004405022
0.005622625
0.005204678
0.005167484
0.005142689
0.005429745
0.005434513
0.005431175
0.005451679
0.005478144
0.005470753
0.005489349
0.005532503
0.005578995
0.004715443
0.005565166
0.005106688
0.005111456
0.005054712
0.005096197
0.005080938
0.005160809
0.005157948
0.005099535
0.005143881
0.005109549
0.005095005
0.005348921
0.004525661
0.005396843
0.005148172
0.005107641
0.005096912
0.005116224
0.005091667
0.005113840
0.005133152
0.005134344
0.005172491
0.005170822
0.005144358
0.005376339
0.004361153
0.005396843
0.005112171
0.005136013
0.005113125
0.005157232
0.005125523
0.005183935
0.005155563
0.005192518
0.005140305
0.005243301
0.005198956
0.005149841
0.004358768
0.005439758
0.005161047
0.005140543
0.005123615
0.005166054
0.005166769
0.005193472
0.005204201
0.005157948
0.005165339
0.005151510
0.005145550
0.005172491
0.004383087
0.005456209
0.005096674
0.005096436
0.005082130
0.005144119
0.005136967
0.005203009
0.005119324
0.005150318
0.005172253
0.005148888
0.005136967
0.005138159
0.004366875
0.005481005
0.005090237
0.005105972
0.005064964
0.005088091
0.005075693
0.005142212
0.005128145
0.005125999
0.005162954
0.005147219
0.005150557
0.005175352
0.004381418
0.005690336
0.005178213
0.005123377
0.005104065
0.005127192
0.005084276
0.005150557
0.005141735
0.005241156
0.005156517
0.005128145
0.005108595
0.005158901
0.004374266
0.005408049
0.005088806
0.005065918
0.005055428
0.005141735
0.005165100
0.005280495
0.005226135
0.005227566
0.005179167
0.005183220
0.005157948
0.005164146
0.004374504
0.005478144
0.005121231
0.005125523
0.005144596
0.005088329
0.005080938
0.005325079
0.005327940
0.005350828
0.005380154
0.005392075
0.005364180
0.005198002
0.004414082
0.005367279
0.005093813
0.005095243
0.005065680
0.005116701
0.005055428
0.005124331
0.005125523
0.005179167
0.005129099
0.005151033
0.005117416
0.005181313
0.004388094
0.005432606
0.005162716
0.005155325
0.005089521
0.005189419
0.005171299
0.005272627
0.005156040
0.005141973
0.005105734
0.005108118
0.005131006
0.005159855
0.004374981
0.005494595
0.005100965
0.005116701
0.005070925
0.005062342
0.005054235
0.005140543
0.005130053
0.005148172
0.005130291
0.005148172
0.005138397
0.005193949
0.004386663
0.005386829
0.005147696
0.005052805
0.005091906
0.005098820
0.005085230
0.005099058
0.005184174
0.005132437
0.005167007
0.005132437
0.005120516
0.005156994
0.004362106
0.005552769
0.005090714
0.005098820
0.005053282
0.005105257
0.005105019
0.005112171
0.005136013
0.005190849
0.005253077
0.005273819
0.005249500
0.005175591
0.004379272
0.005449533
0.005114794
0.005159616
0.005144119
0.005153418
0.005243063
0.005198479
0.005152225
0.005214453
0.005166531
0.005184889
0.005161047
0.005180597
0.004373312
0.005396605
0.005119801
0.005079985
0.005057096
0.005106449
0.005083084
0.005109072
0.005150318
0.005099297
0.005130053
0.005176783
0.005178452
0.005185843
0.004406452
0.005386114
0.005136728
0.005066156
0.005058289
0.005085230
0.005133867
0.005177259
0.005190611
0.005189657
0.005168200
0.005182028
0.005111694
0.005148888
0.004355907
0.005417347
0.005079031
0.005106926
0.005058289
0.005069494
0.005059004
0.005150080
0.005127430
0.005139112
0.005142450
0.005147457
0.005118847
0.005153179
0.004359722
0.005701780
0.005227566
0.005116224
0.005110264
0.005088568
0.005170822
0.005121946
0.005122662
0.005138636
0.005215883
0.005142212
0.005121231
0.005110264
0.004356861
0.005406618
0.005086422
0.005079031
0.005062342
0.005181313
0.005300522
0.005176067
0.005136490
0.005130768
0.005130053
0.005223274
0.005196810
0.005173922
0.004379034
0.005409956
0.005082607
0.005077124
0.005073309
0.005167961
0.005117655
0.005122185
0.005108595
0.005180836
0.005124092
0.005147457
0.005144358
0.005172014
0.004368305
0.005389452
0.005228281
0.005101919
0.005097866
0.005173683
0.005208492
0.005215883
0.005153656
0.005196333
0.005182981
0.005139112
0.005124569
0.005118608
0.004353285
0.005361795
0.005130053
0.005075693
0.005067348
0.005199909
0.005193233
0.005208015
0.005160570
0.005238533
0.005219460
0.005178213
0.005139589
0.005158663
0.004373074
0.005410671
0.005086184
0.005094767
0.005076408
0.005108118
0.005080700
0.005147696
0.005198479
0.005174398
0.005180120
0.005199432
0.005189896
0.005198002
0.004378319
0.005701780
0.005213499
0.005069494
0.005086422
0.005119085
0.005088806
0.005174398
0.005153894
0.005191088
0.005146027
0.005156279
0.005137682
0.005170107
0.004379749
0.005366087
0.005091667
0.005062342
0.005055904
0.005265713
0.005109549
0.005139112
0.005177498
0.005188942
0.005183697
0.005257845
0.005244493
0.005192995
0.004376650
0.005390644
0.005073309
0.005058765
0.005075216
0.005078316
0.005083323
0.005114555
0.005131006
0.005118370
0.005138636
0.005247355
0.005140066
0.005185843
0.004374027
0.005725384
0.005148411
0.005070686
0.005083561
0.005121946
0.005185366
0.005173922
0.005193472
0.005152464
0.005152702
0.005168676
0.005128622
0.005140305
0.004348516
0.005704641
0.005231380
0.005125284
0.005051851
0.005065918
0.005119085
0.005171061
0.005146503
0.005142450
0.005135298
0.005158663
0.005120516
0.005127430
0.004371166
0.005383968
0.005078077
0.005148411
0.005134821
0.005116701
0.005263090
0.005148172
0.005189180
0.005135536
0.005198717
0.005141735
0.005125046
0.005139828
0.004403353
0.005374670
0.005180359
0.005128622
0.005089283
0.005116224
0.005089283
0.005059719
0.005118132
0.005121946
0.005174875
0.005114794
0.005120754
0.005099535
0.004389286
0.005374432
0.005081654
0.005082607
0.005105972
0.005173922
0.005085707
0.005146265
0.005120039
0.005146980
0.005123854
0.005132675
0.005117893
0.005159378
0.004376173
0.005381346
0.005124569
0.005086422
0.005126476
0.005103350
0.005195618
0.005128622
0.005120993
0.005169392
0.005169868
0.005162001
0.005135059
0.005167961
0.004366398
0.005383968
0.005120277
0.005086660
0.005099297
0.005121946
0.005139351
0.005136013
0.005156279
0.005181074
0.005228996
0.005222797
0.005274057
0.005216837
0.004453659
0.005423784
0.005078793
0.005121469
0.005056620
0.005139828
0.005146027
0.005130291
0.005114317
0.005110741
0.005114794
0.005165100
0.005135059
0.005141497
0.004360676
0.005672932
0.005105734
0.005089760
0.005049229
0.005111456
0.005187988
0.005170584
0.005144835
0.005210638
0.005178213
0.005187750
0.005158663
0.005140543
0.004369736
0.005459547
0.005119562
0.005087614
0.005078554
0.005077839
0.005111694
0.005150318
0.005151749
0.005143642
0.005155563
0.005118608
0.005116701
0.005134583
0.004352808
0.005718946
0.005165339
0.005163670
0.005102873
0.005121231
0.005136728
0.005185604
0.005134583
0.005176544
0.005186081
0.005170345
0.005144119
0.005127430
0.004382133
0.005769730
0.005125761
0.005068541
0.005067587
0.005068779
0.005113602
0.005184174
0.005108356
0.005156755
0.005143404
0.005173922
0.005116701
0.005115509
0.004353046
0.005392313
0.005120754
0.005099297
0.005070686
0.005146980
0.005053759
0.005114079
0.005132437
0.005141735
0.005125761
0.005139112
0.005122423
0.005129576
0.004365683
0.005367756
0.005133629
0.005078316
0.005099535
0.005079031
0.005146980
0.005164862
0.005113125
0.005182743
0.005231619
0.005185366
0.005134344
0.005181551
0.004363298
0.005487442
0.005114079
0.005076408
0.005075693
0.005219221
0.005113125
0.005136490
0.005096197
0.005110264
0.005114794
0.005195856
0.005154133
0.005162239
0.004383564
0.005378723
0.005096674
0.005084753
0.005069971
0.005259037
0.005226851
0.005241871
0.005200624
0.005209446
0.005213022
0.005177736
0.005158663
0.005133629
0.004388571
0.005385160
0.005094528
0.005095005
0.005061626
0.005101204
0.005156279
0.005216599
0.005183935
0.005255699
0.005217791
0.005167723
0.005158901
0.005145073
0.004365206
0.005427599
0.005078077
0.005166054
0.005070925
0.005086899
0.005072594
0.005137205
0.005120039
0.005181551
0.005109310
0.005345583
0.005153179
0.005125999
0.004369020
0.005845308
0.005136728
0.005117178
0.005059242
0.005184174
0.005156517
0.005181789
0.005167246
0.005202055
0.005125761
0.005147934
0.005130768
0.005189419
0.004359484
0.005382776
0.005094528
0.005167007
0.005073547
0.005054235
0.005084276
0.005152702
0.005171299
0.005178213
0.005173922
0.005164862
0.005129814
0.005149841
0.004394054
0.005448818
0.005086184
0.005065441
0.005079746
0.005109549
0.005123377
0.005163431
0.005125046
0.005192518
0.005149603
0.005154848
0.005109549
0.005142450
0.004329681
0.005432606
0.005072117
0.005076170
0.005074501
0.005175114
0.005148888
0.005279779
0.005156994
0.005149364
0.005138397
0.005146027
0.005137682
0.005250216
0.004580498
0.005383015
0.005228996
0.005107880
0.005073309
0.005106688
0.005137920
0.005151033
0.005167484
0.005133629
0.005158424
0.005202293
0.005126476
0.005168676
0.004367352
0.005378246
0.005115032
0.005104065
0.005078316
0.005166054
0.005174160
0.005171776
0.005146980
0.005145073
0.005157948
0.005135775
0.005127668
0.005138397
0.004350662
0.005368948
0.005093098
0.005095959
0.005048275
0.005095243
0.005092382
0.005143166
0.005148649
0.005175591
0.005195618
0.005112171
0.005107164
0.005131721
0.004390955
0.005430937
0.005115986
0.005083323
0.005070448
0.005092144
0.005127907
0.005156040
0.005122662
0.005244493
0.005232811
0.005181551
0.005143881
0.005290270
0.004354239
0.005419731
0.005089045
0.005058527
0.005080938
0.005059481
0.005057573
0.005180597
0.005187035
0.005133390
0.005105257
0.005114794
0.005105019
0.005172253
0.004390001
0.005362749
0.005312443
0.005101204
0.005061388
0.005209923
0.005171299
0.005202055
0.005214930
0.005183220
0.005172491
0.005167007
0.005138636
0.005159855
0.004374504
0.005480289
0.005079031
0.005057573
0.005102396
0.005130529
0.005126715
0.005194187
0.005136728
0.005204678
0.005163908
0.005169630
0.005120993
0.005171299
0.004366875
0.005369902
0.005107880
0.005075932
0.005063534
0.005184174
0.005134821
0.005178928
0.005270004
0.005153418
0.005123854
0.005179405
0.005154848
0.005181074
0.004380703
0.005420923
0.005084276
0.005070686
0.005063295
0.005139828
0.005055428
0.005158663
0.005132914
0.005139828
0.005127668
0.005139589
0.005111217
0.005145550
0.004364014
0.005597115
0.005131006
0.005076885
0.005064726
0.005091429
0.005138636
0.005125761
0.005167961
0.005150080
0.005198956
0.005150080
0.005125523
0.005163670
0.004359484
0.005473852
0.005328417
0.005188942
0.005090714
0.005145073
0.005070686
0.005090237
0.005075455
0.005187273
0.005149841
0.005166054
0.005171299
0.005156279
0.004368544
0.005375147
0.005109310
0.005101681
0.005079746
0.005106211
0.005065203
0.005141020
0.005138397
0.005127430
0.005121469
0.005114555
0.005111694
0.005183220
0.004387617
0.005396605
0.005090475
0.005095959
0.005078554
0.005125523
0.005051613
0.005150795
0.005143881
0.005185843
0.005125046
0.005161285
0.005168915
0.005156755
0.004382372
0.005677223
0.005212784
0.005135775
0.005097151
0.005161762
0.005135536
0.005163431
0.005141020
0.005136490
0.005145788
0.005167961
0.005152464
0.005157232
0.004396915
0.005548716
0.005139112
0.005059242
0.005079269
0.005114079
0.005059719
0.005137920
0.005153656
0.005129099
0.005149126
0.005144835
0.005131721
0.005168676
0.004389524
0.005391836
0.005089521
0.005091906
0.005061865
0.005234241
0.005199909
0.005152225
0.005133867
0.005141258
0.005128384
0.005160809
0.005126715
0.005131960
0.004372597
0.005358934
0.005096436
0.005066633
0.005068541
0.005086422
0.005131960
0.005155563
0.005182028
0.005195379
0.005199909
0.005180836
0.005155325
0.005161285
0.004392385
0.005463600
0.005093813
0.005134344
0.005066872
0.005268574
0.005180359
0.005380630
0.005223989
0.005177498
0.005187750
0.005165100
0.005127192
0.005138874
0.004374027
0.005414248
0.005086422
0.005100965
0.005059242
0.005098104
0.005122185
0.005164862
0.005168915
0.005166769
0.005160570
0.005148172
0.005123377
0.005167007
0.004374504
0.005370140
0.005074263
0.005090237
0.005097389
0.005102396
0.005067587
0.005147934
0.005133629
0.005154371
0.005115271
0.005121708
0.005124331
0.005163670
0.004399538
0.005768299
0.005077362
0.005121708
0.005052567
0.005055189
0.005120277
0.005296707
0.005135775
0.005240440
0.005173206
0.005194902
0.005156755
0.005144835
0.004394531
0.005417347
0.005118132
0.005167007
0.005140305
0.005186558
0.005125999
0.005188704
0.005164385
0.005122423
0.005104065
0.005139351
0.005120277
0.005127668
0.004361153
0.005785465
0.005082607
0.005086899
0.005109549
0.005153179
0.005132914
0.005127668
0.005139351
0.005165815
0.005143642
0.005142927
0.005106211
0.005139589
0.004348040
0.005525112
0.005080938
0.005106211
0.005061626
0.005105257
0.005125999
0.005344391
0.005212784
0.005221128
0.005175829
0.005247593
0.005129099
0.005227804
0.004356146
0.005435228
0.005113125
0.005066872
0.005053759
0.005073786
0.005100489
0.005120277
0.005175591
0.005188704
0.005197287
0.005182266
0.005164862
0.005194187
0.004354715
0.005407095
0.005100012
0.005105495
0.005124092
0.005088329
0.005108833
0.005165815
0.005139828
0.005177498
0.005185843
0.005170584
0.005137682
0.005151033
0.004369974
0.005372763
0.005067348
0.005070686
0.005074024
0.005124092
0.005112886
0.005110741
0.005180359
0.005149126
0.005193233
0.005149364
0.005155087
0.005138397
0.004426956
0.005861282
0.005209446
0.005174398
0.005204439
0.005107641
0.005085230
0.005180597
0.005124092
0.005415678
0.005238771
0.005237579
0.005210638
0.005195618
0.004384756
0.005495548
0.005117416
0.005115986
0.005057335
0.005116224
0.005139589
0.005187511
0.005157232
0.005192041
0.005170584
0.005172253
0.005140305
0.005143642
0.004355907
0.005481482
0.005111694
0.005077839
0.005068779
0.005078793
0.005076647
0.005084991
0.005100012
0.005140305
0.005112171
0.005237341
0.005203724
0.005162239
0.004368544
0.005420923
0.005072832
0.005084991
0.005060196
0.005102158
0.005146980
0.005172014
0.005126953
0.005180120
0.005141258
0.005179167
0.005146027
0.005158424
0.004365444
0.005408049
0.005126238
0.005155087
0.005075455
0.005158901
0.005140066
0.005382299
0.005180597
0.005252838
0.005116463
0.005138874
0.005139589
0.005186319
0.004396439
0.005481482
0.005088568
0.005090475
0.005051851
0.005149603
0.005122662
0.005174160
0.005103111
0.005161285
0.005109072
0.005177021
0.005139112
0.005160809
0.004373789
0.005395412
0.005122900
0.005124569
0.005125999
0.005154133
0.005122423
0.005193233
0.005143881
0.005151987
0.005136728
0.005146742
0.005113840
0.005132914
0.004365206
0.005413294
0.005214214
0.005059481
0.005071402
0.005102158
0.005160809
0.005168438
0.005150080
0.005184174
0.005181313
0.005171061
0.005150557
0.005162239
0.004394531
0.005586386
0.005110741
0.005059242
0.005051851
0.005303383
0.005133390
0.005175591
0.005140305
0.005135298
0.005112171
0.005177975
0.005125284
0.005121946
0.004381657
0.005424261
0.005129337
0.005065441
0.005054235
0.005061626
0.005056620
0.005135059
0.005134821
0.005127907
0.005105734
0.005128622
0.005124807
0.005128860
0.004351377
0.005420685
0.005068541
0.005090237
0.005059719
0.005112886
0.005070448
0.005166292
0.005131483
0.005152702
0.005134583
0.005145073
0.005113125
0.005147696
0.004354239
0.005379677
0.005072832
0.005058527
0.005056620
0.005067110
0.005053043
0.005139828
0.005137682
0.005131245
0.005105734
0.005129814
0.005104542
0.005166054
0.004376411
0.005449057
0.005093575
0.005090237
0.005064011
0.005103111
0.005094051
0.005109787
0.005104542
0.005221367
0.005160332
0.005196333
0.005147219
0.005126715
0.004366875
0.005393744
0.005078554
0.005063534
0.005051613
0.005156040
0.005227804
0.005186319
0.005177021
0.005198240
0.005155087
0.005150080
0.005127192
0.005144596
0.004378796
