0.131828070
0.129572868
0.131399155
0.139460564
0.132418871
0.138740778
0.134181023
0.139054298
0.138391018
0.141672134
0.134069681
0.132392645
0.135023594
0.131889582
0.136112928
0.136306286
0.132801771
0.135555983
0.133213758
0.136301756
0.131426334
0.134058237
0.140591145
0.128806114
0.131956816
0.128510475
0.135354280
0.135751963
0.133996487
0.132943392
0.131162167
0.138233423
0.134129286
0.132739067
0.135083437
0.131038189
0.137632608
0.135248184
0.130758762
0.131697178
0.146512985
0.133305788
0.131230831
0.147059917
0.139622927
0.133935452
0.136568308
0.132159948
0.129572153
0.131973982
0.136168718
0.133838654
0.134909153
0.136579752
0.133542538
0.141372204
0.129986525
0.139095306
0.136625290
0.140835047
0.139958620
0.130941391
0.131392002
0.135160208
0.133000374
0.130812168
0.135681868
0.136048317
0.133627892
0.136597872
0.133436918
0.137928486
0.135573864
0.131737709
0.136257648
0.144893885
0.137304068
0.143999815
0.135448694
0.130549908
0.133844614
0.136346579
0.130904436
0.136265516
0.137570381
0.133561373
0.131273270
0.132284641
0.134086132
0.134598494
0.143465281
0.135236740
0.140143633
0.132188320
0.135734558
0.130400896
0.134104490
0.140809536
0.131921768
0.134932518
