0.001773596
0.001596928
0.001549006
0.001528740
0.001575947
0.001495600
0.001574993
0.001498222
0.001545191
0.001500130
0.001589298
0.001505613
0.001538038
0.001537561
0.001525879
0.001502514
0.001545906
0.001507759
0.001546860
0.001502037
0.001530886
0.001499176
0.001519442
0.001527071
0.001529694
0.001502991
0.001520157
0.001497984
0.001567364
0.001508713
0.001564503
0.001502514
0.001580238
0.001504183
0.001523018
0.001527548
0.001522064
0.001511335
0.001559734
0.001497030
0.001554251
0.001507044
0.001531363
0.001504183
0.001538277
0.001594067
0.001559019
0.001504660
0.001540184
0.001501799
0.001547098
0.001557350
0.001540899
0.001558065
0.001548529
0.001508713
0.001598597
0.001612186
0.001591444
0.001592875
0.001585245
0.001569033
0.001631498
0.001586676
0.001523256
0.001527071
0.001526594
0.001491308
0.001548767
0.001495838
0.001557350
0.001493931
0.001590967
0.001568079
0.001613379
0.001593828
0.001585245
0.001598120
0.001629591
0.001592875
0.001524448
0.001500368
0.001536131
0.001494646
0.001498699
0.001515150
0.001510620
0.001527548
0.001492739
0.001519203
0.001504660
0.001498461
0.001517534
0.001522064
0.001497030
0.001497984
0.001486778
0.001565456
0.001487255
0.001529694
0.001491547
0.001540422
0.001492500
0.001547813
0.001509428
0.001532555
0.001562595
0.001560211
0.001501799
0.001552343
0.001494408
0.001536608
0.001489878
0.001552582
0.001510143
0.001553774
0.001509905
0.001507282
0.001495361
0.001542330
0.001520634
0.001557112
0.001502752
0.001512051
0.001497507
0.001561642
0.001496792
0.001549244
0.001503229
0.001536608
0.001494884
0.001526594
0.001489162
0.001503468
0.001587868
0.001539469
0.001528740
0.001507759
0.001515865
0.001546383
0.001502514
0.001559258
0.001505136
0.001588583
0.001514673
0.001560211
0.001545191
0.001511812
0.001518488
0.001519442
0.001514673
0.001677990
0.001587629
0.001564264
0.001530170
0.001516342
0.001518965
0.001534939
0.001515865
0.001565456
0.001522779
0.001543999
0.001519442
0.001546860
0.001501083
0.001522541
0.001500130
0.001522064
0.001517057
0.001541376
0.001515865
0.001546383
0.001502752
0.001554251
0.001565456
0.001544476
0.001498938
0.001528740
0.001514435
0.001531839
0.001500845
0.001521111
0.001498222
0.001563072
0.001497984
0.001557827
0.001516104
0.001554012
0.001511335
0.001554251
0.001503706
0.001559258
0.001496315
0.001564026
0.001499176
0.001509428
0.001497507
0.001506329
0.001501799
0.001516104
0.001519680
0.001507282
0.001522541
0.001512051
0.001494646
0.001529455
0.001517534
0.001541376
0.001504183
0.001526117
0.001548290
0.001514435
0.001514435
0.001524210
0.001514912
0.001523495
0.001505852
0.001517773
0.001501560
0.001521111
0.001501560
0.001513004
0.001515388
0.001579046
0.001503468
0.001532078
0.001506329
0.001520157
0.001508951
0.001539230
0.001519680
0.001510620
0.001523018
0.001520395
0.001521587
0.001502037
0.001524448
0.001499891
0.001492977
0.001535892
0.001497984
0.001496077
0.001493931
0.001534939
0.001498938
0.001539707
0.001495838
0.001527548
0.001495123
0.001577854
0.001526594
0.001532555
0.001550913
0.001511335
0.001508951
0.001526356
0.001531839
0.001521111
0.001495123
0.001526356
0.001562119
0.001511335
0.001505613
0.001534939
0.001522779
0.001563787
0.001530647
0.001594782
0.001521111
0.001521349
0.001509428
0.001513720
0.001514673
0.001516581
0.001523256
0.001498699
0.001495361
0.001530409
0.001495838
0.001496315
0.001499653
0.001532555
0.001504183
0.001549959
0.001509666
0.001554251
0.001515865
0.001552582
0.001516819
0.001531124
0.001500607
0.001561403
0.001507521
0.001564026
0.001510859
0.001512051
0.001502037
0.001518726
0.001496315
0.001510620
0.001507759
0.001550198
0.001497984
0.001543522
0.001511097
0.001514196
0.001507282
0.001556158
0.001496792
0.001552105
0.001519442
0.001556873
0.001504898
0.001562357
0.001503944
0.001547813
0.001507759
0.001512527
0.001526117
0.001507521
0.001495838
0.001513481
0.001502037
0.001515150
0.001508951
0.001516342
0.001507998
0.001511574
0.001502991
0.001508236
0.001497746
0.001524925
0.001502275
0.001509190
0.001549006
0.001509190
0.001506329
0.001527548
0.001562357
0.001523495
0.001495838
0.001513004
0.001523972
0.001538515
0.001519442
0.001520157
0.001504421
0.001520634
0.001506090
0.001529694
0.001499414
0.001521349
0.001548529
0.001516342
0.001510143
0.001512766
0.001529932
0.001511335
0.001496553
0.001514435
0.001521349
0.001525879
0.001512289
0.001515150
0.001506805
0.001513720
0.001540422
0.001512289
0.001493692
0.001507521
0.001506329
0.001511335
0.001499176
0.001518011
0.001502275
0.001523733
0.001507044
0.001513243
0.001503229
0.001526833
0.001505136
0.001515150
0.001503706
0.001519680
0.001495600
0.001510620
0.001497746
0.001511097
0.001524687
0.001506329
0.001497746
0.001511335
0.001543522
0.001509905
0.001503229
0.001510143
0.001502514
0.001522064
0.001503229
0.001509190
0.001503944
0.001516819
0.001509666
0.001505852
0.001491547
0.001512527
0.001501560
0.001522064
0.001502514
0.001510859
0.001512051
0.001525879
0.001513481
0.001514673
0.001502037
0.001518250
0.001516104
0.001515865
0.001509905
0.001510620
0.001508474
0.001518726
0.001498938
0.001511097
0.001511097
0.001530409
0.001509190
0.001515150
0.001510143
0.001517057
0.001511574
0.001520157
0.001558781
0.001509666
0.001569748
0.001521587
0.001508474
0.001497984
0.001507998
0.001508951
0.001507759
0.001512766
0.001513243
0.001512289
0.001515865
0.001512766
0.001572132
0.001510620
0.001513481
0.001524210
0.001536846
0.001504421
0.001501560
0.001505852
0.001496553
0.001499653
0.001499176
0.001495361
0.001501799
0.001485586
0.001496553
0.001491547
0.001605511
0.001517773
0.001528263
0.001508713
0.001518965
0.001487970
0.001486063
0.001502037
0.001609564
0.001574993
0.001661539
0.001578569
0.001563311
0.001512527
0.001529455
0.001544476
0.001496077
0.001516819
0.001507044
0.001495600
0.001499653
0.001495600
0.001528740
0.001502752
0.001495123
0.001494646
0.001530647
0.001520157
0.001523972
0.001550436
0.001596212
0.001575232
0.001574755
0.001567841
0.001534700
0.001536369
0.001534939
0.001531839
0.001532316
0.001503229
0.001560450
0.001520395
0.001533031
0.001503468
0.001549006
0.001529217
0.001540899
0.001525164
0.001536369
0.001512527
0.001586437
0.001519918
0.001520157
0.001516342
0.001558542
0.001512289
0.001556396
0.001506805
0.001581669
0.001513004
0.001516581
0.001511335
0.001522303
0.001506329
0.001509666
0.001504421
0.001507759
0.001507998
0.001531363
0.001516819
0.001512289
0.001532316
0.001502275
0.001487017
0.001524687
0.001484871
0.001519442
0.001542330
0.001539469
0.001499176
0.001550913
0.001494884
0.001521826
0.001527071
0.001512289
0.001541853
0.001538277
0.001534939
0.001572132
0.001550674
0.001577139
0.001555920
0.001533031
0.001536131
0.001507759
0.001532555
0.001505136
0.001524925
0.001496792
0.001494408
0.001534700
0.001528740
0.001506329
0.001558065
0.001502037
0.001543045
0.001502991
0.001529932
0.001519442
0.001518011
0.001505136
0.001487494
0.001533270
0.001526594
0.001556396
0.001494884
0.001586914
0.001548767
0.001553535
0.001515388
0.001497269
0.001502752
0.001492023
0.001516581
0.001563787
0.001512527
0.001590014
0.001505613
0.001523256
0.001492500
0.001508474
0.001496077
0.001495838
0.001506805
0.001509428
0.001494169
0.001498938
0.001495600
