0.030650139
0.004563093
0.004543304
0.013195276
0.006090641
0.004601717
0.004526615
0.004565716
0.006200314
0.004648924
0.004525900
0.004572868
0.005918026
0.004542589
0.004524946
0.004591227
0.006277084
0.004607201
0.004533291
0.004582167
0.005962849
0.004574299
0.004544497
0.004573822
0.007391691
0.004571676
0.004564047
0.004583597
0.006141186
0.004647970
0.004524946
0.004573822
0.006098747
0.004686356
0.004521370
0.004574537
0.006432772
0.004553795
0.004563332
0.004587889
0.006852150
0.004742622
0.004561186
0.004579782
0.006021261
0.004674435
0.004530907
0.004580021
0.006006241
0.004558802
0.004542351
0.004590511
0.006011724
0.004653931
0.004534006
0.004565716
0.006223679
0.004567623
0.004554987
0.004602194
0.005753040
0.004542828
0.004528046
0.004574060
0.007248640
0.004707813
0.004616499
0.004632950
0.006212234
0.004649401
0.004573345
0.004647017
0.009477615
0.004553556
0.004557371
0.004590034
0.005866051
0.004543304
0.004528284
0.004583359
0.006400824
0.004637003
0.004550934
0.004609823
0.006345987
0.004741192
0.004559278
0.004593372
0.006141424
0.004904270
0.004549503
0.004603863
0.006162167
0.004709005
0.004538774
0.004594088
0.006099939
0.004697561
0.004553556
0.004611254
0.006206512
0.004809856
0.004553795
0.004590511
0.006243706
0.004569530
0.004558325
0.004592896
0.006215334
0.004554272
0.004550934
0.004595757
0.007205248
0.004663467
0.004539251
0.004605770
0.006257296
0.004752159
0.004557610
0.004604101
0.006393909
0.004741192
0.004522800
0.004572392
0.006222963
0.004617929
0.004548550
0.004584551
0.006320477
0.004667521
0.004550219
0.004578829
0.005913019
0.004662991
0.004525423
0.004637480
0.006177664
0.004919291
0.004553556
0.004714012
0.006871939
0.004565239
0.004558325
0.004616261
0.006454706
0.004577160
0.004553556
0.004605055
0.006281853
0.004675627
0.004549503
0.004596233
0.006221294
0.004616261
0.004554987
0.004665613
0.006067991
0.004753828
0.004548788
0.004604101
0.006257057
0.004611254
0.004531622
0.004571676
0.006201744
0.004590988
0.004508734
0.004572392
0.006534815
0.004532814
0.004520416
0.004565477
0.006182909
0.004863739
0.004586458
0.004611731
0.006236553
0.004826546
0.004552841
0.004632473
0.006011724
0.004624367
0.004527807
0.004564762
0.006023169
0.004650593
0.004527330
0.004571676
0.006039381
0.004812717
0.004567385
0.004595518
0.006029367
0.004703283
0.004554033
0.004594326
0.006173611
0.004693985
0.004520178
0.004574299
0.006059408
0.004592657
0.004551411
0.004597187
0.006059170
0.004672289
0.004523993
0.004581451
0.006051064
0.004659176
0.004541874
0.004599333
0.006104946
0.004660845
0.004517317
0.004564762
0.006207466
0.004629612
0.004544735
0.004574299
0.006157398
0.004610777
0.004541159
0.004576921
0.006222010
0.004583120
0.004521132
0.004575729
0.005772591
0.004636288
0.004545450
0.004631758
0.006083250
0.004539490
0.004543304
0.004574299
0.006095171
0.004604340
0.004536152
0.004572868
0.006010056
0.004702330
0.004545927
0.004638433
0.006124973
0.004682779
0.004551888
0.004604340
0.006096125
0.004585505
0.004533052
0.004588842
0.006000042
0.004548550
0.004541636
0.004575491
0.006175518
0.004694223
0.004570246
0.004592896
0.005980253
0.004608631
0.004526854
0.004570484
0.005683661
0.004689455
0.004514694
0.004578590
0.006210804
0.004829168
0.004541397
0.004562140
0.005862236
0.004539967
0.004520416
0.004588366
0.006035566
0.004724503
0.004554749
0.004579782
0.007138014
0.004712582
0.004525423
0.004570484
0.006137371
0.004931927
0.004563570
0.004602432
0.006071329
0.004706144
0.004539728
0.004587412
0.006243706
0.004584789
0.004570246
0.004588842
0.006349802
0.004605770
0.004587889
0.004600525
0.006510735
0.004590034
0.004547834
0.004603148
0.006235600
0.004642963
0.004549265
0.004572630
0.006001234
0.004531145
0.004536152
0.004575729
0.006216764
0.004799604
0.004537582
0.004581690
0.006170511
0.004618645
0.004535437
0.004625797
0.006223202
0.004624367
0.004530191
0.004575491
0.005922556
0.004547834
0.004530191
0.004574060
0.006541729
0.004703283
0.004520893
0.004573822
0.005989552
0.004540920
0.004522800
0.004557371
0.006250620
0.004690647
0.004593372
0.004585266
0.006454945
0.004552126
0.004525661
0.004579306
0.006246090
0.004536629
0.004525661
0.004560232
0.006359100
0.004606962
0.004515886
0.004577637
0.006201744
0.004649878
0.004542828
0.004639387
0.005936623
0.004602671
0.004528046
0.004606962
0.005988598
0.004626989
0.004530191
0.004568100
0.006109953
0.004784346
0.004533768
0.004581928
0.006309271
0.004534245
0.004535437
0.004555464
0.006094933
0.004614353
0.004518032
0.004563570
0.006517887
0.004662275
0.004539728
0.004581690
0.006098509
0.004547119
0.004523993
0.004585266
0.006406784
0.004706144
0.004553556
0.004588127
0.006165266
0.004664421
0.004548311
0.004606724
0.006412029
0.004564524
0.004560232
0.004650116
0.006025791
0.004638195
0.004526377
0.004562855
