0.103697062
0.064344406
0.061016798
0.061532497
0.062836170
0.063950062
0.062180042
0.062368631
0.063019276
0.063431978
0.064258337
0.063709497
0.064882755
0.062857389
0.062219381
0.064492941
0.064073086
0.064808369
0.069098711
0.064033031
0.063580990
0.063776016
0.062674999
0.066992998
0.059001207
0.061919689
0.065227509
0.060902119
0.062664270
0.063674450
0.061645269
0.059713125
0.062562466
0.066216946
0.066424847
0.064337730
0.060720921
0.066318035
0.063289881
0.060955524
0.062518120
0.061084509
0.062502384
0.068653822
0.063382864
0.060609579
0.063900948
0.059136391
0.064064741
0.061024189
0.062864304
0.062675476
0.061695337
0.061701536
0.063277483
0.062383175
0.064794779
0.061459541
0.061966181
0.070327520
0.064107895
0.062020779
0.063722849
0.062376499
0.060905933
0.060234785
0.059727192
0.062537909
0.065279961
0.061114073
0.062610865
0.067381382
0.060737371
0.065542698
0.061723948
0.062685013
0.062924623
0.062150240
0.064149857
0.062459707
0.059133530
0.065520525
0.059844732
0.061002016
0.062047958
0.062694073
0.061835289
0.059107304
0.058702230
0.062759399
0.062980652
0.060469866
0.060976982
0.069288969
0.062547207
0.062698841
0.059850931
0.066425562
0.066453218
0.063357353
