0.002661943
0.001203537
0.001174688
0.001218796
0.001166344
0.001332521
0.001140356
0.001116514
0.001123667
0.003770590
0.001163244
0.001121998
0.001114368
0.001162291
0.001245975
0.001116514
0.001125097
0.001117945
0.001191378
0.001141787
0.001120567
0.001131535
0.001142502
0.001371622
0.001156569
0.001148939
0.001131058
0.001121998
0.001116991
0.001118660
0.001118422
0.001191378
0.001114607
0.001121044
0.001105070
0.001129389
0.001120090
0.001148224
0.001107454
0.001109600
0.001132250
0.001110077
0.001185894
0.001128435
0.001116991
0.001147985
0.001115561
0.001102924
0.001130342
0.001578331
0.001152039
0.001116276
0.001124859
0.001202822
0.001120567
0.001109838
0.001123428
0.001141071
0.001112938
0.001122236
0.001174927
0.001105070
0.001144648
0.001114845
0.001129389
0.001124144
0.001131773
0.001123190
0.001113415
0.001144648
0.001119852
0.001147270
0.001103163
0.001127720
0.001111031
0.001149178
0.001121044
0.001120090
0.001100779
0.001149416
0.001111746
0.001150846
0.001114845
0.001107216
0.001118660
0.001116991
0.001130819
0.001117945
0.001140118
0.001105309
0.001122475
0.001116276
0.001148939
0.001116276
0.001128435
0.001108408
0.001110077
0.001116037
0.001119614
0.001114607
