4.585155249
4.395086527
4.367232084
4.360525846
4.298137665
4.332255363
4.213635683
4.426143646
2.444969416
4.557653666
4.367265701
4.294609070
4.388730049
4.287070990
4.256679773
4.205913067
4.258662224
2.540246964
4.558332443
4.429502010
4.422207117
4.264047146
4.365400314
4.232513905
4.327230453
4.238731861
2.430306911
4.574488401
4.376044512
4.376354218
4.265300989
4.325394154
4.238471746
4.244805574
4.308318377
2.494443655
4.615697145
4.313339949
4.341830492
4.320010662
4.230530500
4.227917910
4.254057169
4.218867779
2.522564411
4.607775927
4.324493647
4.402058125
4.324798822
4.267545223
4.368547201
4.280248404
4.301797867
2.477408409
4.576078176
4.392942667
4.397970676
4.349406481
4.274945259
4.310029745
4.233337402
4.332863808
2.480879307
4.523085356
4.381573677
4.411113501
4.331516981
4.309130669
4.253197670
4.222081423
4.258185625
2.599309444
4.592887163
4.425830603
4.350059509
4.353344440
4.275209427
4.361405849
4.211075306
4.303660393
2.484559298
4.637669325
4.412985802
4.328036308
4.403430462
4.210627556
4.287152290
4.230289459
4.286609411
2.480319023
4.494256973
4.360004425
4.334720612
4.301414490
4.278740883
4.253988266
4.247877836
4.287927866
2.469115019
4.558294773
4.278282166
4.329811573
4.355013371
4.296284199
4.202567816
4.253925562
4.254170418
2.466351271
4.543545246
4.407453537
4.360789776
4.343894005
4.314219713
4.221970081
4.232847929
4.245862007
2.566133738
4.557136774
4.287338972
4.311155081
4.365927696
4.300313711
4.166122198
4.338359356
4.208179235
2.466217041
4.559095621
4.353742123
4.354877234
4.352048397
4.347558022
4.241101027
4.204650402
4.277592897
2.494990587
4.470495462
4.285873175
4.371776342
4.289059401
4.252949476
4.194625139
4.302921295
4.259107351
2.495717049
4.496044159
4.294104815
4.363852978
4.303967237
4.269789696
4.315279961
4.394651651
4.183350563
2.660750151
4.519167185
4.254160643
4.298517227
4.377159595
4.301860094
4.249325752
4.245191336
4.184817553
2.411770582
4.544641972
4.318732500
4.377887487
4.321922779
4.308315277
4.250687838
4.241697073
4.296122313
2.447656631
4.509737253
4.376124144
4.331844091
4.298959732
4.282426119
4.315778017
4.281811953
4.211612225
2.529158115
4.637760401
4.294885635
4.308126688
4.407786369
4.358248472
4.294484377
4.284078360
4.264766455
2.462787390
4.533823967
4.339690685
4.255314350
4.278392076
4.305088282
4.254682779
4.213528872
4.217464447
2.425608397
4.505582571
4.322108984
4.299817562
4.343420982
4.295459986
4.226287127
4.180276155
4.234663963
2.422943354
4.582433462
4.311691999
4.413456678
4.395318985
4.294803143
4.206418037
4.249538660
4.185484648
2.471073627
4.597578526
4.364726305
4.347999811
4.343146801
4.341004610
4.253507853
4.267389774
4.253864527
2.519294262
4.478998661
4.340050459
4.412169456
4.364392757
4.269500732
4.381935596
4.242310047
4.187985182
2.446011066
4.613916159
4.416827917
4.298161745
4.274438143
4.294076681
4.204925060
4.261642694
4.276893616
2.502767801
4.613585711
4.382900715
4.272277355
4.343475103
4.329104900
4.275615692
4.205120802
4.256116390
2.522972345
4.510931730
4.300276279
4.316789150
4.317543507
4.267873764
4.261341095
4.221199036
4.238026857
2.449603319
4.692090750
4.252967119
4.305518389
4.393307209
4.286302328
4.308115244
4.288725376
4.280859709
2.467938423
4.555062771
4.408579588
4.365463972
4.365252018
4.332619905
4.290235996
4.233537197
4.269961596
2.565365791
4.559947014
4.311630964
4.350477457
4.301998138
4.331375599
4.300781250
4.317821741
4.404634237
2.471527338
4.517476082
4.345038176
4.253147602
4.375227928
4.331607580
4.301971912
4.301337242
4.246776819
2.453758001
4.592603683
4.383115292
4.366894722
4.327638149
4.254555464
4.343537092
4.216636896
4.273485422
2.415757656
4.475962639
4.298241377
4.258755922
4.308967829
4.445787430
4.259038687
4.268661022
4.242567301
2.424776077
4.527295589
4.379258156
4.287616491
4.379689455
4.408573627
4.203262568
4.228128195
4.292836428
2.591667175
4.460364580
4.319930553
4.265475273
4.442650557
4.250164986
4.322090864
4.271005154
4.222733259
2.528136730
4.514788151
4.319931507
4.256318569
4.351974010
4.268241167
4.190649748
4.276458263
4.414724112
2.476205349
4.528236389
4.292299747
4.410076857
4.322649002
4.337412834
4.254790068
4.254204750
4.226664543
2.438430786
4.545068264
4.305684805
4.393289566
4.319218159
4.313617229
4.257538557
4.261330128
4.200987101
2.523217201
4.591756582
4.285489559
4.322279930
4.325300455
4.304627895
4.219266653
4.275170565
4.218417168
2.514539719
4.547262430
4.310613871
4.306073427
4.322257042
4.287903070
4.209599972
4.283375978
4.212757111
2.461927414
4.550443888
4.275032282
4.398274899
4.292165756
4.290392399
4.339662075
4.210627794
4.278518438
2.473153591
4.562510967
4.407120228
4.338012934
4.344819784
4.293759584
4.317759275
4.271177530
4.199018955
2.489003420
4.459318876
4.279133320
4.403936148
4.317260981
4.330311298
4.258326054
4.237521887
4.222369671
2.483600140
4.555057526
4.358332396
4.378525496
4.284281254
4.274357557
4.236855268
4.179411888
4.264046192
2.464626789
4.535468817
4.384968996
4.272363901
4.347315550
4.289768219
4.230220079
4.256487608
4.192597389
2.477037191
4.642978191
4.382397890
4.333057404
4.383782864
4.279270411
4.204308510
4.241476774
4.177242517
2.434564590
4.516553164
4.286481857
4.303834915
4.373524904
4.243505239
4.267437458
4.245560884
4.267441511
2.447901011
4.520103455
4.261991501
4.310991049
4.361782789
4.336139441
4.245769262
4.288170576
4.390612841
2.458237648
4.511015654
4.354422808
4.283918619
4.385727644
4.237560749
4.231341839
4.224238396
4.290862083
2.440575838
4.656706810
4.419329882
4.336010218
4.313167095
4.293973207
4.254638195
4.236093521
4.258404255
2.505375385
4.611732960
4.274077415
4.373432159
4.413183689
4.324188232
4.222871542
4.293215990
4.279310465
2.464285374
4.511677980
4.299926996
4.323114395
4.335936546
4.275626183
4.281642914
4.288989544
4.253796101
2.465824366
4.506251097
4.371765614
4.349997759
4.368654490
4.243866920
4.255592346
4.260631084
4.239797354
2.519112587
4.623564959
4.274573088
4.380311728
4.325480938
4.323683023
4.281269789
4.227704763
4.204081297
2.458129406
4.493467808
4.370839596
4.332637072
4.407548428
4.321730375
4.203266621
4.191257477
4.258093834
2.481542826
4.542380571
4.292869806
4.321397305
4.320153236
4.305797815
4.277257681
4.294917822
4.239452362
2.521461248
4.512409925
4.290663958
4.259438038
4.256212473
4.329656839
4.320951223
4.200428724
4.301436663
2.463823557
4.575039625
4.303495169
4.372957230
4.320851803
4.328625441
4.304111481
4.304864883
4.204643965
2.416333437
4.535320282
4.285742044
4.344299078
4.310679674
4.343158484
4.288124323
4.206400156
4.208803177
2.527348995
4.491268635
4.273156166
4.297711134
4.364436626
4.286365032
4.271350861
4.269797802
4.246673822
2.435357332
4.567128181
4.378036022
4.371581078
4.346942902
4.363032818
4.181815386
4.265448093
4.218071461
2.442558765
4.494952202
4.342060804
4.319738388
4.363880157
4.285597801
4.252676010
4.225061655
4.174892426
2.438797712
4.555795431
4.313324928
4.311458111
4.293521643
4.399285316
4.237568617
4.272274733
4.318480253
2.454682112
4.588779211
4.328842878
4.339526892
4.359592438
4.275136948
4.334287405
4.316694260
4.348933935
2.494853973
4.551395178
4.349247932
4.294220686
4.346552610
4.269104242
4.210645437
4.227126837
4.247192860
2.466062546
4.484410763
4.256954908
4.302106142
4.339627504
4.326117039
4.186765194
4.228436947
4.317982197
2.478339672
4.559183359
4.392529011
4.331562281
4.361204624
4.300163031
4.277031898
4.292758703
4.269990683
2.549118280
4.551621199
4.326847315
4.349466324
4.458738327
4.375085592
4.212645054
4.211129904
4.253082275
2.484456778
4.446223736
4.320302963
4.327120781
4.292810440
4.336129427
4.264971972
4.235555649
4.231032133
2.477590799
4.564063072
4.345847607
4.365775585
4.358809233
4.228210926
4.171142578
4.224564791
4.220380068
2.456954479
4.589885712
4.296759367
4.349963188
4.325013161
4.305044174
4.247397661
4.274552584
4.241958380
2.424761295
4.535305500
4.235652447
4.376003981
4.281546831
4.263183117
4.306801319
4.226092100
4.237463474
2.422538280
4.496062994
4.366626740
4.304200411
4.254605055
4.276984453
4.222995996
4.214295864
4.208006859
2.431863308
4.515394211
4.362241030
4.363697767
4.365539074
4.275801897
4.241520882
4.283459663
4.218635321
2.544862032
4.513092756
4.259464025
4.388798952
4.481069565
4.349975586
4.355150938
4.195544720
4.295885563
2.478506804
4.496573448
4.407183409
4.455725670
4.369095325
4.244726658
4.287275553
4.313207150
4.223173857
2.489675522
4.480309486
4.277204752
4.322203636
4.345647573
4.343585014
4.302219629
4.259899378
4.256988525
2.499923944
4.591793060
4.304715157
4.327751160
4.303243160
4.323596478
4.267119169
4.263389587
4.222544909
2.489226103
4.621008873
4.449021101
4.297695398
4.338397264
4.319356680
4.273785591
4.331050158
4.257975340
2.437943935
4.501174688
4.323706150
4.292994738
4.304329872
4.303851366
4.200345993
4.297309399
4.239614964
2.476941824
4.543473482
4.306819201
4.322448254
4.294910431
4.254497766
4.249856234
4.334879637
4.335412979
2.466470242
4.550627947
4.338562727
4.390838861
4.324892044
4.361540794
4.227354288
4.245810747
4.278452158
2.443930864
4.581531048
4.362890482
4.339495182
4.296198845
4.244094849
4.220373154
4.206138372
4.315651655
2.470761538
4.689235687
4.456463337
4.323765993
4.291015625
4.325881243
4.305850029
4.334283590
4.202791214
2.453465462
4.560085535
4.405429840
4.346584558
4.337570429
4.337481022
4.225236177
4.296945333
4.175405025
2.411882401
4.545200586
4.321357727
4.417926550
4.355773687
4.304768562
4.380481005
4.216234207
4.221349955
2.481484652
4.477812290
4.335691214
4.268921375
4.330922604
4.297695875
4.224178791
4.345386267
4.221198082
2.453528404
4.492074490
4.274564028
4.370081902
4.296920776
4.386904240
4.317573309
4.301698446
4.271185160
2.479396343
4.582085133
4.397542238
4.376296520
4.346586227
4.329394817
4.293089151
4.263106346
4.260255098
2.507028818
4.509462833
4.294956923
4.335599899
4.308459282
4.306814194
4.355618238
4.352612257
4.299395323
2.445986509
4.518982172
4.319701195
4.328617811
4.347881079
4.241986990
4.255250216
4.275570869
4.250527382
2.479571819
4.665278435
4.449579954
4.360667706
4.401364088
4.252710104
4.333771467
4.261178255
4.229597569
2.452431440
4.535109043
4.391348124
4.316352367
4.290499449
4.335887194
4.292703390
4.366788387
4.325734138
2.437524319
4.544064760
4.335763693
4.273529291
4.311882019
4.326926708
4.260905027
4.262038946
4.271453381
2.553605080
4.594730377
4.297857285
4.341293573
4.336636782
4.281018019
4.295407534
4.284813166
4.172946930
2.476603508
4.526134968
4.316625595
4.417798519
4.266193390
4.284037352
4.269021273
4.282833576
4.286303759
2.501332283
4.695078850
4.298327684
4.368067026
4.315908194
4.299113512
4.226109982
4.241434097
4.271703005
2.468374252
4.523695707
4.273864746
4.310765982
4.284446716
4.334143400
4.264470816
4.232617378
4.311346769
2.472319603
