37.765469551
37.531865835
37.633267641
37.566452265
37.417095900
37.724755287
37.707074165
37.654060125
37.724679232
37.645586014
37.387244701
37.370130062
37.604117155
37.373935938
37.559156895
37.299744129
37.651049614
37.218675137
37.474898100
37.503847837
37.679031610
37.189983368
37.207748175
37.468963623
37.655358791
37.501437426
37.512745380
37.575527430
37.251266956
37.646773815
37.757170677
37.721324444
37.494415998
37.540813208
37.351306200
37.665808678
37.449474096
37.435206890
37.428892374
37.492754459
37.425873518
37.310323715
37.471662760
37.588132381
37.360808134
37.354485512
37.351769209
37.443203449
37.319801331
37.544680595
37.338478565
37.631649256
37.626133204
37.414024591
37.477925777
37.467656851
37.428718567
37.474662781
37.307330132
37.496534109
37.418223619
37.301608801
37.497299433
37.257502794
37.514225245
37.753829241
37.330371380
37.284144878
37.701447010
37.577966690
37.299014568
37.307246447
37.427852392
37.255590677
37.147254229
37.541091919
37.686740637
37.659099102
37.452768803
37.459283352
37.701146603
37.304630041
37.470134497
37.531051397
37.406764984
37.756459475
37.456693649
37.616380215
37.323329926
37.558439970
37.718088150
37.575702190
37.381287575
37.770050287
37.653972149
37.513151169
37.449120045
37.511948109
37.545938730
37.376927853
