0.391991138
0.301260471
0.269787312
0.279309034
0.304847479
0.290214300
0.349019289
0.289970160
0.289050102
0.306512833
0.274142027
0.282961369
0.316592693
0.272999048
0.355304956
0.259459496
0.265640020
0.296251059
0.262573719
0.263720512
0.265367746
0.292441130
0.256491423
0.264169455
0.311127901
0.308083296
0.272050142
0.265861273
0.273119688
0.262781858
0.255381584
0.291708231
0.317152500
0.285985947
0.297365904
0.266524792
0.312904596
0.318093777
0.260006428
0.300838232
0.320646524
0.261836529
0.301197767
0.300620794
0.296740294
0.265436888
0.262594223
0.294867516
0.258172274
0.302111626
0.260910988
0.284241915
0.325917959
0.278232098
0.295301914
0.295238495
0.312558174
0.251125813
0.321431160
0.262499809
0.264035225
0.267344475
0.252745628
0.293200731
0.260476112
0.294632196
0.271934986
0.263633013
0.262979031
0.298325062
0.339866400
0.264813423
0.268384218
0.348601580
0.293427229
0.258859396
0.256434679
0.266618490
0.261578083
0.293160915
0.282173157
0.258329153
0.318175554
0.266004562
0.260987759
0.295493126
0.341691256
0.321160555
0.293777704
0.275267839
0.256196499
0.262630939
0.262722254
0.311530828
0.302811623
0.282887936
0.235771418
0.228018284
0.231293678
0.233658791
