0.016469955
0.016528130
0.016875744
0.016872883
0.017133474
0.017122269
0.017204523
0.017124414
0.017100811
0.005504131
0.016790152
0.016561031
0.016854525
0.016879082
0.017192841
0.017110109
0.017194033
0.017070532
0.017177343
0.005312204
0.016741991
0.017379761
0.017941713
0.017745495
0.017637014
0.017591953
0.017238140
0.017427921
0.017411947
0.005519867
0.016853571
0.017158031
0.018151522
0.017785072
0.017040968
0.016937256
0.017025709
0.016860723
0.017079115
0.005296469
0.017041683
0.017189264
0.017856836
0.018023968
0.017806292
0.018013000
0.017569780
0.017119884
0.017099619
0.005393267
0.016838551
0.017518282
0.018002033
0.018045902
0.018023968
0.018012285
0.018039227
0.017766953
0.017208338
0.005388975
0.016945839
0.016600847
0.016825199
0.017082930
0.017035484
0.017096758
0.017173529
0.017172813
0.016924381
0.005548954
0.016895056
0.017510414
0.017575264
0.017193079
0.017098427
0.016959667
0.017092943
0.017109394
0.017108917
0.005396366
0.016954184
0.017050982
0.017651320
0.018085480
0.018088579
0.018003225
0.017938137
0.017991543
0.017671108
0.005641460
0.016924620
0.016820431
0.018031836
0.017953873
0.017959118
0.017762184
0.017993450
0.017314672
0.017110348
0.005302668
0.016740799
0.016835213
0.017573595
0.017768383
0.017826319
0.017590046
0.017789125
0.017721891
0.017709494
0.005578756
0.016819715
0.016644716
0.016855240
0.017007351
0.017212152
0.017088652
0.017085075
0.017084837
0.016873837
0.005374908
0.016950130
0.017454624
0.018052578
0.018139124
0.018116236
0.017951727
0.017838955
0.017989635
0.017691851
0.005578756
0.016905308
0.016518831
0.017607450
0.017966270
0.018020391
0.017886162
0.017962933
0.018014908
0.017933846
0.005735636
0.016841412
0.016779661
0.017917395
0.018096447
0.017923594
0.017747164
0.017997742
0.017968893
0.017348289
0.005309105
0.016644239
0.016993523
0.017321348
0.017940044
0.018036604
0.017990351
0.017915010
0.017720461
0.017879963
0.005713701
0.016912937
0.016461134
0.016826391
0.017234087
0.017269611
0.017228603
0.017102003
0.016973495
0.017066240
0.005378246
0.016974211
0.016404629
0.016867161
0.017090797
0.017242193
0.017152309
0.017150402
0.017134428
0.017150640
0.005367041
0.016915321
0.017465115
0.017825127
0.018058777
0.018030643
0.018004179
0.017764330
0.017970324
0.017899036
0.005594730
0.016880512
0.017744064
0.017974377
0.017823458
0.017836809
0.018150091
0.017636538
0.017124891
0.017145157
0.005380392
0.016848326
0.016993999
0.018001318
0.018088579
0.017762423
0.017995596
0.017926455
0.017940283
0.017249107
0.005407095
0.016755342
0.016437292
0.017142296
0.017133236
0.017231226
0.017069817
0.017147779
0.017014980
0.017084360
0.005322218
0.017179966
0.016419649
0.016852856
0.017009258
0.017001152
0.017040730
0.017084122
0.017129660
0.017119884
0.005466938
0.017044544
0.017267466
0.017885447
0.018099070
0.017290831
0.017087698
0.017095804
0.017161608
0.017087936
0.005422831
0.016747236
0.016759396
0.017999172
0.018143892
0.017955542
0.018096685
0.017952919
0.017966986
0.017996073
0.005649328
0.016996622
0.016538620
0.018016338
0.017969847
0.017952204
0.017932177
0.018003941
0.017891407
0.017483950
0.005395174
0.016731739
0.016538620
0.016848803
0.017081261
0.017030478
0.017066479
0.017091274
0.017101765
0.016953468
0.005287647
0.016829729
0.016529560
0.017500877
0.018062592
0.018083811
0.018114805
0.017955303
0.017955780
0.017687559
0.005634069
0.016888380
0.016731262
0.018000603
0.017861843
0.018079281
0.017987728
0.017839432
0.017930031
0.017907858
0.005664110
0.017005444
0.016659737
0.017803192
0.017898083
0.017788172
0.017915249
0.017807961
0.017501354
0.017204046
0.005363703
0.016694784
0.016508579
0.017034531
0.017235994
0.017209530
0.016914845
0.016939878
0.017117262
0.017153025
0.005307913
0.016680241
0.016476870
0.016800880
0.017217398
0.017157078
0.017100573
0.017118692
0.017098188
0.017006159
0.005292892
0.016963482
0.016498566
0.017936230
0.017701864
0.017447233
0.017110348
0.017102480
0.017065048
0.017086983
0.005350590
0.016886950
0.017050743
0.017998457
0.017958641
0.018004179
0.018206596
0.017951250
0.017940521
0.017697573
0.005641222
0.016914368
0.017889738
0.017791033
0.017940998
0.017843246
0.017965555
0.017566442
0.016920805
0.017143250
0.005378962
0.016829729
0.016847372
0.017951488
0.018051147
0.018016338
0.018065214
0.017988682
0.018004417
0.017126560
0.005399227
0.016631842
0.016520500
0.016978741
0.017219543
0.017326832
0.017159700
0.017112255
0.016983032
0.017096758
0.005385399
0.016965866
0.017679453
0.018035173
0.017799616
0.017791033
0.017753839
0.017971277
0.017845631
0.017965555
0.005597591
0.017015696
0.017618656
0.017970324
0.017854214
0.018012047
0.017928600
0.017807722
0.017964602
0.017974854
0.005613089
0.016700745
0.017168283
0.018030405
0.017807722
0.017826319
0.017898798
0.017262220
0.017088175
0.017089844
0.005311728
0.016664267
0.016840696
0.017775059
0.017848969
0.018008471
0.017972231
0.017920256
0.017968416
0.017345428
0.005546570
0.016546249
0.016332626
0.016750336
0.017043591
0.017066956
0.017080069
0.016923428
0.017155170
0.017062664
0.005352736
0.016878128
0.016406059
0.016799927
0.017023325
0.017044783
0.017084360
0.017100811
0.017168045
0.017070055
0.005350351
0.016681194
0.016530037
0.017956734
0.017656803
0.017458200
0.017228127
0.017100573
0.016979456
0.017082691
0.005388975
0.016913176
0.017420530
0.017780066
0.017853260
0.018018484
0.017985582
0.018002987
0.017909288
0.017973423
0.005639553
0.016833544
0.016811132
0.017972231
0.017938852
0.017962694
0.017979622
0.017823935
0.017931938
0.017850637
0.005664825
0.016529083
0.016530991
0.016924858
0.017039061
0.017191887
0.017167091
0.016975641
0.017117739
0.017159224
0.005362988
0.016778946
0.016316891
0.016793728
0.017131805
0.017097712
0.017086744
0.017174959
0.017126083
0.017006159
0.005340576
0.017403364
0.017201900
0.017973185
0.018099308
0.017912149
0.018108606
0.017838478
0.017598629
0.017642498
0.005603313
0.016894579
0.016625404
0.017937660
0.017942429
0.017966032
0.017921686
0.017987967
0.017911673
0.017869473
0.005621910
0.016653538
0.016718626
0.017931461
0.018008947
0.017926693
0.018074751
0.018022776
0.017992496
0.017705202
0.005625486
0.016907692
0.016882181
0.016897440
0.017170668
0.017126560
0.017022848
0.017117739
0.017052889
0.017087221
0.005363941
0.016732216
0.016462088
0.016917467
0.017302752
0.017149687
0.017074823
0.017114878
0.016939163
0.017137289
0.005383015
0.017111540
0.017065763
0.018039227
0.017648458
0.017210007
0.017229557
0.017187357
0.017095089
0.017139673
0.005344391
0.017198801
0.017336130
0.017770290
0.017845392
0.018009901
0.018044472
0.017816544
0.017948866
0.017908573
0.005583763
0.017007589
0.016831636
0.017830610
0.017946959
0.017988205
0.017847061
0.017994881
0.018003702
0.017849445
0.005701065
0.016845703
0.017327070
0.017969608
0.018014431
0.018005610
0.017946482
0.017850161
0.017876387
0.017931700
0.005611897
0.017121315
0.017384052
0.017713785
0.017940044
0.017964602
0.017750978
0.017980576
0.017931461
0.017924070
0.005627871
0.016844511
0.016567707
0.016901731
0.016967535
0.017015934
0.017132044
0.016950369
0.017196178
0.017102480
0.005423069
0.017066240
0.016530752
0.017745018
0.017592192
0.017380953
0.017103910
0.016941547
0.016962290
0.016946316
0.005391836
0.016820669
0.017085075
0.017716646
0.017976761
0.017931223
0.017764568
0.017956018
0.017956018
0.017823935
0.005660534
0.016965866
0.017423630
0.017939806
0.017862797
0.018109560
0.018042326
0.018005133
0.017864943
0.017864227
0.005665779
0.016835451
0.017694950
0.017959356
0.017962694
0.017987967
0.017920017
0.017974615
0.017844677
0.017003536
0.005396366
0.017199993
0.016547441
0.017040014
0.017332554
0.017279387
0.017268181
0.017114639
0.017143726
0.017093182
0.005373478
0.016750574
0.016529322
0.016792536
0.016856909
0.017058372
0.017159939
0.017095089
0.016948938
0.017071009
0.005356789
0.017277241
0.016807556
0.018415689
0.018051386
0.018067837
0.017969847
0.018031836
0.017896414
0.017898798
0.005641699
0.017084122
0.017739773
0.017965555
0.017804146
0.017950773
0.017929554
0.017970085
0.017923355
0.017953396
0.005641222
0.016873121
0.016858816
0.018038511
0.018017054
0.017996073
0.017954826
0.017772913
0.017934322
0.017866373
0.005629539
0.017251492
0.016722202
0.018037319
0.017963648
0.017973185
0.017963409
0.017812252
0.017977715
0.017923355
0.005720615
0.016736746
0.016302586
0.017039061
0.016991854
0.017117262
0.017115831
0.017140388
0.017098904
0.016988039
0.005395889
0.016732454
0.017047644
0.017953396
0.017741442
0.017358303
0.017149448
0.017113924
0.017064095
0.017088413
0.005384445
0.016884327
0.016423702
0.017940521
0.018021107
0.017790318
0.017938375
0.017963171
0.017943859
0.017824173
0.005613327
0.016966105
0.016684532
0.017964840
0.017823696
0.018026829
0.018036366
0.018017054
0.017898560
0.017883062
0.005631447
0.016854286
0.016656637
0.017990351
0.017945290
0.017942429
0.017779589
0.017996073
0.017792225
0.017862558
0.005654812
0.016521454
0.016464233
0.017060995
0.017268896
0.017148733
0.017101049
0.016968012
0.016985893
0.017110109
0.005373716
0.017092705
0.016679764
0.016655922
0.017070770
0.017273426
0.017256021
0.017351866
0.017093897
0.017088890
0.005329370
0.016834259
0.017235041
0.017974854
0.017980337
0.018003941
0.018038750
0.018000603
0.017903090
0.017807484
0.005675077
0.016930103
0.016464949
0.017990589
0.017955542
0.017994881
0.017979860
0.017992735
0.017976522
0.017686844
0.005684376
0.016769171
0.016366482
0.017987967
0.017975807
0.017743111
0.018001080
0.017744541
0.017923832
0.017908335
0.005648136
0.016868591
0.017487288
0.017981529
0.018038273
0.017771482
0.017811298
0.017987251
0.017740488
0.017678976
0.005651474
0.016655207
0.016345024
0.016839504
0.017016649
0.017181873
0.017074823
0.017127752
0.016901255
0.017089605
0.005340338
0.016880274
0.016529799
0.017909527
0.018069983
0.018136501
0.017895937
0.017960548
0.017847776
0.017865181
0.005631924
0.017302990
0.016653538
0.017996073
0.017978907
0.018017292
0.017959118
0.018054724
0.017893076
0.017909765
0.005566835
0.016945601
0.017600536
0.017818689
0.017999172
0.017996311
0.017826557
0.018014193
0.017763615
0.017891645
0.005627871
0.016855001
0.017681837
0.017903805
0.017996311
0.017979145
0.017941713
0.017962217
0.017799377
0.017135859
0.005355835
0.016950607
0.017461777
0.017976046
0.018050194
0.017992496
0.017960548
0.017991304
0.017693996
0.017939329
0.005600214
0.016638756
0.016374111
0.017065525
0.017220736
0.017412663
0.017150402
0.017100096
0.017050266
0.017047405
0.005310774
0.016935349
0.016608715
0.018032789
0.017511129
0.017281532
0.017002583
0.017145395
0.017082691
0.017096996
0.005347013
0.016928196
0.017600775
0.017940044
0.017947674
0.017957211
0.017847061
0.017957687
0.017776489
0.017879725
0.005680799
0.016856194
0.016928911
0.017796040
0.018134117
0.017940044
0.018022776
0.017937660
0.017900467
0.017946005
0.005675793
0.017029762
0.016576290
0.018023491
0.017953396
0.018078327
0.017936945
0.017981291
0.017916441
0.017862320
0.005670786
0.016823769
0.016679525
0.016878128
0.016798496
0.017161608
0.017123699
0.017169237
0.017179251
0.016878366
0.005338430
0.017040014
0.017083883
0.017766237
0.017940998
0.017766237
0.017925978
0.017620564
0.017730474
0.017527342
0.005633593
0.016821146
0.016634941
0.018038511
0.017977238
0.017786026
0.018004417
0.017773628
0.017951012
0.017907619
0.005657911
0.016942501
0.016542435
0.017985821
0.018031597
0.017938614
0.017928600
0.017921448
0.017834902
0.017690182
0.005602837
0.017019987
0.016894102
0.017915726
0.017870903
0.017998457
0.017930269
0.017961502
0.017713070
0.017729044
0.005661488
0.016839504
0.016453981
0.016907692
0.017159224
0.017104626
0.017080784
0.017076015
0.016965866
0.017072916
0.005379438
0.016834021
0.016520500
0.016948700
0.016931295
0.017249823
0.017073631
0.017089128
0.017075777
0.017107487
0.005314589
0.016735315
0.017494202
0.017968178
0.017835379
0.017751932
0.017780066
0.017761707
0.017892599
0.017831326
0.005630732
0.016923904
0.017061949
0.017875195
0.017865419
0.018063784
0.017953157
0.017805815
0.017868042
0.017883062
0.005604506
