0.219156981
0.216887951
0.228965521
0.222403049
0.221790552
0.223753929
0.216741085
0.215122700
0.229251385
0.222348213
0.219082117
0.213509560
0.221869707
0.224207878
0.223819971
0.224372149
0.229989767
0.215366602
0.222341776
0.222959280
0.220905304
0.220843554
0.211817503
0.225375891
0.222806931
0.222953320
0.212863445
0.221895218
0.225417852
0.216818333
0.210836887
0.218852997
0.221523762
0.223767519
0.222475290
0.224534512
0.211839914
0.221319437
0.230883837
0.220002413
0.225134850
0.222934484
0.216824770
0.218205929
0.220284700
0.220684767
0.221259594
0.226939440
0.219538450
0.224534988
0.222253084
0.220434427
0.211978197
0.221944809
0.231772184
0.221102476
0.240819216
0.220944643
0.218208313
0.218380451
0.222900152
0.225569248
0.225277185
0.215116739
0.219517469
0.227090120
0.223247528
0.227116585
0.216768503
0.218560934
0.219799757
0.219517231
0.231825829
0.222978115
0.232301474
0.213163137
0.227889538
0.220272303
0.219615698
0.228094339
0.225214481
0.225068092
0.221102476
0.224387169
0.230507851
0.221579552
0.216894150
0.215884924
0.221562862
0.222798824
0.222237587
0.213443041
0.231563568
0.221983910
0.221414804
0.232063532
0.214499474
0.220724583
0.224641800
0.227367878
