0.004958868
0.004688025
0.004646778
0.004645109
0.004634857
0.004633665
0.004837751
0.005052567
0.005091906
0.005214214
0.005070686
0.005040407
0.005057812
0.005138159
0.005061150
0.005070925
0.005080938
0.005114079
0.005039692
0.005063295
0.005094290
0.005078316
0.005181074
0.005139351
0.005076408
0.005062342
0.005042791
0.005056381
0.005028963
0.005059958
0.005051613
0.005055189
0.005039215
0.005062342
0.005027771
0.005064726
0.005043268
0.005060434
0.005046606
0.005033493
0.005015373
0.005068064
0.005078554
0.005057096
0.005018473
0.005013704
0.005048990
0.005026579
0.005055904
0.005075455
0.005030394
0.005027294
0.005030155
0.005064964
0.005068541
0.005166769
0.005095005
0.005101681
0.005086184
0.005039930
0.005012274
0.005065441
0.005077124
0.005029202
0.005069971
0.005057335
0.005033731
0.005062103
0.005059242
0.005058527
0.005068302
0.005065203
0.005084038
0.005054474
0.005169392
0.005069733
0.005021334
0.005050182
0.005037069
0.005036116
0.005035400
0.005045176
0.005056381
0.005020380
0.005060911
0.005015135
0.005041599
0.005067587
0.005038261
0.005021095
0.005061865
0.005026579
0.005079985
0.005112410
0.005089045
0.005082369
0.005032063
0.005032063
0.005026579
0.005011797
