0.685282707
0.505133867
0.510071516
0.527266264
0.536065102
0.533607483
0.535082579
0.538373709
0.535900593
0.531935930
0.538807154
0.532763243
0.531845570
0.540970802
0.531661987
0.544848680
0.540864468
0.536630869
0.536123753
0.544448376
0.539247990
0.536872864
0.533559799
0.531085491
0.532253027
0.537164450
0.533704519
0.544901371
0.535751820
0.533881187
0.533325434
0.538333893
0.534459352
0.532479048
0.532762527
0.536178589
0.534580231
0.531126261
0.542327404
0.537028313
0.537508249
0.531299114
0.540169716
0.533165932
0.534085751
0.535033703
0.536422729
0.536134481
0.533097744
0.530861855
0.532387495
0.545939445
0.532955170
0.539410591
0.539811373
0.533122301
0.532270193
0.535639524
0.534142494
0.530669689
0.533651352
0.537870169
0.534965038
0.531844378
0.550255299
0.544970989
0.534600258
0.534257412
0.535377264
0.533380747
0.537364960
0.534691811
0.532099247
0.541777134
0.537397623
0.532158136
0.534150124
0.533912659
0.536115170
0.544363260
0.535887718
0.535794020
0.531498432
0.543493509
0.531741858
0.532965660
0.536731720
0.533778667
0.534234047
0.533429384
0.531163692
0.539693594
0.533723593
0.545222759
0.534686089
0.539413691
0.532910824
0.533100367
0.535073757
0.532616138
0.534164190
0.534281254
0.533512592
0.543475389
0.540119648
0.536879063
0.538266897
0.536165476
0.538078070
0.530218601
0.530748367
0.534035444
0.532655239
0.536092043
0.541826248
0.531380415
0.535790205
0.534870863
0.529516697
0.534473896
0.531237364
0.531181335
0.536871672
0.532346010
0.533311844
0.534057856
0.530933857
0.534155846
0.542327881
0.536816597
0.548921347
0.531434774
0.531410933
0.534190655
0.530864716
0.535033703
0.537116289
0.533606291
0.533628941
0.535358429
0.538069248
0.532666206
0.534201622
0.532791376
0.538469076
0.534545660
0.532311916
0.544659853
0.535008669
0.538470984
0.531975508
0.530181170
0.535751581
0.534407139
0.536832571
0.544005632
0.533936024
0.533691406
0.540494442
0.537072420
0.538388729
0.532323122
0.530138969
0.544139385
0.543635845
0.545058012
0.532778263
0.530036449
0.532608986
0.545745134
0.529842854
0.538918018
0.544728756
0.538078070
0.535328865
0.534265757
0.532945156
0.532816172
0.532782316
0.534760714
0.541757345
0.534586668
0.538507223
0.529690027
0.534189463
0.533642769
0.541023254
0.532719612
0.530292988
0.535084963
0.539058447
0.532833338
0.535291910
0.536539316
0.538167715
0.534297466
0.556824446
0.539724112
0.530043125
0.535337687
0.542700291
0.545587063
0.544160366
0.542928219
0.529158831
0.545670033
0.533317089
0.535348892
0.544611216
0.535084963
0.538057327
0.534096718
0.533350229
0.533805132
0.535759449
0.536844254
0.535603046
0.534010410
0.532813787
0.536119223
0.541269302
0.532084227
0.533685684
0.536453724
0.536276340
0.538386106
0.530689955
0.552175760
0.537982702
0.535057783
0.530084372
0.535894394
0.532791138
0.536456823
0.540003300
0.535562754
0.547250032
0.532475710
0.533497572
0.536615372
0.542468548
0.541274786
0.538895607
0.534306765
0.530887127
0.533929110
0.545107603
0.537606716
0.535650015
0.539276361
0.532906294
0.535838366
0.534300089
0.529653072
0.531818867
0.533099890
0.533994198
0.538353920
0.534802914
0.532215834
0.534396887
0.535845280
0.535907745
0.536972046
0.534588814
0.534964085
0.531101227
0.532719612
0.536988258
0.533841133
0.532407761
0.533440113
0.539128780
0.529330730
0.533495188
0.543579340
0.531977892
0.543905258
0.533977032
0.531642914
0.537135124
0.540178537
0.547669172
0.536448956
0.533895016
0.533137321
0.531765223
0.548543453
0.535824299
0.538335085
0.539337635
0.535586119
0.538562775
0.536871195
0.534283400
0.530860424
0.533185244
0.533390522
0.537384987
0.533276320
0.544251919
0.535708189
0.537849188
0.539889336
0.533245802
0.539634228
0.548324823
0.539079428
0.539900303
0.535685301
0.531530380
0.536077499
0.534997940
0.535830498
0.533452034
0.537738323
0.531017542
0.540649414
0.537325621
0.533235312
0.532588720
0.533408165
0.533355713
0.534753084
0.539615154
0.533370256
0.539124489
0.537363052
0.545893908
0.532811165
0.530683517
0.532012939
0.535690069
0.543221474
0.532450438
0.536855221
0.534001112
0.533330202
0.531912088
0.538906813
0.543030024
0.532715321
0.532824039
0.538463354
0.531127930
0.530369282
0.535457611
0.535083294
0.535716295
0.535278559
0.531766653
0.537722826
0.536874294
0.541357756
0.536866665
0.536446333
0.540737867
0.536269665
0.539002657
0.533151627
0.530158997
0.530654669
0.535562515
0.534018755
0.552377224
0.533679247
0.533304691
0.535945892
0.530798674
0.531556845
0.554396629
0.531684160
0.533034086
0.536106110
0.532752752
0.535506964
0.534973621
0.542308807
0.542418003
0.534727573
0.535940647
0.536430120
0.531641722
0.538793087
0.546647549
0.535013676
0.535024166
0.541015148
0.533800364
0.536682129
0.550158501
0.533162355
0.530696630
0.536845207
0.537795544
0.533526897
0.532937765
0.531804085
0.535184383
0.532112598
0.535636902
0.531924248
0.533409595
0.537693262
0.537203312
0.533008575
0.544148922
0.532293797
0.534034014
0.537351847
0.534932852
0.538529873
0.544900417
0.542707205
0.545974493
0.534809828
0.532755375
0.536390066
0.533164501
0.535763502
0.544245243
0.533598661
0.535143137
0.536881208
0.531547308
0.536456347
0.544600964
0.535871983
0.538593054
0.534907103
0.537265778
0.530720472
0.536928415
0.539522409
0.537378788
0.540539742
0.533417463
0.532366753
0.539242983
0.545308828
0.534633398
0.536145210
0.533757210
0.538899899
0.532957792
0.541344881
0.546793461
0.535931349
0.536864281
0.531867981
0.534295559
0.534484386
0.534506798
0.531960011
0.532123804
0.533828259
0.537855864
0.534500599
0.533956528
0.536517143
0.537369728
0.534397840
0.536257267
0.534323931
0.532490492
0.534888744
0.532131195
0.541077137
0.536700010
0.541035414
0.533564091
0.535476208
0.537614584
0.532190323
0.533264160
0.533979416
0.536577463
0.532909393
0.534478426
0.536397696
0.534904480
0.548410892
0.529940367
0.536676407
0.534826994
0.537315369
0.535410166
0.533244371
0.534732342
0.535294294
0.538805008
0.531940222
0.534853935
0.540100813
0.536129951
0.532604694
0.536724091
0.542269230
0.533560038
0.533239365
0.534212828
0.540199041
0.538571358
0.541531563
0.537128448
0.535000324
0.533354282
0.538734436
0.535569668
0.540395975
0.546903610
0.536391258
0.542765617
0.540924311
0.535194159
0.523713827
0.534422398
0.524596453
0.522914171
0.537520409
0.530377150
0.532062769
0.533900976
0.533881664
0.531731129
0.536131620
0.541615009
0.523254395
0.545577765
0.533498287
0.535953045
0.539768934
0.540859938
0.536710024
0.537989616
0.536187410
0.539112329
0.535374641
0.543863773
0.539140463
0.529709101
0.530338764
0.529868603
0.533321381
0.540958643
0.525983334
0.531167984
0.529906750
0.531559944
0.537798405
0.534058571
0.531553030
0.531933784
0.538980722
0.539818048
0.539841413
0.535502434
0.532468319
0.533947468
0.535655022
0.533626080
0.534579515
0.542993307
0.532896996
0.535898209
0.538520813
0.535788059
0.534697533
0.538705349
0.552753210
0.539909124
0.535187960
0.533521414
0.553030252
0.539163828
0.534676552
0.531185389
0.537614107
0.546701670
0.533149958
0.538239241
0.533636808
0.533563852
0.535271168
0.531541586
0.541158915
0.533284426
0.534390450
0.533838272
0.538086653
0.533697844
0.533341646
0.542742014
0.536876678
0.532039404
0.531962633
0.536114454
0.538045406
0.546361923
0.534783840
0.545735836
0.537994623
0.536296368
0.548754454
0.531546354
0.532563686
0.533958197
0.533075809
0.535721302
0.542160988
0.532508135
0.532941580
0.548074007
0.538636446
0.544417381
0.533638000
0.539289951
0.533868790
0.541540861
0.535138369
0.533065557
0.534986973
0.543978930
0.543586731
0.535365105
0.537196159
0.532235146
0.529949665
0.536004543
0.546958685
0.536913157
0.541835070
0.534753561
0.533613682
0.535391569
0.543529749
0.532691717
0.533751488
0.535176277
0.544901133
0.543808460
0.538742065
0.533132792
0.531740427
0.533192158
0.538862228
0.530952692
0.537714243
0.536379814
0.541131735
0.535974741
0.547748089
0.537329435
0.531260967
0.530416965
0.523433208
0.527205706
0.524709225
0.526390791
0.524425983
0.528010130
0.530164719
0.533622503
0.537531614
0.526563644
0.519099474
0.538193464
0.521041870
0.523393631
0.522950172
0.527576208
0.531259060
0.519887447
0.531191349
0.520002127
0.541187525
0.535073757
0.532130241
0.536981583
0.533011675
0.532279015
0.528108120
0.526606321
0.533522844
0.538746357
0.538410664
0.535658598
0.538125038
0.534294128
0.538940191
0.536475182
0.540840864
0.535110712
0.538581610
0.536648989
0.536574841
0.536852121
0.534098148
0.538390875
0.537964582
0.536726475
0.534818649
0.540471554
0.536545515
0.534516573
0.534556866
0.543402433
0.539832592
0.537509680
0.540154457
0.543902159
0.536879778
0.524830818
0.530686617
0.523489475
0.521105051
0.525080204
0.536822081
0.521596909
0.527516127
0.522155523
0.527170897
0.524923563
0.525684834
0.532187462
0.529331923
0.534421444
0.527829409
0.547581434
0.540319920
0.532141924
0.538917542
0.534433126
0.539485693
0.533930063
0.524394035
0.517304182
0.540604353
0.551975489
0.534732103
0.529633284
0.531438351
0.532392979
0.529497385
0.539491177
0.533861399
0.538655996
0.533899069
0.536342382
0.535163641
0.533985615
0.535280704
0.537890196
0.539026737
0.524903059
0.531163454
0.526145220
0.523878336
0.528912306
0.539747477
0.528952360
0.548300743
0.529870749
0.520711422
0.533234119
0.538767815
0.529006958
0.525368214
0.543854475
0.530787230
0.539582729
0.538489580
0.535170794
0.529527426
0.543677568
0.534207821
0.539231777
0.544084549
0.536334991
0.536395550
0.537118435
0.536040545
0.538781166
0.534674168
0.534716368
0.542357683
0.538577318
0.536131859
0.544625998
0.537235737
0.545090914
0.545889378
0.533687830
0.529480934
0.531829834
0.533625603
0.532469034
0.545634985
0.543998957
0.534746170
0.543078184
0.539245844
0.551508665
0.538639069
0.533539534
0.534789562
0.537181854
0.532122612
0.531234026
0.538263083
0.537680864
0.534324408
0.537553310
0.532933474
0.536610603
0.534456730
0.544632673
0.537157536
0.537245512
0.533629179
0.535307884
0.544050932
0.536811352
0.533828259
0.541848898
0.535689592
0.544609308
0.535879850
0.538047075
0.538480759
0.531790018
0.538848877
0.535798550
0.531597137
0.533590317
0.539423704
0.533321619
0.522174835
0.530165195
0.533642054
0.532114983
0.534014463
0.540025711
0.541692495
0.539697409
0.534116507
0.535144329
0.538816929
0.539350271
0.533674955
0.533922195
0.539536238
0.539688110
0.549792051
0.531074762
0.536984205
0.531503916
0.528115511
0.526262999
0.533355951
0.532393217
0.540221214
0.534175873
0.534096718
0.540520191
0.535886288
0.531995058
0.529255390
0.525750875
0.530470848
0.537559509
0.536593199
0.532963276
0.540365219
0.531163454
0.534482241
0.531501293
0.539087772
0.534345627
0.542371988
0.531428099
0.544407845
0.542369604
0.526635408
0.551736116
0.535529613
0.539026976
0.544274092
0.534006357
0.534681797
0.532720804
0.553147793
0.530958414
0.537126541
0.538445711
0.531443834
0.535805702
0.532733202
0.535860062
0.532446146
0.537218094
0.535219908
0.535289764
0.532819510
0.537911415
0.550351143
0.541236639
0.535766363
0.535532951
0.537704229
0.539016485
0.537875414
0.536731005
0.539088726
0.531727791
0.522093296
0.524343014
0.525895119
0.535225391
0.526430607
0.517690420
0.517134190
0.533950567
0.535940170
0.532614470
0.544919014
0.533547640
0.535520554
0.534715652
0.548942327
0.533668041
0.540901661
0.551842928
0.531942129
0.529520035
0.541330814
0.537879229
0.536960840
0.534476995
0.538328886
0.537247419
0.546002865
0.542377472
0.550303221
0.536740065
0.537255049
0.546951771
0.541355848
0.534046888
0.533427715
0.543423414
0.540538311
0.530691385
0.539373398
0.535926580
0.535079241
0.536352873
0.538852215
0.539058447
0.541820049
0.555727005
0.542198896
0.548541069
0.541882992
0.524036407
0.533358097
0.539637566
0.524203300
0.534826756
0.537988424
0.535603285
0.535996199
0.537929058
0.528172016
0.535453558
0.545159340
0.540267229
0.531322718
0.531084776
0.540776253
0.538655043
0.534531832
0.537215710
0.533925772
0.535220623
0.535027981
0.535051107
0.535185814
0.531404972
0.537199020
0.555035591
0.537223816
0.547324896
0.538340330
0.521979332
0.526608467
0.537866592
0.533478260
0.530845642
0.532652855
