0.010048151
0.009999514
0.011013031
0.011158943
0.011145353
0.011073112
0.011030436
0.011022806
0.011005878
0.011018991
0.010964870
0.010919094
0.010914326
0.010946512
0.010944843
0.010963202
0.010996103
0.010977507
0.011002064
0.010937691
0.010922670
0.010956764
0.010901928
0.010917902
0.011016369
0.010925293
0.010923386
0.010921240
0.010965109
0.010971785
0.010973930
0.011000633
0.010935545
0.010951996
0.011053085
0.010957956
0.010932922
0.011064053
0.011039495
0.010975599
0.011021614
0.010955572
0.010934353
0.010977030
0.010982513
0.010957718
0.010960579
0.010972261
0.010987997
0.010966301
0.010994911
0.011230707
0.011017084
0.010957003
0.010974407
0.010958195
0.010938883
0.010964394
0.010954142
0.010930777
0.010946035
0.010998726
0.010945797
0.010954380
0.010966778
0.010991573
0.011024237
0.010971308
0.010993242
0.010951519
0.010977507
0.010941267
0.010984898
0.010953426
0.010997295
0.010944843
0.010957003
0.010925531
0.010949612
0.010919809
0.010910511
0.010961533
0.010912180
0.010927916
0.010975122
0.011028528
0.010969162
0.010986567
0.010954380
0.010929585
0.010889530
0.010962486
0.010997772
0.010988474
0.010944128
0.010909557
0.010942936
0.010916948
0.010936737
0.010901690
0.010918617
0.010940790
0.010935307
0.010947227
0.010895491
0.010971546
0.010955334
0.011022091
0.011030436
0.010922194
0.011085510
0.010966539
0.010943651
0.010951757
0.010892868
0.010948420
0.010913610
0.010951757
0.010923624
0.010918140
0.010919809
0.010901213
0.010926723
0.010904789
0.010909796
0.010946751
0.010915279
0.010938883
0.010898829
0.010934591
0.010916710
0.010943890
0.010915995
0.010919809
0.010918617
0.010931492
0.010928869
0.010948181
0.010983467
0.010944605
0.011053562
0.010985851
0.011040449
0.010972261
0.010919094
0.010951757
0.011016607
0.010973692
0.010975361
0.010988712
0.010990143
0.010957003
0.010948420
0.010967970
0.010950804
0.010950089
0.010928392
0.010953188
0.010970592
0.010937214
0.010978222
0.010934353
0.010937214
0.010950804
0.011001110
0.010958433
0.010971546
0.010993004
0.010943174
0.010943651
0.011040211
0.010978460
0.010987282
0.011014462
0.010948896
0.010953903
0.010998487
0.010967731
0.010971785
0.011002541
0.010946512
0.010927200
0.010969400
0.010947943
0.010978222
0.011004925
0.010973692
0.010950804
0.010955572
0.010926247
0.010930777
0.010991812
0.010943651
0.010912895
0.010962963
0.010939598
0.010969162
0.010952711
0.010943890
0.010944605
0.011065245
0.010965109
0.010957003
0.010966301
0.010910749
0.010938168
0.010969639
0.010949850
0.010976076
0.010947466
0.010954142
0.010941982
0.010915756
0.010946989
0.010931730
0.010918856
0.010904551
0.010940790
0.010926485
0.010911226
0.010931969
0.010921240
0.010952473
0.010914803
0.010913134
0.010921717
0.010979652
0.010925055
0.010923862
0.010906458
0.010893583
0.010940075
0.010938406
0.010918140
0.010914326
0.010899782
0.010917425
0.010913372
0.010948658
0.010917664
0.010936975
0.010946989
0.010939360
0.010945797
0.010969639
0.010943413
0.010942459
0.010923862
0.010937691
0.010926723
0.010948420
0.010931730
0.010931730
0.010922909
0.010934353
0.010948181
0.010917187
0.010970116
0.010993004
0.010943413
0.010944366
0.010940790
0.010977268
0.010931015
0.010924816
0.011001587
0.010946274
0.010940552
0.010951281
0.010927200
0.010927200
0.010930538
0.010932922
0.010941982
0.010934114
0.010929346
0.010911226
0.010927200
0.010929585
0.010914803
0.010921001
0.010959625
0.010915995
0.010931253
0.010942698
0.010916233
0.010900736
0.010939121
0.010932207
0.010933876
0.010932922
0.010931492
0.010914087
0.010901451
0.010943174
0.010907650
0.010976791
0.010934830
0.010951519
0.010901928
0.010927439
0.010920048
0.010943413
0.010922432
0.010939837
0.010938883
0.010937214
0.010921717
0.010926485
0.010941744
0.010946274
0.010947466
0.010913849
0.010920525
0.010906219
0.010899544
0.010953188
0.010940075
0.010922194
0.010887146
0.010944843
0.010938883
0.010929823
0.010915518
0.010907888
0.010959387
0.010913610
0.010937214
0.010944128
0.010929108
0.010947704
0.010940790
0.010989666
0.010977030
0.010939837
0.010949612
0.010926247
0.010919094
0.010918856
0.010922194
0.010928392
0.010966778
0.010931015
0.010913372
0.010913849
0.010914803
0.010912895
0.010935545
0.010916233
0.010879993
0.010909319
0.010921001
0.010957003
0.010907412
0.010961771
0.010947943
0.010952473
0.010991812
0.010920763
0.010931253
0.010917664
0.010898113
0.010917187
0.010932684
0.010916948
0.010925055
0.010916233
0.010924339
0.010967016
0.010927677
0.010907412
0.010901928
0.010937929
0.010937452
0.010912418
0.010928154
0.010928869
0.010900736
0.010928631
0.010931730
0.010915279
0.010915279
0.010961533
0.010968685
0.010921478
0.010945320
0.010959864
0.010915995
0.010952950
0.010929346
0.010900259
0.010947943
0.010915279
0.010910988
0.010905027
0.010956764
0.010898829
0.010970592
0.010917902
0.010926485
0.010921001
0.010930777
0.010950565
0.010928154
0.010919333
0.010915518
0.010929823
0.010922909
0.010942459
0.010889769
0.011164188
0.010901451
0.010949373
0.010912180
0.010898113
0.010921717
0.010931969
0.010917187
0.010916710
0.010925770
0.010945320
0.010927439
0.010931492
0.010914326
0.010936260
0.010928869
0.010917902
0.010906219
0.010945082
0.010918617
0.010916471
0.010936022
0.010961294
0.010941029
0.010916471
0.010892868
0.010937929
0.010913372
0.010921001
0.010934591
0.010935068
0.010931969
0.010916710
0.010928392
0.010933638
0.010933876
0.010933876
0.010897636
0.010911703
0.010927200
0.010913610
0.010930300
0.011038780
0.011000633
0.010954857
0.011003971
0.010947466
0.010926247
0.010947943
0.010948658
0.010903835
0.010901451
0.010924339
0.010913134
0.010927439
0.010926723
0.010921240
0.010941029
0.010922670
0.010912418
0.010912418
0.010913134
0.010932207
0.010929823
0.010914326
0.010909796
0.010910749
0.010920048
0.010892153
0.010947943
0.010941744
0.010934114
0.010891676
0.010979652
0.010917664
0.010922670
0.010949135
0.010927916
0.010940790
0.010911226
0.010952950
0.010918379
0.010912895
0.010927439
0.010925055
0.010933638
0.010940552
0.010915756
0.010961294
0.010952234
0.010982990
0.010931253
0.010932207
0.010940313
0.010938883
0.010923862
0.010961056
0.010928154
0.010936260
0.010925531
0.010946512
0.010911226
0.010951519
0.010920048
0.010915756
0.010979652
0.010940790
0.010934114
0.010933638
0.010895491
0.010936499
0.010913134
0.010930061
0.010915756
0.010927439
0.010908842
0.010926485
0.010918379
0.010902882
0.010943890
0.010921240
0.010917425
0.010904312
0.010940790
0.010919571
0.010930300
0.010926723
0.010919094
0.010908842
0.010949373
0.010922670
0.010928631
0.010942698
0.010952234
0.010940313
0.010912418
0.010921240
0.010912418
0.010915279
0.010917425
0.010959148
0.010959387
0.010935307
0.010900021
0.010918140
0.010895729
0.010935307
0.010905981
0.010894775
0.010931492
0.010925293
0.010935068
0.010922670
0.010932207
0.010903835
0.010924816
0.010955811
0.010986090
0.010918617
0.010919333
0.010961533
0.010916948
0.010943174
0.010916471
0.010908365
0.010938406
0.010920763
0.010901213
0.010933876
0.010962248
0.010953426
0.010910511
0.010912180
0.010903597
0.010922432
0.010904789
0.010933876
0.010933399
0.010895729
0.010924339
0.010919094
0.010933876
0.010905504
0.010931969
0.010926485
0.010943174
0.010899544
0.010896206
0.010898113
0.010908127
