0.744009733
0.540114880
0.566415071
0.571037054
0.515589952
0.506249905
0.512082815
0.478489876
0.294513702
0.715157032
0.551864386
0.531661987
0.538807869
0.548029423
0.519349337
0.513156652
0.484510422
0.297914743
0.745592594
0.561190605
0.532305241
0.530000210
0.534902811
0.479124069
0.475280762
0.499485254
0.296179533
0.750840902
0.585485458
0.541182756
0.574189425
0.539744854
0.502705336
0.493458271
0.481607914
0.303572655
0.714026213
0.571261644
0.528093338
0.534184694
0.537750244
0.488864183
0.476881027
0.481769562
0.291271448
0.742719173
0.558018684
0.546538353
0.618652821
0.570271492
0.491772652
0.477574587
0.523782492
0.299659252
0.742110252
0.580724478
0.553789377
0.540584087
0.543478489
0.485124350
0.482673168
0.484692097
0.304289818
0.742663145
0.569167376
0.532803774
0.566159725
0.535634995
0.485202551
0.481711149
0.470787764
0.295781136
0.804894209
0.582130909
0.541246176
0.539903641
0.535507441
0.530539274
0.503366232
0.488256693
0.298381329
0.733805895
0.623165846
0.540555000
0.603865862
0.577834368
0.489084721
0.483443975
0.481747389
0.297669649
0.717585802
0.570259571
0.537497759
0.562701225
0.565037012
0.485491037
0.487631321
0.477269650
0.290248871
0.766486645
0.566005945
0.539665699
0.536762238
0.542689085
0.482006788
0.492117643
0.479658842
0.358925819
0.745323420
0.570357323
0.529697895
0.546716452
0.557899952
0.494964123
0.476327896
0.488032579
0.363213778
0.807474852
0.543909788
0.545678616
0.555601835
0.520220041
0.479626894
0.481031656
0.520178556
0.296480179
0.720426798
0.577365637
0.536446333
0.537323475
0.539336920
0.501602411
0.511990547
0.596571922
0.292431593
0.707778215
0.566452026
0.542123318
0.540530920
0.665144205
0.486814022
0.487892628
0.477915049
0.297332764
0.748714209
0.548172235
0.525733709
0.562779665
0.514327765
0.524130344
0.485623121
0.485473394
0.389370918
0.718846083
0.546458006
0.537289858
0.537548065
0.517795801
0.600555182
0.629043341
0.494678020
0.299532413
0.723594427
0.595348597
0.536534309
0.563344479
0.589147568
0.482655525
0.482233047
0.508672476
0.292095423
0.710386038
0.569138527
0.531248093
0.544847965
0.535736084
0.485208750
0.499649286
0.482384205
0.310623407
0.827849388
0.571566343
0.604874372
0.534450293
0.536869764
0.474357843
0.489475012
0.480228901
0.305592060
0.875196457
0.573517799
0.572664022
0.548866272
0.538534403
0.477464437
0.472866774
0.473773718
0.292324066
0.728064537
0.626639366
0.567909002
0.533946514
0.563244343
0.480220079
0.471867323
0.489215851
0.296525002
0.779448748
0.572276115
0.535669088
0.547445297
0.554579258
0.481452942
0.495599985
0.490838289
0.302215815
0.724841118
0.612664938
0.564070702
0.607929468
0.537534714
0.480067492
0.480365753
0.486997604
0.317116261
0.713989973
0.560480595
0.529865026
0.537774086
0.569525242
0.486664295
0.487343788
0.481021404
0.296907425
0.751551628
0.564441442
0.589251041
0.534117937
0.528339386
0.475344181
0.493624449
0.480698824
0.338707924
0.727083445
0.563915730
0.542623043
0.538616896
0.536976814
0.494177341
0.503019333
0.485741377
0.294436455
0.732396841
0.581513405
0.537603855
0.548391819
0.534460545
0.482039213
0.487757444
0.483723164
0.289950132
0.751557350
0.580425262
0.538127661
0.557475805
0.548218489
0.484702110
0.482862949
0.487435579
0.292391062
0.761651278
0.561343193
0.616220951
0.530344725
0.540089846
0.487055302
0.485148907
0.478417635
0.298953772
0.707891464
0.567898035
0.531002998
0.652716875
0.542887449
0.475821733
0.481254339
0.536705017
0.288800240
0.713629246
0.569992065
0.538125992
0.540038586
0.547468185
0.485139608
0.477581024
0.473172665
0.292500496
0.723119020
0.555236340
0.543786764
0.549609423
0.548637867
0.468074799
0.472021341
0.487148762
0.299957514
0.737215281
0.559710264
0.537382841
0.537180185
0.537820816
0.488339663
0.588683844
0.481205940
0.292221308
0.727612734
0.593257904
0.543263197
0.535935640
0.532226324
0.499695778
0.481771231
0.490450859
0.289096594
0.783966303
0.570049286
0.544959307
0.536761284
0.537022829
0.482043505
0.487914562
0.489859343
0.304619789
0.739802599
0.705094576
0.649508238
0.537791014
0.540094137
0.482614279
0.481202602
0.477220297
0.304518223
0.743930817
0.594984055
0.551568270
0.541671753
0.533966780
0.497266769
0.480307817
0.480180502
0.297750711
0.740059376
0.565764666
0.550624132
0.598636389
0.524327040
0.482904911
0.486807346
0.467282534
0.378318071
0.726070404
0.579887629
0.539712429
0.528131008
0.549270391
0.484469414
0.485961676
0.481844425
0.301432371
0.766462326
0.585076809
0.569429398
0.553621531
0.567419291
0.476949930
0.473375320
0.530427217
0.296384811
0.726278067
0.649628639
0.536403418
0.542747974
0.534701347
0.538138628
0.480771780
0.518470764
0.307951450
0.717684746
0.602904797
0.550076246
0.530385733
0.532869339
0.501163006
0.483697414
0.482255220
0.299138546
0.712478638
0.559987307
0.570366144
0.531541348
0.557426214
0.479209185
0.495015860
0.487751484
0.296385527
0.717321396
0.558252335
0.570061445
0.532035589
0.559740067
0.486814260
0.529404163
0.465945005
0.301677942
0.710028887
0.554683685
0.538645506
0.532155037
0.546563864
0.482827187
0.481082678
0.481278419
0.296005487
0.745538950
0.573463678
0.537315369
0.535199881
0.536304951
0.469880104
0.479137421
0.481623411
0.314072371
0.868599892
0.565007210
0.539764166
0.631801844
0.554002047
0.582425356
0.481952667
0.489379406
0.289765835
0.698528290
0.560929775
0.534404755
0.550001860
0.558378458
0.482114553
0.503305197
0.483258963
0.291758060
0.726676941
0.556659698
0.538416147
0.529288530
0.545002222
0.474719524
0.483925343
0.478566170
0.308585644
0.763110876
0.576873064
0.548266411
0.545687199
0.537923336
0.484893799
0.478615046
0.485476732
0.379527569
0.741015673
0.551000118
0.541096449
0.564151049
0.534250975
0.481383085
0.474028587
0.474921227
0.295916319
0.719236612
0.577986479
0.535325289
0.550283909
0.631874800
0.485072374
0.486812592
0.510531425
0.310834408
0.883123636
0.581483603
0.533049345
0.555610657
0.561875820
0.597382307
0.475086212
0.482136965
0.289510250
0.755084991
0.565041065
0.536560774
0.537837744
0.541028023
0.498177052
0.478435040
0.491142273
0.287983656
0.758465290
0.595044136
0.542862892
0.535745144
0.588608027
0.481834173
0.477332115
0.494336843
0.323415041
0.719111443
0.660983801
0.525280952
0.531185389
0.534597635
0.580354452
0.497991085
0.485927820
0.292029381
0.725888968
0.555263996
0.528865814
0.535793066
0.536630869
0.490416050
0.483253002
0.469179392
0.299364328
0.704982519
0.568476200
0.532581806
0.530141592
0.563678503
0.483497381
0.481669903
0.484521151
0.297872543
0.742969513
0.584356308
0.549586296
0.585498095
0.534770727
0.493201733
0.479960918
0.477407455
0.297515392
0.737559557
0.596709967
0.544614315
0.653111219
0.534536123
0.476449490
0.507571459
0.483989000
0.392403841
0.744051456
0.679214239
0.538184881
0.528050184
0.561991930
0.495347500
0.480201244
0.599210024
0.298286438
0.746558666
0.561313152
0.548784733
0.530338049
0.563028097
0.479051590
0.482199430
0.493623734
0.320150614
0.837395906
0.570709705
0.540638685
0.534549236
0.557576895
0.477782249
0.491836309
0.492336988
0.298370361
0.787807941
0.595052004
0.545953512
0.538719893
0.533367634
0.491926193
0.479801416
0.484932661
0.293619394
0.708139896
0.598222017
0.544456482
0.563276529
0.574668407
0.484875202
0.486603498
0.475858450
0.304249763
0.739916325
0.567825794
0.544579506
0.541101933
0.570086718
0.492563009
0.489393473
0.488035679
0.311786890
0.716583967
0.579726934
0.528108358
0.538834572
0.534730911
0.490766287
0.478097916
0.493371964
0.296192169
0.737301588
0.551906347
0.645351648
0.545650244
0.515213251
0.487199545
0.489093065
0.487028360
0.308454037
0.740132332
0.576241016
0.541604757
0.567305565
0.533159256
0.480509758
0.479604483
0.482764959
0.296160221
0.869124651
0.560658693
0.543408394
0.547162294
0.531132460
0.481873989
0.474210501
0.485047102
0.296913862
0.736929178
0.560872316
0.691748619
0.538525105
0.559791565
0.487960339
0.480878115
0.479056835
0.299698353
0.724665165
0.554510832
0.530849695
0.549339533
0.543248892
0.479909897
0.481716871
0.480875492
0.293771982
0.793814182
0.565214634
0.533345222
0.575181961
0.561975718
0.478929758
0.481287241
0.495495081
0.382393599
0.735788584
0.567599773
0.571427584
0.685178518
0.581197262
0.503439188
0.481266499
0.500299454
0.292247772
0.722564220
0.565957069
0.542693377
0.533647060
0.560897827
0.481047630
0.489966393
0.479737759
0.296988726
0.734896421
0.594825029
0.574407816
0.534582376
0.532417774
0.482490063
0.489696026
0.501554251
0.300196171
0.734272480
0.587400675
0.561637878
0.570682287
0.535245419
0.485328913
0.476553202
0.498487473
0.292316914
0.850977898
0.550683737
0.542771101
0.534752131
0.535055637
0.480540514
0.489545107
0.487838268
0.354818821
0.726978064
0.583920956
0.532077312
0.557408810
0.569935560
0.482369423
0.499311686
0.527720451
0.292200565
0.741294861
0.561710835
0.540046453
0.541507959
0.674780369
0.490017653
0.482616186
0.617688417
0.293474913
0.711820126
0.567687750
0.546282768
0.604308844
0.534599543
0.487244606
0.479382753
0.483151674
0.290030718
0.702415466
0.574506998
0.538889885
0.538564682
0.551533937
0.482626438
0.477971554
0.473632097
0.288644791
0.838556290
0.557118416
0.540793657
0.542843580
0.535955429
0.488563538
0.479576826
0.506229639
0.301454782
0.827700138
0.588179588
0.538038492
0.531388998
0.545559883
0.482118130
0.500754356
0.481915712
0.291110039
0.727210999
0.577663898
0.528278351
0.554871559
0.536907196
0.485589504
0.483747244
0.478426218
0.288885117
0.740945101
0.560848236
0.547482967
0.534366846
0.534658909
0.504984856
0.470389366
0.488420486
0.299982309
0.827351809
0.575076580
0.545345545
0.562849045
0.593833923
0.483249903
0.540308952
0.479269266
0.294360876
0.733761311
0.579678774
0.552290916
0.538998842
0.536756277
0.488487005
0.473123312
0.484075546
0.285434961
0.716804981
0.602194548
0.531537771
0.532796383
0.566999674
0.485954285
0.475588083
0.490660906
0.289282799
0.712791204
0.559473038
0.565859556
0.536341906
0.548802614
0.481238842
0.489362478
0.482396126
0.292872906
0.734768391
0.555575371
0.538730860
0.543115377
0.538921356
0.514750004
0.477977991
0.475938082
0.289211035
0.711832762
0.562098980
0.569683790
0.529456377
0.553433895
0.469568014
0.475611210
0.483704567
0.290648699
0.723694086
0.557148218
0.537812471
0.558380604
0.572402954
0.474843740
0.480049372
0.481609583
0.300449133
0.726257801
0.538475513
0.533021688
0.562658310
0.598381758
0.478715897
0.506745577
0.492652893
0.299836636
0.722424269
0.555489063
0.529580593
0.535714149
0.532769680
0.489674330
0.488976479
0.500303745
0.290828466
0.740736723
0.678170681
0.536771059
0.530744791
0.534671068
0.480216980
0.485591888
0.483604908
0.293511391
0.715823650
0.563750744
0.529254198
0.539285183
0.532498121
0.477520227
0.482315063
0.484592199
0.298547745
0.704801083
0.573935747
0.539894819
0.555473804
0.587891579
0.503955603
0.472784281
0.488579512
0.400173426
