5.104785681
5.082602978
5.047057152
5.150330067
5.005455494
5.215734005
5.097475052
5.056454420
5.199923754
5.207946539
5.077561617
5.148928642
5.155246019
5.146120310
5.202230215
5.167512655
5.170898914
5.273431063
5.154496908
5.061173677
5.217747450
5.208747625
5.149007559
5.150067329
5.194905281
5.051797628
5.139571667
5.073210478
5.074291229
5.105509520
5.140909195
5.175365925
5.026521444
5.029794455
5.153404474
5.084833622
5.120955706
5.307153702
5.115499258
5.184420347
5.062797308
5.206766605
5.220954418
5.090304613
5.073707819
5.114842653
5.007968426
5.060955524
5.395547628
5.046745777
5.025974751
5.186542034
5.046586275
5.192056179
5.347883463
5.077944517
5.182677746
5.213266373
5.016153097
5.039361477
5.136408329
5.311806679
5.316205263
5.114424944
5.191272020
5.143216848
5.129542828
5.132016659
5.047680855
5.151099920
5.091697931
5.173402548
5.221408367
5.021078825
5.248994589
5.300035000
5.060206652
5.126334190
5.123923063
5.210140467
5.153180361
5.327120781
5.092867136
5.021111012
5.173945665
5.178579569
5.040800810
5.072467566
5.286201000
5.063036442
5.069848061
5.054753780
5.054930449
5.036324739
5.076079130
5.121366024
5.035132885
5.145187855
5.017363548
5.219049931
