0.242854357
0.201589108
0.161216736
0.169397354
0.164836884
0.161475897
0.172309875
0.162813425
0.157436132
0.160481453
0.186916828
0.195652008
0.191606760
0.156971216
0.171699524
0.168597460
0.174386978
0.161366463
0.162194729
0.171269894
0.174324989
0.168707132
0.159158230
0.176753521
0.161950588
0.181060553
0.177284479
0.176608086
0.172439814
0.156234980
0.180942535
0.156368971
0.176572800
0.179675102
0.180256128
0.172159433
0.160166979
0.182093620
0.162214041
0.174004078
0.161746025
0.176367998
0.170866966
0.158007145
0.163777113
0.176796436
0.171466589
0.194268942
0.174150467
0.171021461
0.172972202
0.162419796
0.155420303
0.176444292
0.196131468
0.169109344
0.177270889
0.167469501
0.173830509
0.193217278
0.175880194
0.175841808
0.155796528
0.158639908
0.155754089
0.157174826
0.181215525
0.174101830
0.175202608
0.179817200
0.183751822
0.161117554
0.182033777
0.154073238
0.161160231
0.176438332
0.162056684
0.173852682
0.192907333
0.175702810
0.172349453
0.173490524
0.197532892
0.179310083
0.169469118
0.174579144
0.174401760
0.177212238
0.171319246
0.172482729
0.184500933
0.161222696
0.181852341
0.159257174
0.196828842
0.168534756
0.134401321
0.135248184
0.133840561
0.132399797
