0.088815451
0.089655399
0.092311144
0.091905832
0.091967821
0.092031717
0.092166662
0.091922522
0.091977596
0.092010736
0.092039824
0.092071056
0.091984749
0.091987848
0.092061281
0.092173576
0.091892242
0.080878973
0.092706919
0.092166901
0.092053413
0.092004776
0.092010498
0.092076778
0.092029810
0.092072725
0.091991186
0.091999769
0.092031479
0.092432499
0.092246294
0.091984987
0.092036724
0.091870785
0.091906309
0.080782652
0.093010902
0.091726542
0.091863871
0.091900110
0.091798306
0.091784716
0.091857433
0.091785669
0.091897726
0.091845036
0.091783524
0.092224360
0.091924191
0.091916323
0.091812372
0.091897249
0.091835260
0.080753326
0.092999935
0.091754913
0.091880083
0.091798067
0.091989994
0.091879606
0.091868639
0.091763735
0.092069626
0.091810465
0.092001200
0.091998100
0.092031717
0.091835499
0.091998100
0.092143059
0.091799498
0.080734730
0.091853380
0.092162609
0.091869354
0.091813326
0.091907501
0.091807127
0.091711521
0.091785192
0.091865540
0.091979742
0.091917515
0.092013836
0.091729879
0.091838837
0.091866493
0.091773033
0.091643095
0.080820799
0.092238188
0.091882467
0.091677189
0.091827869
0.091997862
0.091931820
0.091753483
0.091739655
0.091992855
0.091910601
0.091842413
0.091874599
0.091877937
0.091891766
0.091707230
0.091712236
0.091978788
0.080705643
0.091166735
0.092013836
0.091896534
0.091896534
0.092054844
0.091740847
0.091707230
0.091808319
0.092136860
0.091818571
0.091908216
0.091930151
0.091841698
0.091673851
0.091825724
0.092140913
0.091926813
0.080714941
0.091615915
0.092280149
0.091784239
0.091792345
0.091853380
0.091982603
0.091943979
0.091854334
0.091733217
0.091756821
0.092062950
0.092007160
0.091869354
0.091909647
0.091862679
0.091836452
0.091984987
0.080881119
0.092249393
0.092001200
0.091969490
0.091998339
0.091969013
0.091835976
0.092098475
0.091945410
0.091886044
0.092047453
0.091849804
0.091862917
0.092240095
0.092916250
0.092422009
0.092354774
0.091917038
0.080858231
0.092965126
0.092045069
0.091893673
0.091764212
0.091829538
0.091880798
0.091852427
0.091793537
0.091959000
0.091896296
0.091795444
0.091765165
0.091933966
0.091830254
0.091853857
0.092937708
0.092738867
0.081399679
0.092933416
0.091899157
0.091791153
0.091777325
0.091770649
0.091755629
0.091837406
0.092064381
0.091836691
0.091859102
0.092288494
0.093110561
0.092268944
0.092425108
0.092361212
0.092419147
0.092403412
0.081315517
0.093071938
0.091903925
0.091908932
0.091807604
0.092818499
0.092451334
0.092610598
0.092412233
0.092405081
0.092500687
0.092561483
0.092466354
0.092428684
0.092433214
0.092423201
0.092556715
0.092526197
0.081284046
0.092645884
0.092080593
0.092217445
0.092344046
0.092936277
0.092575073
0.092403173
0.091900826
0.093087912
0.092607260
0.092485189
0.092767715
0.093086958
0.093528748
0.093185425
0.092900991
0.092399597
0.081406355
0.093515158
0.092897654
0.092048883
0.092743158
0.092896700
0.092652082
0.092510939
0.092703104
0.092463255
0.092675686
0.092486382
0.092356443
0.093424082
0.093301773
0.092996836
0.092890263
0.092768192
0.081479311
0.092746735
0.092365026
0.092246532
0.093714952
0.093065739
0.093166351
0.092577219
0.093306303
0.093405247
0.093133450
0.093250275
0.093177080
0.093299866
0.092947721
0.093029261
0.092734337
0.093772411
0.081924200
0.093101025
0.092216492
0.092888355
0.093376398
0.093090296
0.092800379
0.092588425
0.092559814
0.092617989
0.093601227
0.093381643
0.093265533
0.093126059
0.093055964
0.092920780
0.093156815
0.093431473
0.081954718
0.093043327
0.092229605
0.093682051
0.093207121
0.093325138
0.092719078
0.093389511
0.093356609
0.093188763
0.093409538
0.093222618
0.093069553
0.093281507
0.093205214
0.093214273
0.093083382
0.093143940
0.082028866
0.092550993
0.092723846
0.092630386
0.092833281
0.093955278
0.093270779
0.093184948
0.092524767
0.093534231
0.093407393
0.093111038
0.093062162
0.093217373
0.093117952
0.093159914
0.093166590
0.093351603
0.081910372
0.094225407
0.092628956
0.092117071
0.092806816
0.092907667
0.092586517
0.092694044
0.092902899
0.093575954
0.093024969
0.093178272
0.092540503
0.093469381
0.093223095
0.093116283
0.092715263
0.093189001
0.082216740
0.092427254
0.092471123
0.092090368
0.093099833
0.092499495
0.092431307
0.092609644
0.092509985
0.092562199
0.092549086
0.092647314
0.092649937
0.092634916
0.092595816
0.092642784
0.092702150
0.092620373
0.081271887
0.092276335
0.092341423
0.092209578
0.093124866
0.092735529
0.092594385
0.092067719
0.093011856
0.092559338
0.092583179
0.092421770
0.092497587
0.092533588
0.092537880
0.092546225
0.092591286
0.092498541
0.081386328
0.093163013
0.092414141
0.092121363
0.091959238
0.092241049
0.093141794
0.092494011
0.092516661
0.092725992
0.092561007
0.092573881
0.092631578
0.092721224
0.092512846
0.092755318
0.092465878
0.092514277
0.081348181
0.092501640
0.092250347
0.091943502
0.092099667
0.092336893
0.092916965
0.092578650
0.092661858
0.092602730
0.092461586
0.092650890
0.092732668
0.092458010
0.092521667
0.092447281
0.092576265
0.092440844
0.080887079
0.092345238
0.092207670
0.092052460
0.092037678
0.092035532
0.091831446
0.092049599
0.093093634
0.092526674
0.092460871
0.092567682
0.092615604
0.092616558
0.092611074
0.092602015
0.092612267
0.092399120
0.080912590
0.091719151
0.092307091
0.092115641
0.091997623
0.092021465
0.093199253
0.092651606
0.092610359
0.092185736
0.092751026
0.093017817
0.092443228
0.092215776
0.092454433
0.093075037
0.092647314
0.092465401
0.081005096
0.092028856
0.092312336
0.092016697
0.091969967
0.092017651
0.092011452
0.092059374
0.092001915
0.091950417
0.092006445
0.092138290
0.092630148
0.093055964
0.092582941
0.092395067
0.091930628
0.091921568
0.080886841
0.091835737
0.092278242
0.091980457
0.092300177
0.091953754
0.092010021
0.092160225
0.092022657
0.092019320
0.092078447
0.091933966
0.092296124
0.093034506
0.092489243
0.092518330
0.092044115
0.091976881
0.080944061
0.091386557
0.092282057
0.091977358
0.092074633
0.091976643
0.091920137
0.091914415
0.091944218
0.091958761
0.091973305
0.091922998
0.092149973
0.091964960
0.091872454
0.092001438
0.091881990
0.091879845
0.080894947
0.091487169
0.092230082
0.091967344
0.092011690
0.091964483
0.092081308
0.092087746
0.092153311
0.091934681
0.092191696
0.092057467
0.092032909
0.091952324
0.092091322
0.091881037
0.091912031
0.091898441
0.080942869
0.091386795
0.092304468
0.092104435
0.091947079
0.092036963
0.091979027
0.092231512
0.092005968
0.092063665
0.092180252
0.091899633
0.091938972
0.092411757
0.091955662
0.091982603
0.091960669
0.092042446
0.080921650
0.092093945
0.092120409
0.091947079
0.092020512
0.092041016
0.091861248
0.091922045
0.092003345
0.092006207
0.092013121
0.091927767
0.091988564
0.091951609
0.091900587
0.091976643
0.091921568
0.091986179
0.080966711
0.091239691
0.092269421
0.092047691
0.092067242
0.091974735
0.092155933
0.092155695
0.092080832
0.091878414
0.091869116
0.092015266
0.091996193
0.091961384
0.091928959
0.091826677
0.091898203
0.092057467
0.080725193
0.091872215
0.092162132
0.092208624
0.091782093
0.091769218
0.091953993
0.092008352
0.091877460
0.091987133
0.091969967
0.091947556
0.092168808
0.091989040
0.091865778
0.091855049
0.091964722
0.091818571
0.080946445
0.092393160
0.092298746
0.091980457
0.091912031
0.092138767
0.091950893
0.091921806
0.091924667
0.091939688
0.091787815
0.091917992
0.092011452
0.091974735
0.091983795
0.091981649
0.091894150
0.092029572
0.080918789
0.092566490
0.092274189
0.092022419
0.092025042
0.091937304
0.091872454
0.092026711
0.092031240
0.091961622
0.091892719
0.091919422
0.091992140
0.092074871
0.092176914
0.092012882
0.091946363
0.092099905
0.080832005
0.091852427
0.092252254
0.092144251
0.092076778
0.091906071
0.091911077
0.092019558
0.092064381
0.091935635
0.091978073
0.092081785
0.092039824
0.092197418
0.091920137
0.091946363
0.092076302
0.091753244
0.080841064
0.092617512
0.092018366
0.091984987
0.091989994
0.092077017
0.091956615
0.091986656
0.091925144
0.091954470
0.091986418
0.092013359
0.092071533
0.092065573
0.092043877
0.092054129
0.091876030
0.091872454
0.080921650
0.092533112
0.091962337
0.091833353
0.092103243
0.091928482
0.091953993
0.091914177
0.091964722
0.092072964
0.091907263
0.091946602
0.091969490
0.091974735
0.092102528
0.091912746
0.091900826
0.091995955
0.080928087
0.093024969
0.091975451
0.092030764
0.092010736
0.091938019
0.091940641
0.091909885
0.092054367
0.091967583
0.091979504
0.091936827
0.092047215
0.091976404
0.091854334
0.091895819
0.091975689
0.091898203
0.080785990
0.093171835
0.091977358
0.092032194
0.091954231
0.091893673
0.091850281
0.091975212
0.092174768
0.092027187
0.092019796
0.092044353
0.092026949
0.091958523
0.092024803
0.092071056
0.091946602
0.091978073
0.080901384
0.093077183
0.091972113
0.092024565
0.092000961
0.091952085
0.092298031
0.091950655
0.091981888
0.091843128
0.091973543
0.091943502
0.091988802
0.092088461
0.092150927
0.091856480
0.091987133
0.092046499
0.080958366
0.093603373
0.092015982
0.092084885
0.091822147
0.092007637
0.091925859
0.091759443
0.091989517
0.091944456
0.091973782
0.091981649
0.092021942
0.091987610
0.091848612
0.091973782
0.092009544
0.092019081
0.081032038
0.093255758
0.092085123
0.091841936
0.091943979
0.091949463
0.091861963
0.091976643
0.092113256
0.092076063
0.091957569
0.092048883
0.091954947
0.091930389
0.091904640
0.091963530
0.091987371
0.092011213
0.080942631
0.092948198
0.091971397
0.092010260
0.091948509
0.091940880
0.092053175
0.092234373
0.091928959
0.092027426
0.092023134
0.092147827
0.091875076
0.092196941
0.091878653
0.091941833
0.091953278
0.091916084
0.080797434
0.092495680
0.091974258
0.091945410
0.091931343
0.092066050
0.092022419
0.092086792
0.091961861
0.092033625
0.091997147
0.092116117
0.091988087
0.092123985
0.091995716
0.091952324
0.091918468
0.091969490
0.080883503
0.093330383
0.092053413
0.091852188
0.091996908
0.092033148
0.092113495
0.091901779
0.091929913
0.092330456
0.092100620
0.092097998
0.091993093
0.092065811
0.092146635
0.091865301
0.091995716
0.091920137
0.080846310
0.093122005
0.091841459
0.091891766
0.092005253
0.091871262
0.091880322
0.091916561
0.091898918
0.091829777
0.091925859
0.091919899
0.091983080
0.092124701
0.091897726
0.091816664
0.091818094
0.091939688
0.080862761
0.092961073
0.091937304
0.092020988
0.091883421
0.092051268
0.092178345
0.092072725
0.091951132
0.092086554
0.091841698
0.091947079
0.091865778
0.091913700
0.091875315
0.092011213
0.091851234
0.091823101
0.080726147
0.092999935
0.091889620
0.091945887
0.091896057
0.091945648
0.091853380
0.091962576
0.091959238
0.091822386
0.091958761
0.091904163
0.091938972
0.091931105
0.091905117
0.091949940
0.091875553
0.091978550
0.081029415
0.092686653
0.092227221
0.091951609
0.091881037
0.091906071
0.091881514
0.091837168
0.091893673
0.092006683
0.091993332
0.091794729
0.091890812
0.092081308
0.091944456
0.091903687
0.091943502
0.091838360
0.080829620
0.090667963
0.092183590
0.091804981
0.091810942
0.091994286
0.091860771
0.091768742
0.091986418
0.092042923
0.091912270
0.091866016
0.091988325
0.091918707
0.091735840
0.091736078
0.091789484
0.091770411
0.080704689
0.092613697
0.092104673
0.091923475
0.092153788
0.091880083
0.091801643
0.091945410
0.091942787
0.091833591
0.091817856
0.091948271
0.092037439
0.091845751
0.091875792
0.091860294
0.091977596
0.091837168
0.080850124
0.091515779
0.091904879
0.091838598
0.091957331
0.091737509
0.091906786
0.092019796
0.091864347
0.091810703
0.091907501
0.091845989
0.091804266
0.091990471
0.091947556
0.091827393
0.091883183
0.091810942
0.080803394
0.091978312
0.092122555
0.091919661
0.091843843
0.092163086
0.091899633
0.091787338
0.091833830
0.092206240
0.091922045
0.091816425
0.091869593
0.091954947
0.091890335
0.091888666
0.091902971
0.091878414
0.080859184
0.092623234
0.091969252
0.091834307
0.092063189
0.091857195
0.091860771
0.091975212
0.092032671
0.092184305
0.091873169
0.091872931
0.091857195
0.091848612
0.092000008
0.091814280
0.092049599
0.092097044
0.080882549
0.092524529
0.091828823
0.091897726
0.092005730
0.091888905
0.091859818
0.092064619
0.091928482
0.091974258
0.091886282
0.092026234
0.091794968
0.091894150
0.091885090
0.091764450
0.091996193
0.091827631
0.080630779
0.093034029
0.091937065
0.091857672
0.091720104
0.092086792
0.092150211
0.091819525
0.091872454
0.091868877
0.091936350
0.091896296
0.091901779
0.091947556
0.091950178
0.092003822
0.091986895
0.091779709
0.080771446
0.092255354
0.092068672
0.091840029
0.091965675
0.092033148
0.091940880
0.091902494
0.091938019
0.091985226
0.091875076
0.092007160
0.091802835
0.091850519
0.091936588
0.091969728
0.091937542
0.091917992
0.080822468
0.091896534
0.092125177
0.091864586
0.091768265
0.091766834
0.091800213
0.091885805
0.091878891
0.091885328
0.091839790
0.091784716
0.091862917
0.091967821
0.091853619
0.091844559
0.091878414
0.091989279
0.080814362
0.092613697
0.091952801
0.091909647
0.091813564
0.091911077
0.091822863
0.091963530
0.091965914
0.091969252
0.091806650
0.092031479
0.091937304
0.091829300
0.091844797
0.091950417
0.091886997
0.091742277
0.080979347
0.091711044
0.092210054
0.091876984
0.091970444
0.091875553
0.091790676
0.091864586
0.091960669
0.091878653
0.091925859
0.091949463
0.091826677
0.091900349
0.091831684
0.092041492
0.091900587
0.091851473
0.080813885
0.092576742
0.091975451
0.092207670
0.091935873
0.091878891
0.092024326
0.091863155
0.091772795
0.092137098
0.091894150
0.091795921
0.091931343
0.091942072
0.091799259
0.091843605
0.091873646
0.091818571
0.080739975
0.091291428
0.092083216
0.091887236
0.091987848
0.091839552
0.091817617
0.091724396
0.091829300
0.091953993
0.091845751
0.091848612
0.091858149
0.092374325
0.092718124
0.092501879
0.092494249
0.091795206
0.080775023
0.091218710
0.092018604
0.091962099
0.092154503
0.093193054
0.092487812
0.092447996
0.092459440
0.092338562
0.092382908
0.092653513
0.092420340
0.092508793
0.092606544
0.092458725
0.092473984
0.092440367
0.081340075
0.093357801
0.092920780
0.092134476
0.092430830
0.092761517
0.092729092
0.092367649
0.092399836
0.092492342
0.092502117
0.092592001
0.092421770
0.093105793
0.093364954
0.093061686
0.092825651
0.092375278
0.081659317
0.092765570
0.093091249
0.092547178
0.093063831
0.093451023
0.093096733
0.092906952
0.092793465
0.093523026
0.093060255
0.093063354
0.093114138
0.093034267
0.093117714
0.092964172
0.093052149
0.092965126
0.082013845
0.094312191
0.093008995
0.092363596
0.092488289
0.092480421
0.093259096
0.093192101
0.093589783
0.094015360
0.093648911
0.093598366
0.092977762
0.092989683
0.092966795
0.094242573
0.093560457
0.093691349
0.082289219
0.092869282
0.092148542
0.092652559
0.093366385
0.093001127
0.093099356
0.093060255
0.092955112
0.092991114
0.093050957
0.093167543
0.093168259
0.093157053
0.092995644
0.093194723
0.093132496
0.092939615
0.081696033
0.093164682
0.091924429
0.093151331
0.093304157
0.093039274
0.093027353
0.093005657
0.093147516
0.093413353
0.094225407
0.093533993
0.093513966
0.092984676
0.093908072
0.093766212
0.093583584
0.093190432
0.081771612
0.093487263
0.092158556
0.093618155
0.093045712
0.093304396
0.093248129
0.094265938
0.093648434
0.093626499
0.093326092
0.093017101
0.092864990
0.093224525
0.094211340
0.093556881
0.093592405
0.093076706
0.081901073
0.093609333
0.093728781
0.093171835
0.093646049
0.093922853
0.093659639
0.093511343
0.093426943
0.094149828
0.093502760
0.093642712
0.093200207
0.094014645
0.093751192
0.093638182
0.093749285
0.093509197
0.082182646
0.094358921
0.093000174
0.092740536
0.094261885
0.093630075
0.093626022
0.093276024
0.094144821
0.093807459
0.093652010
0.093924284
0.093838453
0.093594551
0.093719482
0.093791485
0.093667030
0.093769550
0.082364321
0.092986822
0.091865778
0.093821287
0.093759060
0.093883038
0.093694448
0.093709469
0.093683004
0.093639374
0.093657970
0.093666792
0.093904972
0.093656301
0.093597412
0.093731642
0.094514847
0.094528675
0.082919598
0.093988180
0.093812704
0.094124556
0.093717575
0.093627214
0.093742132
0.093704700
0.093621254
0.093609810
0.093677998
0.094328880
0.094476461
0.094298363
0.093871593
0.094085932
0.094743013
0.094193459
0.082818508
0.094813585
0.093684196
0.093125343
0.093973637
0.093922615
0.094312668
0.094459772
0.094361782
0.094239712
0.094175577
0.094032764
0.093921900
0.094757557
0.094219446
0.094347715
0.094268560
0.094269037
0.082514524
0.093587875
0.091900826
0.093907118
0.094619989
0.094105959
0.094027758
0.094303370
0.094741344
0.094371080
0.094331503
0.094238520
0.094303608
0.094244719
0.094183445
0.093740702
0.094310045
0.094552279
0.082780361
0.094565630
0.093697786
0.093832016
0.093687057
0.093682051
0.093817711
0.093659163
0.093610287
0.093551636
0.093557358
0.094641685
0.094516277
0.094435215
0.094393253
0.094330311
0.094157219
0.094187737
0.082818985
0.095288754
0.093551397
0.093107700
0.094755888
0.094196320
0.094315767
0.094202757
0.094259262
0.094358921
0.094267607
0.094224453
0.094184875
0.094136000
0.094260931
0.093997717
0.093679428
0.094919205
0.083011627
0.093344212
0.091775656
0.094612598
0.094391584
0.094342709
0.093809366
0.093667269
0.093621731
0.094035387
0.094732285
0.094329596
0.094206572
0.093847036
0.093567371
0.093530893
0.093692780
0.093596697
0.082728863
0.094077587
0.093211651
0.093057394
0.093187094
0.094134092
0.093658924
0.093842745
0.093057871
0.094064474
0.093830585
0.093677759
0.093593359
0.093733072
0.093482971
0.094247818
0.094591379
0.094149351
0.082778215
0.095053911
0.093053341
0.092595339
0.094305038
0.093872070
0.093583107
0.093622923
0.093547821
0.093464851
0.093657494
0.093744755
0.093531609
0.093511105
0.093659163
0.093543768
0.093530416
0.093520880
0.082139492
0.092436790
0.092021704
0.093210697
0.093893051
0.093667984
0.093573332
0.093622208
0.093540430
0.093550205
0.093601942
0.092929840
0.093918324
0.093793392
0.093681812
0.093542576
0.093544483
0.093739986
0.082230806
0.093141794
0.092328310
0.094115257
0.093680620
0.093714714
0.093548775
0.093482018
0.093687057
0.093712568
0.093644619
0.093659878
0.093721867
0.093703747
0.093603134
0.093719721
0.093671322
0.093728065
0.082304239
0.094650984
0.093235493
0.092796087
0.093400240
0.093227386
0.092999697
0.093090057
0.093216419
0.093031645
0.092869043
0.093401432
0.093131542
0.093106747
0.092945099
0.093810797
0.093700886
0.093572378
0.082088709
0.094102859
0.092909575
0.092661381
0.093626022
0.092888832
0.092965603
0.092991352
0.093796968
0.093818426
0.093598843
0.093605518
0.093398809
0.093585968
0.093637228
0.093723297
0.093568563
0.093525171
0.082265615
0.092820168
0.092132330
0.092550755
0.093281984
0.093478680
0.094119549
0.093542099
0.093620539
0.093224764
0.093156338
0.092967510
0.093104124
0.093200922
0.093807220
0.093923569
0.093523502
0.093759537
0.082382917
0.093433142
0.091827869
0.093563080
0.093049288
0.094005346
0.093659163
0.093724966
0.093758345
0.093528032
0.093168736
0.093547106
0.094109535
0.093546629
0.093711376
0.093548775
0.093411446
0.093040466
0.082788229
0.094862461
0.093226433
0.092759132
0.093006372
0.093438148
0.093495846
0.094031096
0.093656301
0.093656063
0.092976570
0.092943192
0.093099594
0.093028784
0.092869759
0.092985868
0.092983246
0.093525171
0.082692862
0.093781948
0.092484236
0.092010736
0.093243837
0.093218088
0.093093872
0.093145847
0.092932940
0.093136311
0.092999458
0.093045473
0.093013287
0.092927217
0.092954874
0.093074799
0.093194723
0.093096972
0.081793547
0.092736006
0.092820644
0.092513084
0.093570232
0.093162537
0.093052387
0.092973709
0.092924833
0.093042135
0.093158960
0.093195200
0.093284845
0.093136787
0.093115091
0.093037367
0.093066216
0.092969179
0.081693649
0.092714310
0.092133999
0.092521667
0.093549252
0.093082666
0.093228579
0.092440605
0.093512774
0.093150139
0.093007326
0.093065977
0.093046188
0.093041658
0.093169928
0.092921257
0.093138456
0.093086958
0.081867695
0.092365026
0.092011213
0.092695951
0.092493296
0.092477560
0.092752934
0.092438698
0.092455626
0.092538357
0.093548298
0.093119383
0.093086720
0.092442036
0.093231916
0.093174219
0.093043327
0.092857599
0.081223965
0.093025684
0.092029333
0.092930317
0.092861176
0.092470884
0.092418432
0.092593431
0.092467785
0.092762947
0.093754768
0.093194723
0.092823267
0.092479229
0.092606783
0.092500925
0.092470407
0.092555285
0.081381798
0.092983723
0.091803551
0.091881514
0.091881514
0.092751265
0.092687607
0.093107939
0.093327999
0.093063831
0.092883587
0.092934132
0.093412876
0.092993021
0.092916250
0.092875957
0.093038559
0.092589617
0.081218719
0.092847824
0.091816664
0.091702938
0.091863632
0.093000889
0.092419624
0.092326403
0.092493296
0.092481852
0.092324972
0.092518806
0.092548370
0.092425108
0.092721462
0.092438936
0.092472792
0.092434883
0.081196308
0.092884302
0.091992855
0.091907024
0.092027426
0.092986107
0.092483044
0.092535257
0.091997623
0.091987371
0.091893196
0.092536688
0.092948198
0.092573643
0.092572927
0.091935158
0.093072414
0.092481375
0.081398726
0.092787504
0.091926813
0.091784239
0.092279434
0.092880249
0.092611074
0.092599392
0.091827393
0.092785120
0.092635155
0.092435598
0.092232704
0.092320681
0.092935324
0.092582226
0.092470169
0.091890812
0.080863714
0.091685534
0.092192650
0.092007399
0.091853857
0.091917753
0.091962099
0.092818975
0.092473984
0.092522621
0.092135191
0.091891289
0.092070341
0.091821909
0.091794252
0.091972351
0.091713190
0.091832876
0.080781221
0.092851400
0.091848135
0.091862917
0.091867447
0.091813564
0.091670275
0.091694117
0.091743231
0.092807531
0.092699528
0.092441082
0.092120886
0.092061043
0.091905355
0.091937304
0.091874123
0.091888189
0.080750465
0.092470884
0.091784000
0.092302561
0.091951609
0.091896057
0.091981649
0.091994047
0.091908932
0.092048645
0.092016935
0.091921806
0.092051744
0.092061996
0.091895342
0.091930389
0.091867685
0.091845274
0.080832243
