1.721009016
1.730602026
1.726816893
1.725585222
1.725723505
1.725125551
1.719005585
1.724077940
1.734262466
1.734351873
1.737501144
1.737013817
1.743876457
1.754196644
1.762447596
1.748893023
1.754407406
1.744213581
1.758229256
1.738090515
1.740248919
1.740044117
1.734243393
1.728958130
1.735041618
1.732215405
1.736885548
1.734961510
1.734452963
1.735149145
1.740467548
1.735158682
1.723876476
1.739142656
1.726484776
1.718659163
1.731243610
1.725441456
1.725077391
1.733030558
1.730578184
1.741319895
1.739733696
1.733288765
1.732896090
1.734385014
1.730422258
1.723714352
1.730368614
1.726600409
1.727579594
1.723374128
1.728921413
1.732544661
1.728264809
1.727156639
1.733732700
1.726936817
1.726203918
1.731119394
1.727313280
1.724500179
1.728135824
1.737156630
1.739643574
1.745473623
1.752810955
1.746367455
1.754185915
1.751694679
1.756040335
1.752883196
1.757901669
1.761150599
1.766996384
1.767584801
1.768954515
1.763996601
1.763234854
1.765429735
1.770308733
1.749933481
1.755728722
1.749617577
1.754688501
1.757651806
1.756696939
1.749398232
1.752287626
1.745098114
1.757600069
1.739729643
1.745734930
1.744646311
1.733165503
1.738181114
1.739143848
1.735072613
1.724931479
1.731810331
