0.020886898
0.020965338
0.021269083
0.021264315
0.021269321
0.021390438
0.021169662
0.021118879
0.021092653
0.021100998
0.021060467
0.021111965
0.021077156
0.021113873
0.021149158
0.021097660
0.021185398
0.021180153
0.021121502
0.021113396
0.021177292
0.021098852
0.021163225
0.021182299
0.021398306
0.021263599
0.021174908
0.021154881
0.021103621
0.021247625
0.021078110
0.021072626
0.021095753
0.021145821
0.021162987
0.021136284
0.021111727
0.021137476
0.021265984
0.021153688
0.021324396
0.021311045
0.021289349
0.021171570
0.021206617
0.021175861
0.021200895
0.021234512
0.021197081
0.021216631
0.021155357
0.021222591
0.021311045
0.021299839
0.021237850
0.021128416
0.021085262
0.021087408
0.021177769
0.021073580
0.021097422
0.021097422
0.021150112
0.021128416
0.021188498
0.021223068
0.021182775
0.021115303
0.021180630
0.021122932
0.021360874
0.021399975
0.021389008
0.021362782
0.021390200
0.021260262
0.021200657
0.021183252
0.021181107
0.021209955
0.021174192
0.021183968
0.021193504
0.021199942
0.021115780
0.021164179
0.021123171
0.021067381
0.021103621
0.021146774
0.021138191
0.021391153
0.021370888
0.021329880
0.021334648
0.021296978
0.021232843
0.021226406
0.021122217
0.021142960
0.021103382
0.021080017
0.021105051
0.021113157
0.021097422
0.021108627
0.021106958
0.021098614
0.021177769
0.021297932
0.021315098
0.021322966
0.021359444
0.021322966
0.021216631
0.021203756
0.021194458
0.021237135
0.021358967
0.021302462
0.021318436
0.021265030
0.021297216
0.021138430
0.021075249
0.021075010
0.007051945
