0.696623325
0.011034012
0.010099411
0.009634256
0.009897232
0.009449482
0.009848833
0.009291649
0.009281397
0.009883881
0.009300232
0.009702921
0.009866714
0.009334803
0.010053396
0.009294510
0.009305954
0.009286880
0.009336233
0.009321928
0.010207415
0.009511471
0.010043621
0.009537935
0.009288073
0.009310722
0.009288073
0.009551764
0.009311438
0.009716749
0.009578466
0.009326458
0.009308100
0.009308815
0.009649038
0.009289026
0.009707689
0.009343624
0.009357929
0.009299994
0.009638071
0.009312153
0.009344101
0.009298325
0.009310246
0.009309053
0.009308338
0.009932995
0.009313345
0.009315491
0.009353161
0.009658813
0.009310961
0.009321213
0.009303331
0.009317160
0.009310722
0.009326935
0.009801865
0.009314060
0.009305716
0.009725094
0.009633303
0.009305239
0.009305716
0.009317160
0.009476423
0.009305239
0.009296179
0.009475946
0.009639025
0.010670662
0.009337425
0.010228157
0.009577990
0.009342909
0.009354830
0.009758949
0.009323359
0.009557962
0.009872437
0.009513617
0.009305716
0.009389877
0.009316206
0.009302855
0.009309053
0.009302616
0.009316921
0.009297371
0.009309769
0.009589911
0.009671450
0.009301901
0.009434700
0.009305239
0.009876728
0.009445190
0.009400845
0.009916782
0.009909153
0.009350538
0.009345293
0.009480476
0.009398699
0.009449959
0.009327412
0.063646078
0.009419441
0.009524822
0.009339809
0.009567499
0.009291410
0.009404182
0.009343386
0.009610415
0.009574890
0.009320498
0.009299278
0.009913206
0.009301662
0.009300709
0.009479761
0.009313822
0.009378433
0.009311676
0.009361744
0.009358644
0.012164593
0.009338140
0.009364128
0.009349823
0.009462595
0.009350061
0.009433746
0.009296894
0.009346485
0.009303570
0.009317875
0.009345055
0.009299517
0.009314775
0.009304047
0.009822130
0.009318829
0.009304523
0.009287834
0.009667158
0.009653807
0.009341240
0.009302139
0.009300709
0.009353399
0.009308577
0.009356022
0.009305477
0.009790897
0.009314775
0.009347916
0.009341717
0.009363413
0.009304285
0.009311914
0.009344578
0.009307384
0.009524822
0.009325266
0.009327173
0.009318113
0.009876251
0.009314775
0.009307384
0.009320974
0.009602308
0.009341002
0.009332180
0.009865522
0.009323835
0.009444237
0.009309769
0.009354115
0.009308100
0.009344101
0.009524345
0.009370804
0.009310722
0.009334564
0.009655476
0.009346008
0.009320021
0.009355068
0.009302139
0.009351254
0.009310484
0.009752035
0.009315014
0.009331226
0.009793282
0.009335518
0.009533882
0.009640694
0.009282351
0.009337664
0.009290218
0.009469986
0.009299517
0.009344578
0.009313822
0.009332180
0.009338617
0.009351015
0.009315968
0.009366274
0.009313107
0.009434223
0.009299755
0.009825945
0.009310961
0.009303331
0.009318352
0.009754419
0.009320021
0.009303808
0.009306192
0.010002375
0.009391546
0.009452581
0.009442568
0.010527134
0.009334326
0.009336472
0.009327173
0.009337902
0.011106014
0.011978388
0.009356022
0.009328365
0.009320974
0.009893894
0.009316206
0.009526491
0.009305477
0.009309053
0.009306192
0.009298801
0.009302378
0.009695292
0.009314299
0.009317398
0.009418249
0.009580374
0.009316444
0.009279490
0.009484529
0.009302378
0.009312868
0.009418726
0.009318352
0.009292603
0.009336233
0.009310007
0.009341240
0.009314537
0.009335995
0.009304285
0.009302139
0.009822369
0.009542704
0.009332180
0.009693623
0.009308338
0.009610176
0.009307384
0.009297848
0.009306431
0.009632349
0.009307861
0.009309053
0.009415150
0.009301424
0.009472609
0.009309769
0.009308577
0.009319782
0.009305239
0.009547234
0.009341240
0.009291887
0.009305000
0.009359121
0.009335995
0.009310961
0.009315729
0.009441137
0.009318829
0.009330988
0.009299755
0.009322166
0.009427071
0.009382010
0.009443283
0.009302855
0.009329319
0.009303570
0.009313822
0.009314299
0.009516001
0.009351730
0.009295702
0.009345531
0.009331942
0.009312153
0.009300947
0.009565592
0.009322405
0.009454966
0.009426355
0.012838840
0.009307146
0.009661198
0.009356976
0.009319305
0.009380579
0.009334087
0.009315968
0.009336472
0.009346962
0.009303808
0.009350061
0.009603024
0.009321213
0.009416103
0.009326696
0.009307384
0.009314775
0.009314775
0.009339333
0.009308338
0.009358644
0.009309292
0.009365797
0.009726286
0.009916782
0.009330988
0.009319067
0.009314775
0.009360790
0.009302855
0.009636164
0.009312391
0.009435654
0.009315252
0.009645462
0.009352922
0.009315491
0.009306192
0.009345055
0.009306908
0.009333849
0.009317875
0.009320974
0.009307861
0.009312391
0.009319544
0.009513617
0.009346962
0.009944439
0.009348392
0.009403229
0.009293079
0.009301186
0.009318113
0.009310961
0.009310961
0.009307384
0.009302616
0.009330273
0.009346008
0.009756804
0.009325027
0.009302139
0.009308100
0.009324074
0.009290934
0.009323120
0.009304285
0.009447336
0.009656429
0.009317398
0.009291410
0.009536505
0.009314299
0.009369850
0.009300470
0.009328842
0.009299278
0.009343147
0.009330034
0.009397745
0.009360075
0.009446859
0.009305239
0.009400606
0.009299278
0.009314537
0.009856462
0.009327650
0.009305000
0.009554148
0.009362459
0.009607792
0.009295464
0.009307861
0.009305477
0.009388685
0.009416103
0.009348631
0.009385109
0.009360313
0.009345293
0.009473324
0.009335995
0.011288643
0.009560108
0.009350538
0.009361267
0.009482145
0.009302139
0.009927273
0.009306669
0.009311438
0.009589672
0.009401560
0.009735346
0.009304523
0.009296656
0.009407282
0.009310246
0.009541273
0.009309292
0.009337425
0.009319305
0.009303570
0.009334803
0.009314299
0.009286642
0.009314537
0.009314060
0.009296179
0.009307146
0.009644985
0.009311199
0.009299517
0.009291172
0.009292841
0.009313107
0.009306908
0.009718418
0.009517908
0.009313345
0.009310722
0.009440660
0.009305477
0.009475231
0.009299278
0.009292126
0.009295225
0.009310722
0.009304762
0.009303808
0.009296894
0.009310484
0.009325504
0.009306908
0.009301901
0.009427309
0.009301901
0.009295464
0.009319305
0.009353399
0.009310484
0.009367704
0.009820461
0.009314060
0.009296894
0.009819746
0.009348154
0.009309530
0.009317875
0.009476185
0.009674788
0.009338856
0.009327173
0.009310007
0.009342194
0.009624004
0.009488583
0.009306431
0.009291887
0.009319544
0.009338617
0.009359360
0.009333611
0.009302139
0.009323359
0.009369612
0.009454012
0.009401321
0.010043621
0.009424686
0.009370327
0.010421991
0.009338856
0.010329723
0.010436535
0.009280920
0.009391308
0.009592295
0.009299517
0.009366274
0.009313345
0.009319067
0.009309769
0.009308577
0.009303570
0.009355783
0.009444475
0.009325504
0.009315252
0.009691954
0.009318113
0.009312868
0.009293556
0.009474516
0.009308577
0.009320021
0.009325266
0.009302855
0.009310722
0.009311676
0.009300709
0.009575605
0.009321213
0.009332180
0.009303808
0.009305477
0.009376049
0.009304047
0.009306908
0.009302616
0.009322643
0.009331703
0.009305954
0.009294987
0.009338617
0.009337187
0.009302378
0.009298563
0.009317160
0.009297609
0.009303093
0.009310722
0.009295464
0.009326458
0.009299517
0.009312391
0.009392262
0.009334087
0.009311914
0.009471893
0.009302855
0.009506226
0.009317636
0.009326696
0.009304762
0.009306908
0.009549618
0.009315252
0.009312391
0.009332895
0.009290218
0.009316444
0.009403944
0.009330273
0.009302855
0.009298325
0.009552956
0.009325266
0.009310484
0.009304285
0.009308100
0.009308100
0.009358168
0.009305477
0.009305954
0.009321928
0.009315252
0.009303093
0.009304285
0.009312391
0.009647131
0.009362936
0.009297848
0.009319067
0.009320259
0.009334564
0.009313822
0.009298325
0.009325743
0.009316444
0.009311676
0.009468079
0.009311438
0.009301186
0.009320974
0.009434462
0.009424686
0.015031338
0.009580612
0.009349585
0.009349346
0.009350300
0.009340286
0.009314537
0.009318590
0.009319544
0.009322405
0.009290218
0.009293795
0.009300947
0.009312868
0.009305716
0.009880543
0.009318590
0.009621620
0.009287834
0.009643078
0.009298801
0.009346247
0.009311438
0.009290695
0.009328842
0.009318352
0.009299278
0.009318352
0.009333611
0.009332418
0.009303093
0.009307146
0.009338856
0.009313107
0.009464502
0.009291649
0.009461880
0.009320498
0.009306908
0.009736300
0.009441614
0.009305239
0.009614229
0.009305477
0.009322166
0.009324312
0.009312153
0.009308100
0.009307623
0.009317398
0.009312153
0.009320259
0.009314060
0.009301424
0.009312868
0.009306669
0.009322882
0.009291410
0.009345293
0.009315968
0.009311438
0.009310007
0.009371996
0.009303331
0.009299755
0.009631157
0.009320736
0.009318352
0.009292603
0.009320021
0.009433985
0.009312153
0.009300947
0.009300947
0.009318113
0.009301662
0.009349823
0.009353399
0.009321451
0.009323359
0.009319067
0.009312153
0.009312630
0.009323359
0.009305239
0.009308100
0.009346008
0.009312153
0.009320974
0.009573460
0.009443998
0.009308815
0.009315491
0.009315491
0.009299040
0.009311914
0.009568691
0.020329237
0.010212421
0.009774685
0.009629011
0.009309769
0.009581804
0.009316921
0.009283304
0.009304762
0.009315252
0.009284735
0.009310007
0.009305239
0.009306669
0.009454966
0.009308815
0.009297371
0.009309292
0.009297371
0.009298801
0.009297848
0.009313583
0.009289980
0.009298801
0.009302139
0.009303331
0.009318113
0.009643078
0.009295225
0.009309530
0.009302855
0.009310961
0.009296417
0.009298563
0.009340763
0.009295225
0.009310722
0.009298563
0.009294271
0.009299994
0.009311199
0.009292603
0.009303331
0.009291887
0.009306908
0.009557486
0.009308100
0.009291887
0.009297371
0.009309769
0.009349346
0.009304047
0.009314537
0.009640694
0.009427786
0.009302378
0.009364843
0.009294748
0.009327650
0.009304047
0.009305000
0.009307861
0.009307623
0.009299278
0.009307861
0.009299278
0.009309530
0.009303093
0.009298325
0.009304762
0.009588003
0.009321928
0.009294271
0.009319782
0.009473801
0.009299278
0.009333849
0.009710312
0.009314775
0.009299517
0.009311199
0.009295702
0.009343386
0.009293318
0.009308577
0.009648323
0.009600401
0.009337664
0.009296417
0.009315968
0.009305716
0.009304285
0.009295225
0.009293556
0.009566784
0.009299755
0.009305239
0.009320498
0.009299040
0.009318352
0.009310007
0.009305000
0.009552002
0.009296179
0.009297371
0.009296894
0.009290695
0.009505272
0.009288311
0.009314775
0.009305239
0.009304523
0.009318352
0.009297371
0.009489775
0.009305716
0.009311199
0.009296179
0.009336472
0.009451866
0.009297609
0.009324551
0.009300709
0.009281874
0.009304285
0.009618044
0.009302616
0.009318590
0.009296894
0.009295940
0.009338140
0.009298801
0.009299278
0.009308815
0.009337425
0.009307861
0.009297371
0.009297609
0.009304762
0.009295702
0.009312391
0.009829521
0.009290457
0.009303808
0.009315252
0.009293318
0.009332418
0.009304285
0.009470463
0.009573698
0.009349823
0.009306908
0.009401083
0.009320259
0.009306908
0.009305954
0.009315014
0.009308338
0.009346247
0.009483337
0.009292603
0.009333849
0.009317636
0.009293556
0.009312868
0.009293795
0.009310007
0.009314299
0.009304523
0.009311914
0.009298563
0.009333611
0.009297609
0.009310007
0.009305954
0.009298086
0.009323835
0.009315252
0.009294748
0.009306908
0.009292841
0.009303808
0.009297609
0.009579420
0.009341240
0.009306669
0.009323359
0.009303093
0.009301424
0.009312630
0.009327650
0.009309292
0.009296894
0.009307623
0.009310246
0.009299994
0.009328127
0.009296656
0.009310246
0.009320736
0.009303093
0.009321451
0.009603262
0.009299278
0.009314775
0.009296179
0.009303808
0.009304762
0.009316921
0.009306908
0.009307623
0.009418011
0.009305954
0.009295464
0.009304285
0.009301662
0.009314060
0.009306431
0.009303808
0.009297609
0.009320498
0.009315968
0.009315729
0.009317398
0.009292364
0.009458065
0.009514332
0.009301186
0.009294033
0.009479761
0.009309053
0.009407043
0.009307861
0.009292364
0.009319305
0.009319305
0.009319782
0.009301424
0.009302378
0.009318590
0.009322882
0.009316206
0.009297848
0.009310484
0.009304047
0.009319544
0.009309769
0.009555101
0.009381771
0.009315252
0.009309769
0.009319544
0.009305239
0.009317875
0.009309530
0.009302616
0.009504557
0.009306908
0.009310007
0.009318113
0.009328604
0.009361982
0.009305716
0.009411573
0.009331703
0.009299278
0.009315252
0.009311438
0.009337425
0.009311199
0.009302855
0.009304285
0.009316921
0.009323597
0.009303570
0.009312153
0.009324789
0.009335279
0.298542500
0.009346485
0.009334087
0.009523630
0.009325981
0.009334803
0.009478331
0.009319782
0.009319305
0.009313345
0.009364128
0.009314299
0.009307623
0.009318829
0.009440660
0.009315968
0.009331703
0.009331942
0.009326935
0.009601593
0.009313345
0.009310722
0.009315252
0.009459257
0.009322405
0.009321690
0.009321690
0.009484291
0.009430647
0.009339333
0.009310007
0.009317636
0.009330034
0.009490967
0.009294033
0.009299755
0.009311438
0.009294987
0.009299040
0.009295702
0.009310722
0.009350777
0.009319067
0.009294987
0.009316921
0.009304047
0.009342670
0.009319782
0.009313345
0.009310722
0.009343863
0.009442329
0.009306908
0.009320974
0.009312153
0.009314775
0.009326935
0.009317875
0.009340763
0.009513140
0.009338379
0.009309530
0.009321451
0.009353399
0.009391546
0.009309292
0.009336948
0.009326220
0.009318829
0.009306908
0.009340763
0.009303808
0.009331703
0.009310484
0.009288788
0.009303570
0.009310007
0.009320021
0.009303808
0.009351015
0.009292126
0.009300947
0.009311438
0.009294748
0.009320498
0.009305954
0.009319782
0.009303331
0.009336710
0.009286404
0.009294033
0.009305239
0.009321928
0.009313107
0.009319544
0.009335518
0.009314299
0.009314537
0.009311438
0.009290934
0.009310246
0.009305477
0.009310484
0.009299994
0.009313822
0.009291410
0.009306192
0.009351015
0.009310007
0.009343147
0.009318113
0.009357214
0.009300709
0.009300947
0.009336233
0.009349585
0.009348631
0.009307146
0.009331226
0.009314775
0.009308577
0.009308338
0.009289026
0.009338140
0.009307861
0.009288073
0.009308815
0.009306908
0.009457350
0.009304523
0.009296179
0.009306431
0.009324551
0.009370327
0.009311199
0.009312153
0.009320259
0.009299517
0.009311914
0.009304285
0.009323597
0.009314060
0.009314775
0.009303570
0.009318113
0.009303570
0.009309530
0.009288788
0.009315968
0.009307623
0.009304762
0.009311676
0.009297371
0.009313822
0.009305000
0.009303331
0.009307384
0.009399176
0.009330034
0.009299278
0.009334803
0.009310961
0.009316444
0.009302616
0.009307146
0.009301901
0.009314537
0.009320736
0.009320498
0.009373188
0.009335041
0.009337425
0.009344339
0.009350538
0.009356499
0.009368896
0.009335756
0.009315014
0.009333134
0.009333611
0.009343863
0.009327173
0.009325027
0.009330511
0.009319544
0.009332418
0.009336710
0.009326696
0.009371519
0.009340763
0.009449244
0.009329319
0.009339094
0.009340286
0.009337425
0.009334087
0.009325504
0.009341478
0.009340048
0.009331226
0.009334564
0.009729385
0.009474277
0.009339571
0.009336710
0.009327888
0.009326458
0.009327650
0.009345531
0.009322166
0.009347916
0.009338617
0.009326935
0.009330750
0.009326696
0.009321213
0.009337902
0.009325266
0.009326220
0.009340525
0.009457827
0.009327173
0.009329796
0.009378195
0.009338617
0.009318829
0.009325981
0.009321213
0.009345531
0.009496689
0.009317875
0.009342909
0.009344578
0.009332418
0.009331465
0.009325743
0.009334326
0.009337425
0.009334564
0.009326220
0.009324789
0.009343386
0.009322882
0.009346247
0.009335279
0.009323359
0.009322405
0.009336710
0.009331465
0.009329319
0.009366512
0.009335995
0.009324074
0.009331703
0.009318590
0.009344816
0.009333134
0.009322166
0.009335279
0.009642839
0.009329557
0.009372234
0.009321928
0.009328365
0.009323359
0.009335041
0.009326935
0.009341955
0.009350061
0.009337902
0.009352446
0.009356737
0.009354830
0.009350777
0.009353638
0.009379625
0.009361982
0.009332895
0.009359360
0.009320259
0.009371042
0.009352446
0.009360552
0.009341717
0.009365559
0.009341955
0.009358406
0.009329319
0.009362936
0.009330988
0.009359121
0.009335041
0.009385347
0.009344816
0.009356976
0.009339809
0.009374380
0.009331226
0.009368658
0.009327888
0.009369612
0.009335756
0.009360313
0.009333849
0.009407759
0.009336710
0.009373188
0.009330750
0.009372950
0.009333849
0.009367466
0.009337664
0.009353399
0.009336948
0.009460688
0.009322882
0.009371519
0.009344101
0.009386301
0.009327412
0.009361267
0.009334326
0.009353399
0.009330750
0.009354830
0.009330273
0.009458303
0.009347439
0.009369135
0.009336710
0.009355068
0.009326935
0.009373665
0.009351015
0.009353638
0.009332895
0.009362698
0.009342194
0.009378910
0.009321690
0.009336233
0.009353876
0.009335756
0.009370565
0.009341955
0.009349585
0.009324312
0.009338379
0.009341478
0.009330511
0.009349346
0.009346962
0.009322643
0.009344101
0.009338617
0.009330273
0.009328604
0.009334564
0.009329081
0.009335518
0.009325504
0.009393692
0.009329081
0.009335518
0.009326696
0.009329557
0.009327888
0.009327650
0.009342194
0.009336710
0.009335518
0.009334803
0.009331226
0.009581566
0.009575367
0.009345055
0.009327412
0.009330988
0.009345531
0.009332418
0.009325266
0.009348154
0.009572268
0.009343863
0.009321451
0.009327888
0.009324789
0.009328604
0.009338140
0.009332657
0.009334564
0.009357452
0.009323597
0.009336472
0.009329796
0.009395599
0.009301662
0.009310484
0.009326458
0.009327888
0.009323835
0.009314299
0.009318113
0.009392262
0.009337664
0.009350538
0.009334564
0.009335756
0.009338856
0.009414673
0.009333611
0.009344816
0.009324312
0.009496927
0.009320259
0.009348392
0.009332180
0.009334326
0.009370565
0.009346485
0.009459972
0.009384632
0.009353399
0.009355068
0.009316206
0.009331226
0.009341240
0.009314775
0.009368896
0.009335041
0.009334803
0.009323359
0.009630442
0.009335995
0.009316206
0.009331226
0.009327412
0.002370596
0.010264874
0.009702682
0.009298086
0.009299278
0.009301662
0.009315252
0.009470224
0.009312153
0.009312391
0.009310484
0.009329081
0.009302855
0.009338140
0.009302616
0.009382248
0.009301901
0.009342194
0.009296656
0.009348154
0.009307861
0.009347677
0.009333849
0.009377480
0.009306669
0.009340286
0.009302139
0.009347916
0.009306669
0.009345055
0.009623289
0.009338379
0.009299278
0.009348631
0.009332895
0.009382010
0.009319305
0.009345293
0.009309292
0.009323120
0.009342194
0.009299278
0.009303331
0.009293079
0.009298563
0.009331465
0.009307146
0.009680748
0.009320974
0.009296179
0.009313583
0.009316683
0.009310484
0.009310246
0.009447575
0.009339333
0.009326458
0.009315252
0.009455919
0.009342194
0.009305716
0.009321451
0.009309769
0.009302616
0.009305716
0.009303093
0.009296656
0.009417295
0.009296179
0.009302378
0.009303570
0.009324312
0.009314775
0.009308577
0.009303808
0.009313107
0.009305000
0.009304523
0.009630919
0.009299040
0.009309530
0.009322405
0.009318829
0.009330034
0.009333372
0.009330988
0.009373665
0.009334803
0.009321928
0.009336472
0.009330988
0.009344101
0.009329557
0.009340763
0.009341240
0.009327888
0.009338856
0.009330273
0.009322166
0.009341478
0.009331942
0.009333372
0.009330750
0.009330988
0.009330273
0.009332657
0.009631872
0.009328127
0.009333134
0.009335279
0.009339333
0.009338617
0.009364367
0.009330034
0.009327173
0.009339571
0.009341002
0.009332657
0.009321451
0.009362936
0.009335279
0.009350300
0.009331942
0.009328365
0.009325981
0.009342670
0.009331226
0.009338856
0.009341240
0.009333372
0.009383202
0.009329796
0.009320021
0.009331703
0.009324789
0.009332895
0.009337425
0.009334326
0.009324312
0.009344816
0.009335756
0.009343386
0.009322166
0.009331942
0.009346008
0.009333849
0.009340286
0.009336472
0.009329796
0.009328127
0.009400845
0.009363890
0.009335279
0.009351254
0.009330750
0.009501219
0.009325743
0.009339809
0.009330034
0.009345293
0.009364128
0.009324789
0.009336472
0.009311438
0.009328842
0.009348631
0.009332657
0.009326935
0.009592772
0.009327650
0.009334803
0.009357691
0.009322405
0.009337187
0.009347200
0.009336948
0.009324789
0.009340525
0.009319305
0.009324074
0.009326935
0.009500027
0.009339571
0.009338617
0.009319782
0.009343863
0.009338856
0.009335518
0.009341955
0.009324551
0.009332895
0.009337187
0.009332895
0.009742022
0.009336472
0.009335279
0.009330988
0.009320259
0.009323359
0.009342432
0.009344339
0.009341240
0.009330988
0.009328842
0.009333372
0.009341240
0.009335518
0.009332657
0.009318352
0.009341002
0.009336233
0.009359360
0.009336948
0.009325743
0.009336710
0.009344101
0.009333849
0.009328127
0.009331942
0.009333372
0.009341717
0.009348392
0.009332657
0.009325027
0.009368420
0.009335756
0.009341717
0.009483814
0.009352684
0.009347677
0.009339571
0.009329557
0.009342909
0.009330273
0.009335995
0.009322405
0.009346962
0.009329796
0.009325981
0.009325981
0.009338140
0.009353638
0.009338617
0.009330273
0.009325504
0.009455919
0.009343386
0.009466887
0.009323835
0.009333611
0.009343624
0.009328127
0.009330511
0.009374142
0.009320974
0.009335041
0.009325743
0.009316921
0.009338379
0.009351730
0.009342670
0.009355545
0.009330511
0.009319782
0.009331465
0.009337902
0.009323597
0.009337425
0.009322405
0.009330273
0.009333849
0.009334803
0.009336948
0.009318113
0.009326935
0.009355068
0.009328604
0.009368896
0.009318829
0.009324074
0.009338379
0.009340763
0.009321213
0.009325743
0.009339571
0.009321928
0.009343624
0.009326696
0.009327650
0.009329557
0.009353399
0.009320974
0.009330750
0.009366274
0.009352446
0.009334087
0.009331703
0.009363651
0.009326935
0.009335995
0.009327888
0.009332657
0.009340525
0.009330988
0.009495020
0.009329796
0.009347916
0.009330988
0.009311914
0.009325266
0.009339809
0.009343386
0.009323120
0.009333849
0.009337664
0.009331465
0.009332657
0.009332895
0.009342432
0.009326458
0.009341955
0.009347200
0.009337187
0.009449005
0.009342670
0.009339333
0.009330273
0.009315729
0.009332895
0.009348154
0.009330511
0.009339571
0.009345531
0.009319782
0.009345531
0.009338379
0.009339809
0.009318113
0.009334803
0.009346485
0.009337664
0.009335518
0.009327888
0.009326935
0.009330511
0.009323120
0.009341240
0.009335756
0.009331226
0.009308338
0.009335995
0.009341240
0.009318590
0.009321213
0.009319544
0.009330988
0.009325743
0.009326935
0.009315252
0.009335279
0.009332657
0.009685278
0.009350300
0.009336233
0.009323359
0.009328842
0.009330750
0.009319067
0.009323359
0.009323597
0.009335041
0.009325504
0.009333611
0.009354830
0.009329796
0.009327412
0.009334087
0.009329796
0.009329319
0.009322882
0.009338140
0.009328365
0.009330273
0.009310961
0.009310007
0.009305239
0.009313345
0.009322643
0.009331942
0.009339571
0.009330750
0.009343863
0.009319067
0.009335518
0.009353161
0.009339809
0.009332418
0.009345055
0.009335518
0.009326696
0.009327412
0.009336472
0.009341717
0.009326458
0.009322882
0.009467840
0.009485245
0.009341955
0.009323835
0.009323835
0.009330988
0.009630919
0.009331226
0.009325027
0.009335518
0.009332180
0.009351492
0.009329081
0.009330750
0.009332418
0.009355545
0.009331703
0.009320021
0.009328604
0.009329796
0.009366274
0.009334087
0.009337187
0.009320736
0.009352922
0.009328127
0.009351730
0.009341478
0.009400129
0.009332657
0.009345293
0.009334564
0.009338617
0.009325743
0.009333849
0.009367704
0.009322643
0.009328365
0.009339094
0.009321928
0.009347439
0.009325743
0.009331465
0.009328127
0.009325027
0.009363651
0.009345770
0.009339809
0.009346724
0.009363413
0.009334326
0.009347200
0.009345055
0.009335041
0.009330273
0.009343386
0.009348392
0.009323835
0.009329796
0.009340286
0.009330511
0.009357214
0.009344339
0.009337187
0.009731293
0.009338617
0.009325743
0.009339809
0.009338617
0.009352207
0.009329319
0.009341002
0.009333611
0.009346485
0.009334564
0.009344816
0.009378433
0.009373665
0.009333849
0.009329796
0.009345293
0.009325027
0.009324312
0.009336233
0.009326458
0.009337187
0.009330273
0.009342432
0.009330511
0.009324551
0.009344339
0.009328842
0.009335518
0.009340286
0.009332418
0.009345770
0.009333134
0.009342194
0.009329319
0.009321928
0.009328127
0.009334564
0.009329081
0.009335995
0.009329081
0.009338617
0.009342432
0.009323835
0.009337425
0.009327412
0.009334087
0.009355545
0.009326696
0.009337664
0.009326935
0.009337187
0.009342432
0.009340048
0.009331942
0.009334087
0.009349108
0.009338379
0.009334564
0.009324551
0.009329081
0.009335756
0.009346962
0.009321213
0.009326935
0.009329557
0.009336710
0.009322166
0.009322643
0.009330273
0.009346247
0.009337664
0.009322882
0.009317160
0.009327888
0.009324074
0.009329557
0.009341002
0.009324551
0.009333849
0.009328842
0.009342194
0.009330034
0.009332895
0.009335041
0.009327173
0.009336233
0.009327650
0.009323120
0.009338617
0.009336710
0.009325981
0.009338617
0.009324074
0.009353161
0.009331465
0.009329796
0.009342909
0.009324789
0.009331942
0.009324312
0.009333134
0.009334803
0.009326458
0.009348869
0.009339571
0.009334564
0.009334803
0.009324312
0.009330511
0.009366274
0.009343863
0.009354591
0.009332657
0.009332418
0.009331942
0.009320736
0.009332895
0.009330273
0.009329796
0.009343863
0.009332895
0.009324312
0.009323597
0.009342194
0.009331465
0.009335756
0.009355068
0.009332180
0.009441614
0.009330273
0.009331465
0.009346724
0.009324789
0.009325504
0.009331226
0.009337187
0.009346962
0.009319067
0.009355545
0.009335995
0.009327412
0.009330988
0.009318590
0.009331226
0.009321451
0.009325504
0.009870291
0.009325027
0.009338856
0.009325743
0.009343863
0.009365559
0.009335995
0.009328842
0.009332657
0.009344578
0.009334326
0.009344339
0.009322405
0.009334326
0.009339809
0.009328127
0.009332180
0.009344578
0.009332180
0.009322405
0.009342432
0.009513855
0.009330511
0.009519577
0.009343147
0.009341240
0.009334564
0.009333611
0.009344339
0.009335995
0.009334326
0.009338379
0.009354591
0.009335518
0.009323597
0.009503603
0.009337425
0.009320259
0.009337902
0.009331942
0.009334087
0.009332418
0.009325981
0.009326935
0.009390116
0.009338140
0.009323359
0.009328365
0.009321451
0.009327888
0.009332657
0.009655476
0.009328365
0.009329557
0.009345770
0.009327888
0.009332657
0.009330988
0.009322643
0.009321928
0.009330511
0.009560823
0.009334326
0.009350777
0.009338140
0.009321690
0.009323597
0.009445429
0.009322882
0.009337425
0.009339333
0.009336710
0.009325504
0.009336233
0.009342432
0.009343386
0.009330511
0.009318113
0.009395123
0.009334326
0.009330511
0.009320974
0.009323359
0.009327888
0.009327412
0.009328842
0.009330511
0.009332657
0.009337425
0.009333372
0.009345055
0.009326220
0.009330750
0.009321928
0.009335041
0.009337187
0.009337902
0.009329557
0.009341955
0.002269268
