0.002849102
0.002417803
0.002314806
0.002277851
0.002270222
0.002295971
0.002288580
0.002268314
0.002275705
0.002269030
0.002274036
0.002288342
0.002265692
0.002274513
0.002264738
0.002326965
0.002291918
0.002259493
0.002271652
0.002382517
0.002430201
0.002326488
0.002277613
0.002273560
0.002273083
0.002293825
0.002277374
0.002313852
0.002299070
0.002277613
0.002273321
0.002277136
0.002271891
0.002271175
0.002268791
0.002273083
0.002273083
0.002267838
0.002259731
0.002272844
0.002272129
0.002289534
0.002261877
0.002268314
0.002261877
0.002276659
0.002275467
0.002293587
0.002260923
0.002273560
0.002275944
0.002278805
0.002263546
0.002265453
0.002262354
0.002294779
0.002285719
0.002292633
0.002267361
0.002259254
0.002271414
0.002273321
0.002262354
0.002262592
0.002264500
0.002270460
0.002274275
0.002285480
0.002280474
0.002268076
0.002274275
0.002286196
0.002264023
0.002266407
0.002267838
0.002275229
0.002277613
0.002293110
0.002267599
0.002289772
0.002287149
0.002289057
0.002270460
0.002269268
0.002270937
0.002288103
0.002275229
0.002269506
0.002268076
0.002276659
0.002276897
0.002274275
0.002271652
0.002296448
0.002265692
0.002278328
0.002272844
0.002284288
0.002273083
0.002265692
0.002280235
0.002281427
0.002262354
0.002282143
0.002268791
0.002285242
0.002286673
0.002291679
0.002262592
0.002269268
0.002275229
0.002300501
0.002269030
0.002281666
0.002266169
0.002288580
0.002274752
0.002268314
0.002267122
0.002276659
0.002271175
0.002277374
0.002264500
0.002280474
0.002267122
0.002279758
0.000998497
