0.206357956
0.008364677
0.005320311
0.004961014
0.004981041
0.005286217
0.005117655
0.008133888
0.005146980
0.006408930
0.007429123
0.007068157
0.006863117
0.004989862
0.081424952
0.075945139
0.004937649
0.004909754
0.005259037
0.004997015
0.004886627
0.005084038
0.004888296
0.005114079
0.005074024
0.005851746
0.004972935
0.005449772
0.004862309
0.005044460
0.005077839
0.005125523
0.004895687
0.005267620
0.004863977
0.005113840
0.004868507
0.005231142
0.004878283
0.004946709
0.005069971
0.004931211
0.005283117
0.005393982
0.005059719
0.005391121
0.004883766
0.005056381
0.005126715
0.004935741
0.005134583
0.005176783
0.005378962
0.004875422
0.005317926
0.004860401
0.005261898
0.005115747
0.005275249
0.004872322
0.005442619
0.004854202
0.005469799
0.005083799
0.005319595
0.005085468
0.005221367
0.005291462
0.005237341
0.005177975
0.004946947
0.005021572
0.005027533
0.004986048
0.005006552
0.005085945
0.004988670
0.004988194
0.005256414
0.005024433
0.005008698
0.004958630
0.005053759
0.005679846
0.005149603
0.005171299
0.005151987
0.004937887
0.005107641
0.005219221
0.005003929
0.005225420
0.004994154
0.005207539
0.005431890
0.005105495
0.005161047
0.005136728
0.005568743
0.004950285
0.005111933
0.005157232
0.005172491
0.005155563
0.005484343
0.005124331
0.005343437
0.004896402
0.005098581
0.004995823
0.005166292
0.004975319
0.005038977
0.005226612
0.005339384
0.004967451
0.005424500
0.005172968
0.004995108
0.005027771
0.005599260
0.004942894
0.005228758
0.004973650
0.005066872
0.005347729
0.005004406
0.006009817
0.005046368
0.005118608
0.005005836
0.004993677
0.005252361
0.004956961
0.005017042
0.005232096
0.004990578
0.004929781
0.004999876
0.004962921
0.005221128
0.004969358
0.005071402
0.005470753
0.005026579
0.005189657
0.005033016
0.004970551
0.004999399
0.004997730
0.004980564
0.005216360
0.005039930
0.005005836
0.004941463
0.005559683
0.005215883
0.005224466
0.005088806
0.005014181
0.004930735
0.005188704
0.005054712
0.004918814
0.005416393
0.004891157
0.005189657
0.004883289
0.004949093
0.004875660
0.005099773
0.004929304
0.005073309
0.004862785
0.005101919
0.005073309
0.005414963
0.004984617
0.005142212
0.004933119
0.005002260
0.004937172
0.004885197
0.005223274
0.004883289
0.004897118
0.005110502
0.004872084
0.005125761
0.004878759
0.005052090
0.004910946
0.005004883
0.004907846
0.005012274
0.004970789
0.005041361
0.004961729
0.005009174
0.004961967
0.004980087
0.005034924
0.005005121
0.004985332
0.005005360
0.004962921
0.004995108
0.004967213
0.005220413
0.005373716
0.005028009
0.005005121
0.008801937
0.006250143
0.007429361
0.006938934
0.004996061
0.005268097
0.004950285
0.005175591
0.005430222
0.004879713
0.005194426
0.004859924
0.005221128
0.005301237
0.005509853
0.004871845
0.005271673
0.004881859
0.005064487
0.004863024
0.005077124
0.004878521
0.005151987
0.004983902
0.005076408
0.005110741
0.004879475
0.005082607
0.004938602
0.005070210
0.005134344
0.005310297
0.005019665
0.005045891
0.004981995
0.005132675
0.005048275
0.005213737
0.005016088
0.005144358
0.004962921
0.005547523
0.005158424
0.005089760
0.005071640
0.004961491
0.004879236
0.004992485
0.005106688
0.005125999
0.004912376
0.005329132
0.006053209
0.005044460
0.004992723
0.005033493
0.004958630
0.005085230
0.005367279
0.004986286
0.005153894
0.005194426
0.004970789
0.005161285
0.005107641
0.004877806
0.005051374
0.005115032
0.005141735
0.005110502
0.004930019
0.005071640
0.004877090
0.005054712
0.004895687
0.005110979
0.004929543
0.004922152
0.005043268
0.005020380
0.005013943
0.005112886
0.004904747
0.004847527
0.004904509
0.005068779
0.004938602
0.004917383
0.004921436
0.005042315
0.004951477
0.005040884
0.005014658
0.004932404
0.005433798
0.005188227
0.005208731
0.004982233
0.005544901
0.004974842
0.005329370
0.004962921
0.005319118
0.004960537
0.005028963
0.005001068
0.004947901
0.004984856
0.005161285
0.005019188
0.005159140
0.005000591
0.005032539
0.005022287
0.005001068
0.005242825
0.004996061
0.005675554
0.005012274
0.004973173
0.005411625
0.004917145
0.004878521
0.004891396
0.004890919
0.004912615
0.005015612
0.004999161
0.005313635
0.005384207
0.005098820
0.005020857
0.004975796
0.004883051
0.005100250
0.004952192
0.004882097
0.005147457
0.004870653
0.004925013
0.004881382
0.004982948
0.004880190
0.004960537
0.004871845
0.005142212
0.004907370
0.005127668
0.004877090
0.008459330
0.007200480
0.091674566
0.004876375
0.004874229
0.004878044
0.004879713
0.005139828
0.005065918
0.004890680
0.005218983
0.005015373
0.004952669
0.005031586
0.004872561
0.004908562
0.005058050
0.005071163
0.005526304
0.005004883
0.004884720
0.005035639
0.005032778
0.005072355
0.005300999
0.005019188
0.005053520
0.004936218
0.005026579
0.005002975
0.005378485
0.004946947
0.005076885
0.004972935
0.004908085
0.005077362
0.004853725
0.004922152
0.004868031
0.004937410
0.004911184
0.005037546
0.004848242
0.005133390
0.004857540
0.005039215
0.004875183
0.004916430
0.004869461
0.005175591
0.004991055
0.005015850
0.004968405
0.005135298
0.004983664
0.005052328
0.005304337
0.005001545
0.005433321
0.005105495
0.004970789
0.004915476
0.004871130
0.005188942
0.004865885
0.005352259
0.004867792
0.005106449
0.005112886
0.005439281
0.004868984
0.005034447
0.005321741
0.004878283
0.004946709
0.004878283
0.004984140
0.004890680
0.004924774
0.004866838
0.005067348
0.004860878
0.005107403
0.005159378
0.005128622
0.004893541
0.005034685
0.005214930
0.005445957
0.005113125
0.005042791
0.005298615
0.004956007
0.004864454
0.005289078
0.004893303
0.005080462
0.004888296
0.004945755
0.004929304
0.005010605
0.004960299
0.005058527
0.004966497
0.005512238
0.005019426
0.005965471
0.005340815
0.004936457
0.004983902
0.004951477
0.005263805
0.004937410
0.005135775
0.004941225
0.005078793
0.006288767
0.005193710
0.005178452
0.005137920
0.005086899
0.008774519
0.008370161
0.005177259
0.005161285
0.005901098
0.004932165
0.007598639
0.004924059
0.005340099
0.004935026
0.005882263
0.005129814
0.005195856
0.004975319
0.005238771
0.005118370
0.005178928
0.005053759
0.004933834
0.005279541
0.004907131
0.005512714
0.004917145
0.005106211
0.004931927
0.005074978
0.005860329
0.005064249
0.005595922
0.004950762
0.004887819
0.005091429
0.005042553
0.005071163
0.005204439
0.005007505
0.004968405
0.004989624
0.004965544
0.005313158
0.005250931
0.005137444
0.004884005
0.005024910
0.005077839
0.005035400
0.005172729
0.005063534
0.004886150
0.005195856
0.005655527
0.005447865
0.004924297
0.005175114
0.005171537
0.008985519
0.005035400
0.005139112
0.005118847
0.004973173
0.005440474
0.006104946
0.006751537
0.005289793
0.005092382
0.004928112
0.005082846
0.004942656
0.005375385
0.005020618
0.005131006
0.004929304
0.004962206
0.004943371
0.004952192
0.004921675
0.004942656
0.004926443
0.005073547
0.004927874
0.005086184
0.004910469
0.004945040
0.004932404
0.004944563
0.004918814
0.005033255
0.004919767
0.005123854
0.005117893
0.005260706
0.004940271
0.005114317
0.005127192
0.004940033
0.004900455
0.004925013
0.004904270
0.005166769
0.004910946
0.005014896
0.005087137
0.004981041
0.004901648
0.005398035
0.004901648
0.005188704
0.004889727
0.004925966
0.004972458
0.004984140
0.004879236
0.004937172
0.005021811
0.005127668
0.004882812
0.004911423
0.004905701
0.005198479
0.004880190
0.004940510
0.005130768
0.004942417
0.005151272
0.005030870
0.004946232
0.004919529
0.005166769
0.004907608
0.005044460
0.005030155
0.004878521
0.005116224
0.005071878
0.004926205
0.004888296
0.004918337
0.004901648
0.005024910
0.004876614
0.004966974
0.005127430
0.004920244
0.004888773
0.004911661
0.005136490
0.005108833
0.004888535
0.004921675
0.004880190
0.004918098
0.004879951
0.005089521
0.004880428
0.004973173
0.004973650
0.005073071
0.004930258
0.004865408
0.004833937
0.004971266
0.004872322
0.005023003
0.004872084
0.004885435
0.004959822
0.004927874
0.005027771
0.004892349
0.004974842
0.004903555
0.004889488
0.004897594
0.005087137
0.004921436
0.004911184
0.005060196
0.005014420
0.004921436
0.005232811
0.005028963
0.004969358
0.004903555
0.004948378
0.004945755
0.005060196
0.004923582
0.005469561
0.004911423
0.005125523
0.004918575
0.004954576
0.004903078
0.005283356
0.004918814
0.004926920
0.005030155
0.004900694
0.004892349
0.005128384
0.004903555
0.005276680
0.004913568
0.004877806
0.005019903
0.005326509
0.004901409
0.005078554
0.004881859
0.005067825
0.004896164
0.005028963
0.005219221
0.005475998
0.007292747
0.004875422
0.005079508
0.005072594
0.005045652
0.004960775
0.005021572
0.005072117
0.004889488
0.004993200
0.004905701
0.005168438
0.004883766
0.005083799
0.004922628
0.005235434
0.004864693
0.005074024
0.017519712
0.007339478
0.006324530
0.004953861
0.004871607
0.004867077
0.005172253
0.004876852
0.004874706
0.004869223
0.004871130
0.004877090
0.004871607
0.004875422
0.004862547
0.004887581
0.004873037
0.004888773
0.004881382
0.004891872
0.004870653
0.004877567
0.004879475
0.004881620
0.004889488
0.004872322
0.005328655
0.004879951
0.004882336
0.004880428
0.004890442
0.004877329
0.004891157
0.004914761
0.004991293
0.004973412
0.004975319
0.004874229
0.004875898
0.004865170
0.004889488
0.004970312
0.004871607
0.004868269
0.004889488
0.005167007
0.004885197
0.004870892
0.005070686
0.004885435
0.004876137
0.004886150
0.005167484
0.004873753
0.004886627
0.004885674
0.004900217
0.005147457
0.004887104
0.004866362
0.004893303
0.004901648
0.005347729
0.004886866
0.004900455
0.004870892
0.005147696
0.006539106
0.005683422
0.004891157
0.005429029
0.004928827
0.005814075
0.005466461
0.004891634
0.004887819
0.006187439
0.006112576
0.004917860
0.004879951
0.004902840
0.006034374
0.004898787
0.004893541
0.004883051
0.004882574
0.005827188
0.004935265
0.004905701
0.004879475
0.004894018
0.006381989
0.004883051
0.006440401
0.004919052
0.004873514
0.004874706
0.004950047
0.005068779
0.005020142
0.004870892
0.005965948
0.006263256
0.005078316
0.004907846
0.005049944
0.004884005
0.004894257
0.004887104
0.005328178
0.004872084
0.006500244
0.005516052
0.004902601
0.006700039
0.005718470
0.006872416
0.004901886
0.004897356
0.004886150
0.004879236
0.004897594
0.004879713
0.004884958
0.004885912
0.004988909
0.004899502
0.004994869
0.004894733
0.004888535
0.004887581
0.004889965
0.004895449
0.006263971
0.008195400
0.006208420
0.006490946
0.005872011
0.004892588
0.005393744
0.005017519
0.004878759
0.004884958
0.004891634
0.307334900
0.005590916
0.004878998
0.004857063
0.004872561
0.004908085
0.004935503
0.004851103
0.004876137
0.004889727
0.004899025
0.004915953
0.004864454
0.004913568
0.005010128
0.004877806
0.004877329
0.004911900
0.004885435
0.004880667
0.004906416
0.004893303
0.004880190
0.004943132
0.004928350
0.005308628
0.004957438
0.004859209
0.004938126
0.004914045
0.004885435
0.004874945
0.004892826
0.004890680
0.004912853
0.004980803
0.004884481
0.004905224
0.004901171
0.004886389
0.005061626
0.004896402
0.004927874
0.004874706
0.004884720
0.004879713
0.004884005
0.004877567
0.004995108
0.004910469
0.004874706
0.004932880
0.004873514
0.004933119
0.004874945
0.004896879
0.004917860
0.004940510
0.004907131
0.005222082
0.005229950
0.005177736
0.005115747
0.004950762
0.004932165
0.004889011
0.004898787
0.004919291
0.004882097
0.004918098
0.004908562
0.004920959
0.004896641
0.004931450
0.004888535
0.004891634
0.004891396
0.004903793
0.004881620
0.004908323
0.004886150
0.004935265
0.004891634
0.004882336
0.004940033
0.004936218
0.004911184
0.004884243
0.004899502
0.004927397
0.004890919
0.004925489
0.004879951
0.004911900
0.004932165
0.004904985
0.004887819
0.004915953
0.004922628
0.004885674
0.004913330
0.004931211
0.004927158
0.004890919
0.004885435
0.004883766
0.004893303
0.004881144
0.004932880
0.004896879
0.004882336
0.004942656
0.004891396
0.004888058
0.004893541
0.004893541
0.004912615
0.005177975
0.004882812
0.004904032
0.004910707
0.004894018
0.004892349
0.004929543
0.004911661
0.004981995
0.004904270
0.005146980
0.004874468
0.004911184
0.004912376
0.004929304
0.004894972
0.004889250
0.004922867
0.004901171
0.006265640
0.005212784
0.005218506
0.005172729
0.005186081
0.005245209
0.004989862
0.005053520
0.005215645
0.005016088
0.004971981
0.005017281
0.004979610
0.004966021
0.004975557
0.004988670
0.005150318
0.005007267
0.005219698
0.004956722
0.005067587
0.004943371
0.005014181
0.004983187
0.004971504
0.005018234
0.005043268
0.005507946
0.004899502
0.004884005
0.004900455
0.004920721
0.004886389
0.004875898
0.004877806
0.004887104
0.004883528
0.004877329
0.004886866
0.004877329
0.004946947
0.004876375
0.004881859
0.004876852
0.004881859
0.004868984
0.004866123
0.004877567
0.004883766
0.004857302
0.004876614
0.004865170
0.004869223
0.004875660
0.004880190
0.004882574
0.004879951
0.004876614
0.004882336
0.004878759
0.004888296
0.004871130
0.004877090
0.004877567
0.005152941
0.004864216
0.004862070
0.004882812
0.004876375
0.004886627
0.004870892
0.005392790
0.004866600
0.004930735
0.004878521
0.004868984
0.004871368
0.004895210
0.004878044
0.004876852
0.004879236
0.005360603
0.005008936
0.004885197
0.004884243
0.004894495
0.004860163
0.004870892
0.004868984
0.004865646
0.004911900
0.004877329
0.004869223
0.004880905
0.004947662
0.004880190
0.004871368
0.004882097
0.004881144
0.004875183
0.004881144
0.004868269
0.005001068
0.004878759
0.004890203
0.004870653
0.004882336
0.004872561
0.004927158
0.004884005
0.004889488
0.004877090
0.004860878
0.004873276
0.004867792
0.004873276
0.004881382
0.005090952
0.004879236
0.004869223
0.004917383
0.004883289
0.004868984
0.004910707
0.004891634
0.004903793
0.004865885
0.004883766
0.004923344
0.004871607
0.004880667
0.004906654
0.004895687
0.004908800
0.004901409
0.004875660
0.004878044
0.004923105
0.004874229
0.004868269
0.004889011
0.004881859
0.004881382
0.004878521
0.004882097
0.004878998
0.004881144
0.004869461
0.004879236
0.004924774
0.004878759
0.004859686
0.004934311
0.004874229
0.004904509
0.004875422
0.004889488
0.004879951
0.004903078
0.004864216
0.004920721
0.004879951
0.004935265
0.004876375
0.004860640
0.004878998
0.004878998
0.004867554
0.004882574
0.004871607
0.004878759
0.004890203
0.004874229
0.004866838
0.004862070
0.004957438
0.004879475
0.004877567
0.004866362
0.004894972
0.004885674
0.004878998
0.004870176
0.004876852
0.004887104
0.004880190
0.004870653
0.004887819
0.004887104
0.004896641
0.004874706
0.004886150
0.004874468
0.005040646
0.004880190
0.004878283
0.004879951
0.005252600
0.004869938
0.004885674
0.004881382
0.004889727
0.004865646
0.004888773
0.004862547
0.004889727
0.004914045
0.004885912
0.004905939
0.004874706
0.004939556
0.004886150
0.005007982
0.004896164
0.004906893
0.004924059
0.004886866
0.004887819
0.004886150
0.005063772
0.004875183
0.004874706
0.004873991
0.004891157
0.004886866
0.004874229
0.004897594
0.004896641
0.004883766
0.004882812
0.004886627
0.005318880
0.004876614
0.004873991
0.004994631
0.004885912
0.005156279
0.004887819
0.004892826
0.004890203
0.005002022
0.004884243
0.004876375
0.004899263
0.005006313
0.004887104
0.004982710
0.004908562
0.004899502
0.004892826
0.004894495
0.004896402
0.004898310
0.004898548
0.004868507
0.004888773
0.004891396
0.004887104
0.004889488
0.004873037
0.004890919
0.004884481
0.004920959
0.004881620
0.004891157
0.004924059
0.004900932
0.004883051
0.004914999
0.004920006
0.004883766
0.004887819
0.004886150
0.004892588
0.004880428
0.004879475
0.004877806
0.004895210
0.004892826
0.004898310
0.004885674
0.004910469
0.004888535
0.004880428
0.004880905
0.004876375
0.004885912
0.004869699
0.004878044
0.004902363
0.004895687
0.004875898
0.004880667
0.004894495
0.004894733
0.004893541
0.004914522
0.004875422
0.005030155
0.004887819
0.004896641
0.004874229
0.004874945
0.004901648
0.004878759
0.004885674
0.004878521
0.004893064
0.004892588
0.004883766
0.004873753
0.004891634
0.004891396
0.004887581
0.004874468
0.004884958
0.004903793
0.004890203
0.004902124
0.004876852
0.004876375
0.004881144
0.004876614
0.004885197
0.004885435
0.004925728
0.004883051
0.004888058
0.004899979
0.004910231
0.004892588
0.004876614
0.004887342
0.004906416
0.004885435
0.005027771
0.004878998
0.004883051
0.004906178
0.004881144
0.004886866
0.004874229
0.004899502
0.004886866
0.005082846
0.004900932
0.004907131
0.004885435
0.004902601
0.004884720
0.004889488
0.004897594
0.004880190
0.004881859
0.004883051
0.004893780
0.004881382
0.004880428
0.004875422
0.004909515
0.004887342
0.004881144
0.004883766
0.004897594
0.005019903
0.004880667
0.004896641
0.005481243
0.004901409
0.004883766
0.004882336
0.004888773
0.004883289
0.004896879
0.004897118
0.004890919
0.004896402
0.004887104
0.004884243
0.004871130
0.005012512
0.004878283
0.004882574
0.004884720
0.004878521
0.004891157
0.004896641
0.004884243
0.004886866
0.004903793
0.004890919
0.004882336
0.004881859
0.004911900
0.004871607
0.004893303
0.004891872
0.004915237
0.004881859
0.004876375
0.004886150
0.004886627
0.004912138
0.004890919
0.004892349
0.004887342
0.004900455
0.004884005
0.004889965
0.004883051
0.004913807
0.004876375
0.004949808
0.004903793
0.004887342
0.005217791
0.004898787
0.004891634
0.004905939
0.004935503
0.004894972
0.004893303
0.004919529
0.004895687
0.004934549
0.004899979
0.004987001
0.004944086
0.004889727
0.004896164
0.004963875
0.005223274
0.004858494
0.004870415
0.004870653
0.003531694
0.113198280
0.005964279
0.004881859
0.004865408
0.004856825
0.004857540
0.004878759
0.004883051
0.005017519
0.004872561
0.004866362
0.004901409
0.004861355
0.004867077
0.004861355
0.004854918
0.004876375
0.004874945
0.004870892
0.004878998
0.004937410
0.004866838
0.004865408
0.004886627
0.004867554
0.004858971
0.004861355
0.004864693
0.004882812
0.004874229
0.004871368
0.004913568
0.004879236
0.004877090
0.004873753
0.004876375
0.004881382
0.004876614
0.004930258
0.004889727
0.004957438
0.004887581
0.004914999
0.004907608
0.004887819
0.004903316
0.004908562
0.004879951
0.004942656
0.004887342
0.004883051
0.004884958
0.004888058
0.004886150
0.004889488
0.004934311
0.004884481
0.004883289
0.004889488
0.004887581
0.004873276
0.004878998
0.004870653
0.004890919
0.004879713
0.004875183
0.004876852
0.004887819
0.004893303
0.004884005
0.004882336
0.004894972
0.004895926
0.004900217
0.004884481
0.004884958
0.004881382
0.004891396
0.004881382
0.004889488
0.004881859
0.004900217
0.004875660
0.004893064
0.004905462
0.005936623
0.004923820
0.004870892
0.004882574
0.004865885
0.004869699
0.004950285
0.004896879
0.004880905
0.004871130
0.004924536
0.004873276
0.004869699
0.004883528
0.004871368
0.004879475
0.004897118
0.004871845
0.004873276
0.004867315
0.004880190
0.004894018
0.004864454
0.004876375
0.004880428
0.004885435
0.004889965
0.004867792
0.004889011
0.004868984
0.004870415
0.004871607
0.004904270
0.004884243
0.004908085
0.005003452
0.004889488
0.004876614
0.004930019
0.004871845
0.004890919
0.004878283
0.004898548
0.004862785
0.004879475
0.004885435
0.004885435
0.004879713
0.004908085
0.004861355
0.004875183
0.004898787
0.004999638
0.004887819
0.004893303
0.004891634
0.004909039
0.004867554
0.004884005
0.004861355
0.004913330
0.004882574
0.004862547
0.004926443
0.004889965
0.004866362
0.004892588
0.004876614
0.004885197
0.004866123
0.004894257
0.004880667
0.004881859
0.004997730
0.004885435
0.004885197
0.004881382
0.004884005
0.004891157
0.004868746
0.004868984
0.004885674
0.004868031
0.004872799
0.004873991
0.005044937
0.004875660
0.004979372
0.004883766
0.004881620
0.004879475
0.004886389
0.004876614
0.004879475
0.004879236
0.004870176
0.004888296
0.005000353
0.004899979
0.004860163
0.004860878
0.004881382
0.004879236
0.004876852
0.004878998
0.004872084
0.004884481
0.004935503
0.004892111
0.004870176
0.004871607
0.004888058
0.004877567
0.004877567
0.004866838
0.004867554
0.004882097
0.004869699
0.004878998
0.004873753
0.004878759
0.004874468
0.005027771
0.004879713
0.004884243
0.004880428
0.004888296
0.004878283
0.004939318
0.004876614
0.004878283
0.004886389
0.004884243
0.004896164
0.004870415
0.004866600
0.004889488
0.004899025
0.004878283
0.004866600
0.004874468
0.004904032
0.004881859
0.004874706
0.004871845
0.004872799
0.004883766
0.004863739
0.004890442
0.004862070
0.004890442
0.004887819
0.004874468
0.004894495
0.004871845
0.004898310
0.004875660
0.004864693
0.004882812
0.004903555
0.004884720
0.004900694
0.004866600
0.004892588
0.004880905
0.004910469
0.004893541
0.004892111
0.004906416
0.004884720
0.004923820
0.004913092
0.004919291
0.004892826
0.004899263
0.004914045
0.004898548
0.004899979
0.004894733
0.004882812
0.004887581
0.004903793
0.004898548
0.004884005
0.004886866
0.004894495
0.004891157
0.004895210
0.004901648
0.004902124
0.004900217
0.004875898
0.004890203
0.004877806
0.004883051
0.004873991
0.004886866
0.004869938
0.004890203
0.004863977
0.004888058
0.004933596
0.004892588
0.004878521
0.004881144
0.004876137
0.004885674
0.004890680
0.004914045
0.004877567
0.004889011
0.004906893
0.004884720
0.004889965
0.004892588
0.004899502
0.004896402
0.004883051
0.004905939
0.004875183
0.004894018
0.004889250
0.004894018
0.004888535
0.004898310
0.004879713
0.004890919
0.004876852
0.004889011
0.004874706
0.006349325
0.004911900
0.004891396
0.004893780
0.005106926
0.004901648
0.004887819
0.004891872
0.004890919
0.004886389
0.004899025
0.005006790
0.004874945
0.004898787
0.004894972
0.004881859
0.004892588
0.004893780
0.004895210
0.004873753
0.004884720
0.004914045
0.004882097
0.005090475
0.004889488
0.004889011
0.004876614
0.004909039
0.004894257
0.004882336
0.004880428
0.004904747
0.004886627
0.004891634
0.004884005
0.004893303
0.004896164
0.004880905
0.004889727
0.004884481
0.004898310
0.004889250
0.004883289
0.004877329
0.004901648
0.004879713
0.004883766
0.004874945
0.004887342
0.004880905
0.004888058
0.004878521
0.004880667
0.004901409
0.004898310
0.004887819
0.004881144
0.004887581
0.004892349
0.004893303
0.004879236
0.004881382
0.004876375
0.004876852
0.004890442
0.004899740
0.004893064
0.004883051
0.004886389
0.004871845
0.004894018
0.004883289
0.004887104
0.004880905
0.004902601
0.004883528
0.004884481
0.004884720
0.004879236
0.004896879
0.004897356
0.004893303
0.004887104
0.004911423
0.004883051
0.004892826
0.005025625
0.004881859
0.004905462
0.004890442
0.004883528
0.004884243
0.004883528
0.004906178
0.004880905
0.004892826
0.004902601
0.004888296
0.004890203
0.004889727
0.004891634
0.004889488
0.004878044
0.004883051
0.004883051
0.005069017
0.004880905
0.004881144
0.004892111
0.004905939
0.004892826
0.004887342
0.004891157
0.004897356
0.004887342
0.004878521
0.004883766
0.004877806
0.004891634
0.004886150
0.004889011
0.004889965
0.004899740
0.004894018
0.004876375
0.004903078
0.004897118
0.004881144
0.006968737
0.004884958
0.004884720
0.004879951
0.004884720
0.004902601
0.004932880
0.004935503
0.004889727
0.004888535
0.004883051
0.004879951
0.004889965
0.004900932
0.004895210
0.004907131
0.004879236
0.004893064
0.004884243
0.004879236
0.004889727
0.004879951
0.004915237
0.004888296
0.005076647
0.004905462
0.004870653
0.004893064
0.004904270
0.004883766
0.004924774
0.004889727
0.004882336
0.004894733
0.005004883
0.004894972
0.004899979
0.004886866
0.004888535
0.004888296
0.004898071
0.004881859
0.004899025
0.004896879
0.004888058
0.004892588
0.004886389
0.004907131
0.004887342
0.004884958
0.004896879
0.004881859
0.004923105
0.004901648
0.004893064
0.005124569
0.004886866
0.004881859
0.004895449
0.004885197
0.004905701
0.004892349
0.004891157
0.004888773
0.004905939
0.004881859
0.004889488
0.004890919
0.004884958
0.004888773
0.004887104
0.004875183
0.004880428
0.004897356
0.004894972
0.004887342
0.004883289
0.004902601
0.004887581
0.004878998
0.004894257
0.004884481
0.004915237
0.004890442
0.004884243
0.004892588
0.004889965
0.004893541
0.004886150
0.004873991
0.004908085
0.004872084
0.004868031
0.004890919
0.004888773
0.004905462
0.004887819
0.004886150
0.004896641
0.004887342
0.004890203
0.004893780
0.004881859
0.004896402
0.004882097
0.004898548
0.004881144
0.004881620
0.004905224
0.004883528
0.004896879
0.004889488
0.004909039
0.004886866
0.004881382
0.004893064
0.004874468
0.004880190
0.007910967
0.004874945
0.004911184
0.004887819
0.004905224
0.004895449
0.004886627
0.004901648
0.004895687
0.004881859
0.004884005
0.004894733
0.004884958
0.004886150
0.004879713
0.004933834
0.004928589
0.004912853
0.004890203
0.004899263
0.004910707
0.004905939
0.004901648
0.004871845
0.004893780
0.004890680
0.004898071
0.004903793
0.004918814
0.004873276
0.004898548
0.004873991
0.004893303
0.004873276
0.004882097
0.004874945
0.005072832
0.004879713
0.005025625
0.004868269
0.004890919
0.004879475
0.004879236
0.004895210
0.004888773
0.004936218
0.004875183
0.004900217
0.004885197
0.004885912
0.004880667
0.004880667
0.004886389
0.004882574
0.004876137
0.004906416
0.004926682
0.004908323
0.004894972
0.004898310
0.004906893
0.004894972
0.004900932
0.004888773
0.004908800
0.004892349
0.004884243
0.004884243
0.004897833
0.004910707
0.004877806
0.004889011
0.004891634
0.006443501
0.004864216
0.004897833
0.004899740
0.004903793
0.004873037
0.004886627
0.004893541
0.004887819
0.004889488
0.004880905
0.005257607
0.004894018
0.004883766
0.004894495
0.004893064
0.004886627
0.005009651
0.004884958
0.004916668
0.004895210
0.004884720
0.004900455
0.004880667
0.004914045
0.004889727
0.004892111
0.004898787
0.004896879
0.004885912
0.004867554
0.004877329
0.004886627
0.004889011
0.004893303
0.004866838
0.004875183
0.004900694
0.004867792
0.004881382
0.004876614
0.004858732
0.004888535
0.004868984
0.004875422
0.004873276
0.004893064
0.004876137
0.004871607
0.004872322
0.004881859
0.005773306
0.004906416
0.005441904
0.004897594
0.005685091
0.004899263
0.005702972
0.004874229
0.005760670
0.004891396
0.005672216
0.004899740
0.004966974
0.004903793
0.004901648
0.004899263
0.004919291
0.004894018
0.004887581
0.004898310
0.004879236
0.004923344
0.004874945
0.004896879
0.004991770
0.005233526
0.004866600
0.004853725
0.004856586
0.003563166
