0.003113508
0.002494574
0.001960993
0.002068043
0.001964569
0.001969337
0.001944065
0.001941204
0.001953125
0.001959801
0.001950979
0.001943350
0.001946211
0.001959324
0.001955748
0.001943827
0.001942635
0.001939774
0.001953125
0.001949549
0.001950979
0.001945972
0.001935244
0.001948118
0.001957178
0.001938105
0.001940727
0.001939297
0.001955032
0.001981258
0.002287149
0.001947165
0.001940966
0.001953840
0.002301931
0.001990557
0.001947641
0.001948595
0.001956463
0.002109051
0.002029657
0.001937866
0.001937628
0.001960516
0.001981020
0.002285242
0.001942873
0.001941919
0.001960039
0.001979351
0.002308130
0.001940727
0.001944065
0.001948833
0.001953602
0.002144337
0.002028465
0.001955032
0.001955748
0.001955032
0.001980543
0.002287388
0.001941442
0.001954794
0.001956224
0.001971483
0.002310991
0.001947403
0.001957417
0.001945257
0.001949549
0.002443075
0.001943588
0.001956701
0.001985073
0.002450228
0.002189398
0.001941204
0.001957178
0.001948833
0.001944542
0.001956224
0.001938343
0.001971006
0.001950979
0.001973629
0.002307892
0.002292156
0.001947880
0.001960278
0.001949787
0.001959562
0.001942158
0.001962900
0.001949549
0.001945496
0.001984596
0.002338886
0.001952887
0.001960039
0.001951456
0.001939058
0.001976252
0.001993418
0.002004385
0.001971722
0.001972437
0.001978874
0.001974583
0.001985788
0.001984596
0.001976252
0.001971006
0.001981020
0.001999378
0.001962662
0.001965284
0.001966000
0.001967669
0.001974344
0.001959801
0.001967192
0.002154827
0.001960278
0.001960039
0.001939535
0.001502037
