0.735280514
0.560353041
0.632188320
0.549105644
0.545171022
0.572244644
0.483091593
0.484779835
0.489217758
0.364794731
0.745231867
0.561485767
0.541677952
0.568719864
0.533257246
0.547853947
0.475762367
0.473218203
0.471259594
0.352552414
0.737457991
0.590244055
0.583844900
0.544264078
0.539208174
0.551938534
0.479285955
0.481620789
0.480418921
0.358904362
0.727956057
0.550536633
0.532617807
0.584634066
0.561898947
0.519620180
0.594968557
0.485775948
0.494232655
0.372307777
0.732054234
0.583828211
0.548765659
0.564567566
0.536951780
0.541591167
0.484574318
0.499303102
0.480491400
0.356831074
0.727173567
0.552039623
0.571963072
0.545925617
0.541368961
0.540542364
0.481269836
0.479324818
0.487250805
0.356413126
0.746660948
0.548081636
0.529599905
0.615271807
0.539266109
0.560135365
0.482206345
0.483973742
0.498284578
0.448977709
0.739018917
0.546490908
0.535492659
0.541874647
0.547691107
0.545779705
0.483925104
0.477370501
0.480873108
0.349935293
0.861977339
0.540565252
0.567657471
0.539244175
0.548647404
0.516168356
0.482650518
0.480995178
0.532263994
0.370683908
0.722974062
0.560112000
0.637360096
0.537989855
0.544057608
0.519543648
0.475743055
0.479259491
0.485769987
0.368429661
0.736990690
0.558860540
0.528215408
0.552301884
0.542495012
0.676128626
0.480450869
0.487433672
0.477334499
0.363107443
0.723401308
0.543784618
0.560782194
0.534245014
0.538082600
0.541311741
0.477266312
0.501676321
0.481842756
0.356538773
0.752305031
0.551396132
0.628544569
0.529136896
0.543871403
0.540101290
0.482905149
0.550889254
0.496678114
0.347107649
0.740060091
0.563284874
0.525053024
0.552283764
0.532650948
0.536315203
0.483595610
0.501532078
0.477459431
0.351696253
0.733689547
0.550109386
0.538564920
0.545513391
0.718325377
0.528404236
0.481435299
0.480611801
0.474088430
0.403707266
0.773425817
0.560394049
0.563983917
0.537745476
0.545157194
0.547763348
0.476664543
0.492146969
0.488812923
0.355181456
0.732317209
0.650119781
0.528552055
0.533308506
0.534203768
0.536480427
0.477507353
0.484916210
0.475448608
0.357171297
0.710224390
0.543535233
0.638774395
0.538321257
0.538706064
0.571293592
0.478498220
0.491524458
0.484070778
0.351878881
0.745146275
0.543681145
0.545399666
0.540256262
0.621603966
0.570213318
0.501550198
0.478806734
0.485126495
0.357024193
0.827103853
0.582656384
0.574317694
0.577087164
0.639690161
0.538613319
0.483143091
0.481476545
0.475338459
0.359127283
0.769766092
0.561448574
0.575686216
0.541678905
0.569956064
0.552139044
0.493308067
0.465406656
0.516877413
0.354398966
0.805504322
0.576755524
0.532072783
0.535073519
0.583799362
0.527580500
0.494586945
0.487787724
0.480240583
0.360556602
0.740786314
0.554011106
0.576221943
0.533490181
0.538316011
0.547270298
0.481392384
0.484846592
0.482347012
0.346002817
0.727122307
0.541815042
0.580092669
0.531007767
0.542488098
0.560966492
0.506276369
0.481715918
0.485066414
0.399584770
0.735960960
0.554553270
0.552432299
0.560069084
0.551505089
0.569227457
0.484615564
0.478878975
0.483481884
0.368019581
0.741079569
0.555695057
0.536994696
0.552177191
0.546158075
0.550401688
0.476821184
0.479084969
0.483937502
0.354744434
0.751387119
0.557625771
0.534614801
0.548041821
0.545502901
0.622529984
0.504845858
0.487151861
0.479786158
0.361077070
0.735894918
0.545625687
0.536773682
0.551377296
0.540808678
0.655524254
0.626120567
0.519621611
0.477956533
0.357305765
0.721977472
0.560792923
0.533437014
0.546879768
0.531697750
0.563464880
0.471157312
0.480168104
0.481696129
0.355554342
0.731513023
0.555052519
0.631913662
0.537062883
0.550558090
0.536973000
0.480982542
0.485689640
0.481916428
0.385117292
0.788962364
0.548844337
0.562528849
0.534859180
0.537701845
0.530527115
0.487122297
0.517500877
0.491719007
0.356208324
0.727759600
0.560560942
0.542433977
0.555923462
0.568677187
0.540258169
0.482462406
0.477481365
0.477505684
0.351761580
0.755679369
0.561089039
0.548792362
0.552941561
0.565875530
0.544762373
0.491494656
0.479593277
0.494975090
0.357751608
0.735991240
0.564362764
0.555601120
0.561822176
0.589902163
0.525946617
0.528102160
0.502151251
0.487133503
0.353183031
0.735160828
0.548371315
0.537229776
0.539632559
0.550154924
0.535719633
0.471619368
0.477111101
0.477759838
0.366400957
0.718947649
0.551566601
0.567537546
0.524669170
0.554580688
0.566007376
0.480486870
0.477975845
0.479715347
0.358359814
0.740961790
0.555255890
0.543348551
0.541800261
0.625489235
0.565348625
0.581035376
0.499820232
0.483413696
0.357080936
0.731963873
0.579458952
0.534346104
0.534135342
0.648612022
0.540127516
0.475953579
0.477550745
0.480186224
0.354498625
0.745738506
0.545753717
0.533090115
0.549349546
0.603174686
0.544671535
0.482093334
0.475864172
0.485191345
0.354581118
0.752049208
0.557760954
0.551715136
0.545692682
0.546768665
0.524589539
0.475685120
0.477132320
0.482287884
0.354792833
0.744501591
0.551632643
0.544727087
0.539403677
0.573916435
0.524844408
0.493901730
0.484019518
0.473671198
0.358388662
0.717110395
0.552566528
0.579993963
0.581472397
0.549189329
0.534395933
0.481303930
0.476454735
0.546764374
0.370734692
0.745884418
0.547526121
0.542966604
0.557157755
0.553689957
0.683588982
0.484038830
0.475084782
0.481933355
0.357032776
0.720630407
0.554973841
0.541497707
0.544332027
0.540823460
0.519495010
0.482090712
0.469322920
0.471852303
0.345542908
0.747645855
0.549203396
0.552821159
0.537719727
0.557425261
0.527929783
0.480189562
0.477108002
0.490779161
0.355005264
0.732376575
0.546703577
0.536914349
0.541927576
0.532986403
0.521023035
0.480382919
0.484542608
0.499560833
0.355015516
0.714345217
0.554198027
0.533701658
0.619606495
0.541018009
0.538277864
0.467833281
0.482827425
0.477689505
0.355111122
0.758150101
0.558373928
0.541857958
0.589810133
0.543159962
0.526939631
0.474394321
0.484379053
0.479347944
0.364569664
0.713885307
0.544787407
0.531907320
0.529123783
0.563920498
0.522627592
0.469800472
0.492699146
0.482825994
0.349945307
0.741436243
0.561636209
0.537349939
0.535045862
0.536188841
0.536072493
0.468068361
0.484921217
0.484584093
0.349448204
0.747853756
0.546697140
0.545337677
0.540197611
0.543977261
0.541803837
0.486515999
0.483155966
0.482048750
0.362795353
0.715614557
0.555635929
0.550681591
0.531938553
0.543577671
0.522402763
0.477839470
0.512356997
0.478112221
0.353444099
0.730255127
0.550879478
0.533420563
0.544917822
0.527467728
0.540805340
0.475614548
0.484413624
0.480916739
0.352977753
0.740609646
0.555176735
0.533874035
0.546684027
0.551958323
0.571581125
0.485225201
0.480518579
0.490976095
0.358876228
0.746855497
0.544022083
0.534314156
0.578670263
0.539690733
0.527729273
0.491016626
0.487397671
0.479789972
0.362483501
0.743709803
0.695486307
0.568481445
0.538218260
0.569711208
0.539877176
0.480468988
0.468996048
0.470982552
0.349144697
0.755240440
0.552115917
0.545593023
0.542069912
0.554263115
0.717764854
0.487921238
0.482230186
0.485086918
0.352753878
0.726363420
0.558716059
0.535184145
0.531163454
0.555185556
0.539897680
0.485027790
0.485401154
0.493682384
0.355934381
0.732083321
0.548912525
0.528933764
0.586091518
0.554204226
0.526041508
0.475145817
0.472908020
0.472988605
0.354566097
0.728315592
0.546692848
0.543972254
0.553838491
0.543652296
0.553619385
0.480082035
0.500772476
0.496462822
0.357686520
0.732199907
0.556653023
0.539049387
0.541004658
0.539674282
0.554116726
0.480093479
0.471072197
0.473233938
0.347124577
0.751158237
0.557970762
0.536688566
0.537518024
0.558718443
0.535864592
0.476192951
0.486207008
0.479758978
0.363039970
0.723712206
0.579811096
0.539871931
0.543338060
0.530203342
0.521656036
0.506889343
0.479113579
0.564977646
0.357075930
0.755206108
0.649780273
0.539195538
0.580132961
0.545921326
0.549560785
0.484104872
0.482355595
0.490185976
0.470099211
0.914471626
0.577919722
0.539559603
0.541776896
0.537788391
0.536314487
0.475857258
0.483659506
0.475908279
0.353705168
0.726770878
0.554433346
0.553929090
0.558555365
0.540899277
0.565817833
0.492711306
0.590601921
0.470108032
0.376514435
0.732652903
0.546737432
0.538485289
0.561849117
0.536381006
0.544301033
0.480259657
0.486831427
0.470720530
0.355289698
0.724791765
0.548546791
0.530300617
0.560083628
0.549738407
0.565416336
0.478805542
0.481548071
0.479538441
0.355764866
0.739184141
0.549541473
0.557220221
0.535258532
0.547171593
0.567463636
0.473822594
0.477555275
0.490447521
0.367828846
0.745862246
0.557644844
0.536760092
0.541325331
0.543251038
0.544937134
0.481815577
0.491933346
0.483658314
0.356394053
0.745051384
0.548913002
0.543697596
0.536473751
0.537424088
0.665374517
0.479449511
0.483488321
0.573812485
0.443314552
0.753027439
0.578170061
0.562163830
0.561176538
0.544422626
0.541413546
0.486505985
0.488861799
0.483897686
0.355045319
0.729598522
0.627391100
0.526640892
0.569752216
0.536661625
0.520845652
0.469486237
0.483554602
0.481298208
0.363039017
0.723695993
0.541980028
0.530761719
0.542247295
0.538520813
0.576812029
0.490326881
0.495187044
0.481472254
0.357232094
0.738141537
0.549030781
0.540333033
0.550303459
0.541955471
0.533271551
0.473790407
0.554377317
0.486653328
0.362446547
0.750333309
0.550399542
0.527504921
0.542509317
0.533336639
0.539694309
0.472131252
0.494713306
0.476650476
0.354664564
0.742837191
0.553703785
0.554023027
0.572363615
0.551973820
0.550408602
0.472465515
0.537025452
0.467240572
0.350352764
0.717732668
0.555745840
0.596887112
0.543101072
0.554198027
0.548897743
0.479749680
0.496310234
0.493568182
0.379195690
0.746765375
0.541827679
0.536026239
0.532876253
0.542517900
0.536955118
0.480324984
0.469639301
0.472386122
0.356459856
0.731004953
0.562174559
0.544154406
0.529719114
0.593900442
0.527173042
0.520364761
0.481160879
0.479078054
0.352242231
0.735653162
0.558003664
0.534301281
0.544178009
0.543030500
0.570811987
0.486382008
0.482248068
0.481271029
0.354547501
0.726840019
0.549748421
0.536755800
0.650278330
0.538212061
0.544647455
0.486279011
0.482380867
0.476573467
0.436866999
0.719721556
0.550269127
0.534268379
0.567521334
0.542286634
0.533522129
0.484180212
0.599014282
0.479362488
0.356215477
0.727516174
0.566789865
0.550814867
0.546339750
0.534675360
0.552887201
0.479793549
0.507180214
0.500170708
0.464568615
0.735712290
0.554631948
0.532170534
0.559056997
0.539125681
0.571282625
0.480163574
0.489067554
0.488458157
0.357999086
0.711571932
0.532438993
0.534232616
0.527949333
0.541922569
0.516699791
0.486504078
0.472900391
0.484889507
0.356769562
0.792884827
0.573194265
0.617300510
0.544202328
0.561909914
0.641367435
0.550360441
0.474213362
0.477068901
0.353635550
0.745851517
0.548258066
0.543974638
0.557578564
0.541816473
0.541312456
0.489191771
0.480972528
0.492200851
0.501049280
0.722885847
0.558809996
0.536907673
0.567798853
0.540045261
0.546369791
0.482164383
0.491500378
0.487057924
0.362799644
0.736747742
0.554320812
0.579263926
0.571852922
0.534533262
0.531060457
0.476637363
0.485653877
0.493367434
0.364420891
0.736344814
0.540585041
0.555413246
0.527822018
0.540103912
0.530565500
0.479204416
0.471824169
0.475987911
0.347123623
0.749281406
0.563356876
0.540327072
0.592940807
0.545087576
0.532027721
0.481060266
0.479953289
0.476113558
0.353293657
0.727761507
0.552649260
0.550077438
0.564434052
0.543825865
0.670430899
0.480027437
0.481150627
0.476077318
0.373541117
0.740021944
0.573894262
0.562758684
0.542769432
0.531491518
0.556602716
0.478137732
0.476157188
0.494801283
0.372295141
0.722687006
0.543060541
0.559598446
0.541194916
0.551574945
0.539715052
0.483927250
0.477031231
0.485018492
0.353909492
0.752353430
0.555797815
0.527596951
0.546322823
0.656162500
0.543987513
0.482809782
0.485203743
0.477020025
0.359591484
0.936757088
0.545930386
0.566962719
0.554376602
0.538282871
0.531365871
0.471512079
0.478575468
0.471210241
0.354619741
0.726650238
0.665804863
0.550306559
0.546912670
0.656565189
0.545936346
0.475541830
0.481428146
0.476903677
0.350324631
0.721467257
0.557931423
0.671091795
0.545512915
0.561537981
0.552788496
0.491384506
0.470958948
0.508870125
0.354311943
0.794241905
0.550822496
0.667637587
0.539128780
0.543229818
0.530222178
0.487941504
0.479745150
0.523831129
0.357815266
