5.802484035
5.663073063
5.738466501
5.816772461
5.720955849
5.683584213
5.849806547
5.641613960
5.834598303
5.734579802
5.796672583
5.657494545
5.837194443
5.680496454
5.850650311
5.740243196
5.724642277
5.755398273
5.798516035
5.939566851
5.800858498
5.782096148
5.681678772
5.757625103
5.738811731
5.678108692
5.789885521
5.948439121
5.646702051
5.777427435
5.753745079
5.691224575
5.757630587
5.799716949
5.645134687
5.682847261
5.898549080
5.756237507
5.713939905
5.680967093
5.696429491
5.789022446
5.835746050
5.591866493
5.676965714
5.630038977
5.700121403
5.718731165
5.600941658
5.643907547
5.687440634
5.638908148
5.626930475
5.717970848
5.688362360
5.835555553
5.872012615
5.669364929
5.653962851
5.703969717
5.628052950
5.682515621
5.761016369
5.945368290
5.835315466
5.829565287
5.650960922
5.675257921
5.701500177
5.686740637
5.951631069
5.754189014
5.706691980
5.692105293
5.728711843
5.662123442
5.747288704
5.767349958
5.617692471
5.730446577
5.700233459
5.828848362
5.758570194
5.833619118
5.702965260
5.560969353
5.981248379
5.842014313
5.702316999
5.732403755
5.612914801
5.709988594
5.819092512
5.726340532
5.665936708
5.787695408
5.850302935
5.889705181
5.829978943
5.874585390
