0.253062725
0.162440538
0.163996935
0.165187359
0.160417080
0.173160315
0.183633566
0.159910440
0.172051668
0.159813404
0.172695398
0.176616669
0.175185680
0.181172609
0.175283432
0.178415298
0.164457083
0.172809124
0.196689844
0.177689552
0.179259300
0.198626518
0.168388605
0.179411888
0.173288345
0.169115782
0.171208382
0.167859554
0.180090427
0.175851107
0.181484222
0.174509048
0.158005714
0.159913540
0.160744429
0.169941664
0.201564074
0.173204422
0.172193289
0.158285856
0.174337864
0.175767422
0.158872366
0.179527760
0.181519985
0.173181534
0.157428265
0.170329571
0.170909882
0.200486422
0.164466381
0.171508789
0.158912420
0.183296204
0.183850050
0.178112745
0.172505140
0.161405087
0.171112299
0.177844286
0.189114094
0.178972483
0.157949448
0.165796995
0.182868481
0.169069290
0.164674520
0.173661709
0.185543299
0.205026865
0.201038599
0.177941322
0.174891472
0.159868002
0.162757635
0.172643900
0.158915758
0.169978142
0.161004782
0.171481609
0.170777798
0.159365416
0.152644157
0.177749395
0.173841953
0.159167528
0.172225237
0.201352835
0.162512541
0.184212446
0.178223848
0.163934708
0.179051161
0.188533068
0.163626194
0.198676348
0.138740778
0.133482218
0.131965876
0.142336130
