0.140901566
0.006715059
0.002290010
0.001244068
0.001302004
0.001025200
0.001203299
0.000735283
0.001490116
0.001200199
0.000744104
0.001432657
0.000632286
0.000996590
0.001448154
0.001128435
0.000681400
0.000761747
0.000715256
0.001236677
0.000803947
0.000750542
0.001162767
0.000756741
0.000723362
0.000740051
0.000679731
0.000922441
0.000724316
0.000739336
0.000674486
0.000965834
0.001537323
0.000947237
0.000719070
0.000673532
0.001114130
0.000692129
0.000756979
0.000696182
0.000750065
0.000872612
0.000721931
0.000633240
0.000741005
0.000897169
0.001115799
0.000707626
0.000739098
0.000660419
0.001189947
0.001124620
0.000809193
0.000644207
0.001201630
0.000637770
0.000697136
0.000635386
0.000731707
0.000615120
0.000707150
0.000673532
0.001207829
0.000618935
0.000677109
0.000617027
0.000672340
0.001425743
0.000775576
0.001181364
0.001055717
0.000665426
0.000747442
0.000660658
0.000743866
0.000619411
0.001104593
0.000644684
0.000857353
0.000680923
0.000780821
0.000694752
0.000792980
0.000662804
0.000791788
0.000652313
0.000760078
0.000664234
0.000676394
0.000584841
0.000714779
0.000657320
0.000763655
0.000682354
0.000762701
0.000634670
0.000760555
0.000700235
0.000741959
0.000638008
0.000847101
0.000627041
0.001147032
0.000682592
0.000707626
0.000675917
0.000746489
0.000656128
0.000808239
0.000638008
0.000759363
0.000664234
0.000780582
0.000616789
0.000764370
0.000687122
0.000764132
0.000724316
0.000698090
0.000729561
0.000699520
0.000752211
0.000750542
0.000782490
0.000745535
0.001147270
0.000817299
0.000828743
0.000760794
0.000798702
0.000652790
0.001381874
0.000736475
0.000766039
0.000583887
0.000731230
0.000674486
0.000777245
0.000688553
0.000747919
0.001087427
0.000764608
0.000644445
0.000738859
0.000650167
0.000767708
0.000626802
0.000661373
0.000642776
0.000861883
0.000627518
0.000742912
0.000924826
0.000777006
0.000632763
0.000740528
0.000601292
0.000708342
0.000626564
0.000732422
0.000656843
0.000664473
0.000591278
0.000745535
0.000599146
0.000694990
0.000590563
0.001331329
0.000638247
0.000811577
0.000609875
0.000750303
0.000611544
0.000767946
0.000583887
0.000743628
0.000590563
0.000682592
0.001187325
0.000729084
0.000657558
0.000771046
0.000604391
0.000730038
0.000823975
0.000758171
0.000643730
0.001105785
0.000751257
0.000890017
0.000627756
0.000738382
0.000783205
0.000716448
0.000642061
0.000729799
0.000620842
0.000756025
0.000606775
0.000741720
0.000660419
0.000742197
0.000653505
0.000726938
0.000587702
0.000766993
0.000594854
0.000803471
0.000624657
0.000761986
0.000680923
0.000779629
0.000590086
0.000756741
0.000722885
0.000679493
0.000585318
0.000710964
0.000573397
0.000729084
0.000636578
0.000696182
0.000804901
0.000722647
0.000623465
0.000686646
0.000636339
0.000726938
0.000618935
0.000714302
0.000624657
0.000690460
0.000592232
0.000670195
0.000603914
0.000878334
0.000697374
0.000769854
0.000638247
0.000783682
0.000622034
0.000743389
0.000594616
0.000816822
0.000692844
0.000753403
0.000646830
0.000740767
0.000605106
0.000763655
0.000658989
0.000737667
0.000652075
0.000728607
0.000644207
0.000732660
0.000620127
0.000722885
0.000635862
0.000702620
0.000660419
0.000721693
0.000618696
0.000726223
0.000623703
0.000712395
0.000664234
0.000711918
0.000620604
0.000821114
0.000668287
0.000767469
0.000664949
0.000765324
0.000685692
0.000726223
0.000668049
0.000835896
0.000621319
0.000753164
0.000633478
0.001469135
0.000601530
0.000852823
0.000630617
0.000701189
0.000735283
0.000720739
0.000724554
0.001111269
0.000641108
0.000748634
0.000704288
0.000740528
0.000697613
0.000795364
0.000682831
0.000755548
0.000735044
0.000795841
0.000642300
0.000763655
0.000641108
0.000761032
0.000623465
0.000835896
0.000612259
0.000761509
0.000601530
0.000721693
0.000580072
0.000738621
0.000604630
0.000785589
0.000604391
0.000733614
0.000605345
0.000779629
0.000621557
0.000702620
0.000612497
0.000662804
0.000601768
0.000809669
0.000589848
0.000699997
0.000626564
0.000695705
0.000657797
0.000886679
0.000781536
0.000806332
0.000735521
0.000733376
0.000752926
0.000707150
0.000770569
0.000635147
0.000749350
0.000615597
0.000724792
0.000630140
0.000745058
0.000656128
0.000743151
0.000644684
0.000690699
0.000637531
0.000736713
0.000624895
0.000785589
0.000637293
0.000761986
0.000717163
0.000783920
0.000791073
0.000758410
0.000780821
0.000792980
0.000748873
0.000767708
0.000697136
0.000648737
0.000713348
0.000631332
0.000715971
0.000625849
0.000763893
0.000612497
0.000733614
0.000583172
0.000686407
0.000584364
0.000809669
0.000634432
0.000787735
0.000582457
0.000721693
0.000580788
0.000864983
0.000589609
0.000786304
0.000597715
0.000693321
0.000602722
0.000725269
0.000585079
0.000755310
0.000644207
0.000715733
0.000633955
0.000730515
0.000630140
0.000716686
0.000639200
0.000730753
0.000594139
0.000753880
0.000585556
0.000764132
0.000672340
0.001095533
0.000672817
0.000895739
0.000692368
0.000871181
0.000678062
0.001540422
0.001075745
0.000729084
0.000591755
0.000725985
0.000699520
0.000741243
0.000700951
0.000779867
0.000826120
0.000713825
0.000709534
0.000716686
0.000618696
0.000731707
0.000585318
0.000758410
0.000710249
0.000718355
0.000628710
0.000736237
0.000647306
0.000710487
0.000650644
0.000803709
0.000639439
0.000703812
0.000727654
0.000720978
0.000730991
0.000707388
0.000691414
0.000813246
0.000755548
0.000694752
0.000704288
0.000707388
0.000794411
0.000629187
0.000764370
0.000684738
0.000705481
0.000699282
0.000661612
0.000670910
0.000676394
0.000706673
0.000672340
0.000706196
0.000678301
0.000811338
0.000656128
0.000753641
0.000638723
0.000749350
0.000697851
0.000701904
0.000780821
0.000625134
0.000748634
0.000619411
0.000780344
0.000615597
0.000768900
0.000625849
0.000789642
0.000660658
0.000782251
0.000636578
0.000776291
0.000635862
0.000783205
0.000632048
0.000731945
0.000585079
0.000730276
0.000671864
0.000961542
0.000610352
0.000698328
0.000610590
0.000754833
0.000602007
0.000814199
0.000575542
0.000806332
0.000616550
0.000694990
0.000604391
0.000735760
0.000630617
0.000778675
0.000642776
0.000760078
0.000656128
0.000744820
0.000700474
0.000778675
0.000603914
0.000954628
0.000623465
0.000735998
0.000686407
0.000774145
0.000604391
0.000761509
0.000642061
0.000767469
0.000802040
0.000754118
0.000581026
0.000715494
0.000615120
0.000785351
0.000616550
0.000699043
0.000584602
0.000752687
0.000632048
0.000724316
0.000566244
0.000746965
0.000596762
0.000708342
0.000592947
0.000745296
0.000617266
0.000717163
0.000631094
0.000700951
0.000635147
0.000683546
0.000607967
0.000692368
0.000602007
0.000683308
0.000632048
0.001107931
0.000877857
0.000794172
0.000585794
0.000931740
0.000606775
0.001030207
0.000617266
0.000734329
0.000670195
0.000787735
0.000610352
0.000719070
0.000578403
0.000792503
0.000570059
0.000740290
0.000628471
0.000719786
0.000632286
0.000738382
0.000610590
0.000719309
0.000613213
0.000736475
0.000579119
0.000844479
0.000648737
0.000789642
0.000670671
0.000793934
0.000693560
0.000795364
0.000684261
0.000787735
0.000619173
0.000734806
0.000610828
0.000739336
0.000613689
0.000698328
0.000585079
0.000780344
0.000582218
0.000699520
0.000601292
0.000737429
0.000618935
0.000711679
0.000612020
0.000755787
0.000679970
0.000706911
0.000606060
0.000762701
0.000621319
0.000764370
0.000614882
0.000761032
0.000642538
0.000688314
0.000667810
0.000752926
0.000613689
0.000746727
0.000714779
0.000759125
0.000709534
0.000714302
0.000710487
0.000703573
0.000715256
0.000762463
0.000687361
0.000897408
0.000594854
0.000925303
0.000597477
0.001144648
0.000668287
0.000837803
0.000622034
0.000822544
0.000639439
0.000977278
0.000770807
0.001017570
0.000708103
0.000735044
0.000605345
0.000721931
0.000620604
0.000808477
0.000677824
0.000731707
0.000637054
0.000798702
0.000665903
0.000707150
0.000650883
0.000776768
0.000726700
0.000793934
0.000706911
0.000717402
0.000769615
0.000768423
0.000666142
0.000724316
0.000685453
0.000709534
0.000673056
0.000706911
0.000632524
0.000722647
0.000676155
0.000698328
0.000627279
0.001058578
0.000664711
0.000744581
0.000685692
0.000770569
0.000643730
0.000723600
0.000663280
0.000694990
0.000635147
0.000714302
0.000653505
0.000707626
0.000650167
0.000714779
0.000636339
0.000706434
0.000643015
0.000695705
0.000640154
0.000696659
0.000600100
0.000723600
0.000626087
0.000690699
0.000626802
0.000686169
0.000639200
0.000718117
0.000652075
0.000716209
0.000661373
0.000701427
0.000658035
0.000778198
0.000768185
0.000702858
0.000643253
0.000685930
0.000631332
0.000711679
0.000651121
0.000707388
0.000665665
0.000695467
0.000647783
0.000822783
0.000641108
0.000916243
0.000615835
0.000747442
0.000615835
0.010012627
0.002203941
0.001608133
0.000801086
0.000639915
0.000756264
0.000730753
0.000853539
0.000858068
0.000684261
0.000924826
0.000780344
0.000712633
0.000680447
0.000681400
0.000792742
0.000988007
0.000644445
0.000583887
0.000777006
0.000682354
0.000682354
0.000715494
0.000821114
0.000832319
0.000652552
0.000720978
0.001095057
0.000701189
0.000638247
0.000803471
0.000647783
0.000775576
0.000875473
0.000733852
0.000746727
0.000738859
0.000751019
0.000748873
0.000673771
0.000753403
0.000777960
0.000779152
0.000676155
0.000647068
0.000730038
0.000880003
0.000827312
0.000664473
0.000734091
0.000910759
0.000791073
0.000804901
0.000728369
0.000859022
0.000713587
0.000948906
0.000833035
0.000777006
0.000869751
0.000658512
0.000737906
0.000777245
0.000864267
0.000778913
0.000833750
0.000729084
0.000864506
0.000728369
0.000765800
0.000787258
0.000864267
0.000774860
0.000710487
0.000763655
0.000820875
0.000784874
0.000764370
0.000739098
0.000799179
0.000750780
0.000826597
0.000716448
0.000755787
0.000723600
0.000834942
0.000719547
0.001380920
0.000813723
0.000640869
0.000796795
0.000880003
0.000710011
0.000812531
0.000749350
0.000745058
0.000720978
0.000667095
0.000657082
0.000764132
0.000772476
0.000782013
0.000737667
0.000795603
0.000678301
0.000685453
0.000758410
0.000968695
0.000698090
0.000747204
0.000717402
0.000890493
0.000838757
0.000643015
0.000823736
0.000759602
0.000905037
0.000806332
0.000670433
0.000783205
0.000803471
0.000750065
0.000818491
0.000670910
0.000832319
0.000849962
0.000677347
0.000716925
0.000846624
0.000722170
0.000737429
0.000908136
0.000715971
0.000618458
0.000836849
0.000899315
0.000666380
0.000663042
0.000847101
0.001005650
0.002696037
0.000699520
0.000900984
0.000787258
0.000666857
0.000638485
0.000796080
0.000771999
0.000793934
0.000720739
0.000718832
0.000845432
0.000648737
0.000795364
0.000677824
0.000663757
0.000825882
0.000716209
0.000775576
0.000619650
0.001022339
0.000776529
0.000738859
0.000848532
0.001236916
0.000806808
0.000939369
0.000959158
0.001060486
0.000848770
0.000718117
0.000704765
0.000838518
0.000674486
0.000862837
0.000693321
0.000826597
0.000686169
0.000856876
0.000674009
0.000712633
0.000670671
0.000785112
0.000613689
0.000724792
0.000778675
0.000630856
0.000672102
0.000723600
0.000758886
0.000633717
0.000662088
0.000891447
0.000684261
0.000747919
0.000707150
0.000754356
0.000752449
0.000741005
0.000690937
0.000714302
0.000797749
0.000635147
0.000764608
0.000778437
0.000626326
0.000777483
0.000701427
0.000692606
0.000829697
0.000736237
0.000617266
0.000716925
0.000769377
0.001138449
0.000870228
0.000607729
0.000643253
0.000738382
0.000756502
0.000689745
0.000800610
0.000606537
0.000919104
0.000726938
0.000905991
0.000646830
0.000869036
0.000728846
0.000845909
0.000713348
0.000915051
0.000683546
0.000812292
0.000682831
0.000919580
0.000779152
0.000752687
0.000702620
0.000732183
0.000714540
0.000693560
0.000675917
0.000571966
0.000777245
0.000588417
0.000813961
0.000581741
0.000742197
0.000579119
0.000770330
0.000587463
0.000806808
0.000680208
0.000739813
0.000782728
0.000710011
0.000810385
0.000581264
0.000699759
0.000676870
0.000713110
0.000664234
0.000710964
0.000654697
0.000756025
0.000661373
0.000682831
0.000677824
0.000660658
0.000642061
0.000733852
0.000648737
0.000733852
0.000670671
0.000776529
0.000655174
0.000698805
0.000660181
0.000712633
0.000823259
0.000723124
0.000658989
0.000812292
0.000839710
0.000671625
0.000759125
0.000776052
0.000752449
0.000746489
0.000732660
0.000688314
0.000751972
0.000729084
0.000758886
0.000679493
0.000770807
0.000703812
0.000720263
0.000686407
0.000627041
0.000833273
0.000606060
0.000775814
0.000607252
0.000758171
0.000591516
0.000827074
0.000599861
0.000773668
0.000584126
0.000778913
0.000792265
0.000674248
0.000606537
0.000688553
0.000656128
0.000850439
0.000796556
0.000606775
0.000638485
0.000729084
0.000667810
0.000705004
0.000651598
0.000691414
0.000730515
0.000706673
0.000619888
0.000758410
0.000686407
0.000693083
0.000678062
0.000752687
0.000689268
0.000719547
0.000686646
0.000613213
0.000684500
0.000675440
0.000676394
0.000704765
0.000687599
0.000618458
0.001014471
0.000682592
0.000578403
0.000677347
0.000645876
0.000743151
0.000795126
0.000885963
0.000698090
0.000601292
0.000792503
0.000816822
0.000724077
0.000689507
0.000748158
0.000665426
0.000757694
0.000782013
0.000660658
0.000704765
0.000665665
0.000625134
0.000660181
0.000694513
0.000588894
0.000653028
0.000640869
0.000928879
0.000641823
0.000682592
0.000739098
0.000747442
0.000726938
0.000688076
0.000749111
0.000683784
0.000790596
0.000694275
0.000791073
0.000598907
0.000741482
0.000677109
0.000791788
0.000819206
0.000903845
0.000661135
0.000588179
0.000695705
0.000801563
0.000587463
0.000768423
0.000770569
0.000718594
0.000673532
0.000685930
0.000663757
0.000880718
0.000681877
0.000685215
0.000785589
0.000756741
0.000778913
0.000751972
0.000751019
0.000791311
0.000736475
0.001289606
0.000770092
0.000654697
0.000750780
0.000771284
0.000585318
0.000729084
0.000824451
0.000694752
0.000576973
0.000714064
0.000802279
0.000621796
0.000933170
0.000705719
0.000630617
0.000739336
0.000822544
0.000740290
0.000725746
0.000821114
0.000730991
0.000767946
0.000800610
0.000702381
0.000721693
0.000793457
0.000615835
0.000621796
0.000744581
0.000594854
0.000734568
0.000682354
0.000695229
0.000738144
0.000852823
0.000665188
0.000722885
0.000719309
0.000730276
0.000658989
0.000861645
0.000725746
0.000761032
0.000789165
0.000776768
0.000668764
0.000674009
0.000640154
0.000806093
0.000590563
0.000747681
0.000710011
0.000714302
0.000629425
0.000717163
0.000672817
0.000679970
0.000593185
0.000612736
0.000787258
0.000772476
0.000857592
0.000714779
0.000720501
0.000769138
0.000861406
0.000597239
0.000691414
0.000828266
0.000635862
0.000808477
0.000792265
0.000620365
0.000661373
0.000748158
0.000638247
0.000818014
0.000720501
0.000958681
0.000611544
0.000799656
0.000723600
0.000713348
0.000742197
0.000722647
0.000740528
0.000707626
0.000725746
0.000710726
0.000718832
0.000807762
0.000616074
0.000667572
0.000670195
0.000690460
0.000597954
0.000724792
0.000669241
0.000685453
0.000604153
0.000724316
0.000646353
0.000660181
0.000660419
0.000655890
0.000613689
0.000693083
0.000746250
0.000771284
0.000760555
0.000748158
0.000657558
0.000724316
0.000841379
0.000810146
0.000744581
0.000777245
0.000714064
0.000739813
0.000689268
0.000692129
0.000656366
0.000731230
0.000640154
0.000738621
0.000677586
0.000737667
0.000621080
0.000700474
0.000790358
0.000725508
0.000626802
0.000678778
0.000692368
0.000689745
0.000722170
0.000627756
0.000705004
0.000642300
0.000706911
0.000633240
0.000768661
0.000635386
0.000602484
0.000684738
0.000620604
0.000681400
0.000605822
0.000712872
0.000607967
0.000692129
0.000597715
0.000653744
0.000689507
0.000691175
0.000667810
0.000594616
0.000603437
0.000586748
0.000649929
0.000605583
0.000606537
0.000674248
0.000779629
0.000660419
0.000804186
0.001409292
0.000670671
0.000987768
0.000609636
0.000896692
0.000586987
0.000631809
0.000919819
0.000658751
0.000774384
0.000703335
0.000773430
0.000617027
0.000803232
0.000583887
0.001001596
0.000624657
0.000942945
0.000704527
0.000741959
0.000580549
0.000761986
0.000644207
0.000641584
0.000593662
0.000660896
0.000580549
0.000779629
0.000605345
0.000731230
0.000580788
0.000766516
0.000594378
0.000723124
0.000584364
0.000683784
0.000584841
0.000693083
0.000584126
0.000791788
0.000650883
0.000759125
0.000610352
0.000874758
0.000820398
0.000857592
0.000793934
0.000695705
0.000602722
0.000846148
0.000924110
0.000722647
0.000914574
0.000724792
0.000654459
0.000817299
0.000946045
0.000728846
0.000640631
0.000864506
0.000758410
0.000611067
0.000731230
0.000774622
0.001097679
0.000662327
0.000888824
0.000919342
0.000626326
0.000697613
0.000817299
0.001012087
0.000736713
0.000620365
0.000860691
0.000805616
0.000943184
0.000635624
0.000741720
0.000824928
0.000677586
0.000826120
0.000881672
0.000642300
0.000709534
0.000866413
0.000871420
0.000844479
0.000624657
0.000801563
0.000686407
0.000698090
0.000664949
0.000672102
0.000682116
0.000631094
0.000713348
0.000618696
0.000666618
0.000619411
0.000678062
0.000607729
0.000635624
0.000599146
0.000698090
0.000576496
0.000799656
0.000583410
0.000669241
0.000590324
0.000716448
0.000787973
0.000757217
0.000829220
0.000624418
0.000746965
0.000757694
0.000670910
0.000671625
0.000709295
0.000666618
0.000797510
0.000693083
0.000738382
0.000704765
0.000865698
0.000641584
0.000744104
0.000747919
0.000697851
0.000681162
0.000792503
0.000653028
0.000686407
0.000867844
0.000642538
0.000631571
0.000647783
0.000522375
0.002341986
0.001286268
0.000857830
0.000675678
0.001018286
0.000798702
0.000724792
0.000926495
0.000669241
0.000719309
0.000689983
0.000791788
0.000613213
0.000890970
0.000668287
0.000701427
0.000638962
0.000757217
0.000624418
0.000712156
0.000586510
0.000770092
0.000666618
0.000788927
0.000732422
0.000730515
0.000735521
0.000684023
0.000817060
0.000828028
0.000800610
0.000687599
0.000746250
0.000616550
0.000886679
0.000633240
0.000811577
0.000583172
0.000803232
0.000583649
0.000783682
0.000588894
0.000787258
0.000580788
0.000746012
0.000644684
0.000705957
0.000576973
0.000731945
0.000592470
0.000756025
0.000619888
0.000701427
0.000573874
0.000721693
0.000599384
0.000765800
0.000675678
0.000750780
0.000671148
0.000739813
0.000586510
0.000562429
0.000760078
0.000678539
0.000730038
0.000733376
0.000658989
0.000738859
0.000567436
0.000713587
0.000657797
0.000834703
0.000595331
0.000725269
0.000598907
0.000821114
0.000728607
0.001025915
0.000838757
0.000750542
0.000688791
0.000665426
0.000868082
0.000627995
0.000700951
0.000654221
0.000723600
0.000673771
0.000709534
0.000612497
0.000693321
0.000698090
0.000858068
0.000745535
0.000718117
0.000744104
0.000748396
0.000931978
0.001130581
0.000699282
0.000648975
0.000790119
0.000783682
0.000738382
0.000832081
0.000608921
0.000761509
0.000822544
0.000788927
0.000619650
0.000730753
0.000746489
0.000730991
0.000721216
0.000685692
0.000665903
0.000663519
0.000777721
0.000780821
0.000765085
0.000686407
0.000744581
0.000774384
0.000677824
0.000725031
0.000717878
0.000701904
0.000755787
0.000718832
0.000694036
0.000661850
0.000769854
0.000695705
0.000725508
0.000708818
0.000701189
0.000708818
0.000702858
0.000649452
0.000737667
0.000721693
0.000731230
0.000762701
0.000627756
0.000674725
0.000701666
0.000693321
0.000701189
0.000680923
0.000696659
0.000719309
0.000669003
0.000692129
0.000747681
0.000741005
0.000785351
0.000737667
0.000706434
0.000736952
0.000632524
0.000775337
0.000681639
0.000700951
0.000625849
0.000728846
0.001175165
0.000914812
0.000755787
0.000661612
0.000884295
0.000770330
0.000689030
0.000585794
0.000581026
0.000690222
0.000681400
0.000582218
0.000593901
0.000643253
0.000727654
0.000573635
0.000681877
0.000804186
0.000665665
0.000685930
0.000715017
0.000713110
0.000742674
0.000660896
0.000780821
0.000679016
0.000766993
0.000643015
0.000811815
0.000649452
0.000688791
0.000667095
0.000741482
0.000733137
0.000667095
0.000722647
0.000667334
0.000705957
0.000674009
0.000684261
0.000739813
0.000724792
0.000711918
0.000602722
0.000602007
0.000585794
0.000648022
0.000608683
0.000646591
0.000605345
0.000720501
0.000590801
0.000616550
0.000587940
0.000716686
0.000593424
0.000662088
0.000588655
0.000662565
0.000602245
0.000623226
0.000594616
0.000708580
0.000566006
0.000693560
0.000586271
0.000982523
0.000680447
0.001001835
0.000843287
0.000792503
0.000596285
0.000666618
0.000637054
0.000680208
0.000662327
0.000622034
0.000590086
0.000594378
0.000665665
0.000601053
0.000737190
0.000614405
0.000840425
0.000712872
0.000761271
0.000624657
0.000697613
0.000691652
0.000784159
0.000652075
0.000851154
0.000625134
0.000795603
0.000598907
0.000715971
0.000603914
0.000778437
0.000614166
0.000733137
0.000628710
0.000643730
0.000696898
0.000643253
0.000660896
0.000607491
0.000630617
0.000651121
0.000657320
0.000596762
0.000634670
0.000692606
0.000709057
0.000721216
0.000648499
0.000670910
0.000642061
0.000680923
0.000638008
0.000721693
0.000644922
0.000694513
0.000599384
0.000707626
0.000579834
0.000744104
0.000679016
0.000800133
0.000670195
0.000677347
0.000591993
0.000601292
0.000595570
0.000667334
0.000622749
0.000622988
0.000582933
0.000570774
0.000690937
0.000577211
0.000754833
0.000604868
0.000670910
0.000592947
0.000790596
0.000706434
0.000601768
0.000652790
0.000654459
0.000673532
0.000787497
0.000593424
0.000597000
0.000609398
0.000638247
0.000641584
0.000679970
0.000600815
0.000588417
0.000590563
0.000619888
0.000673771
0.000734806
0.000722170
0.000815392
0.000644922
0.000633001
0.000780821
0.000878811
0.000777245
0.000641108
0.000640392
0.000811815
0.000799179
0.000635862
0.000685930
0.000670433
0.000691652
0.000735998
0.000752211
0.000640154
0.000671387
0.000678301
0.000720739
0.000681639
0.000641823
0.000778437
0.000701666
0.000677824
0.000793219
0.000638723
0.000728607
0.000687838
0.000719786
0.000639677
0.000716448
0.000769138
0.000649929
0.000745773
0.000687838
0.000689983
0.000667095
0.000981808
0.000715494
0.000614643
0.000625849
0.000689745
0.000607967
0.000623941
0.000709057
0.000751972
0.000596762
0.000637770
0.000614882
0.000624895
0.000582695
0.000678778
0.000673294
0.000578880
0.000602722
0.000751019
0.000577688
0.000724316
0.000594854
0.000671148
0.000609159
0.000590801
0.000581503
0.000746250
0.000590086
0.000677109
0.000853062
0.000660181
0.000594378
0.000726938
0.000594139
0.000736713
0.000610590
0.000623465
0.000596046
0.000668526
0.000660658
0.000635624
0.000811338
0.000595331
0.000577927
0.000792742
0.000658512
0.000601530
0.000625849
0.000694752
0.000589371
0.000735521
0.000625372
0.000950336
0.000662804
0.000669003
0.000613213
0.000726223
0.000669718
0.000724792
0.000595093
0.000744820
0.000597239
0.000891447
0.000627041
0.000831842
0.000611782
0.000889301
0.000707626
0.000775337
0.000705242
0.000757933
0.000750542
0.000725031
0.000721216
0.000706196
0.000716686
0.000651360
0.000739813
0.000737429
0.000774384
0.000669479
0.000661612
0.000572681
0.000718355
0.000582218
0.000679493
0.000678778
0.000694990
0.000680447
0.000755310
0.000683308
0.000672579
0.000673532
0.000653028
0.000671387
0.000586033
0.000595093
0.000702143
0.000695229
0.000689745
0.000684261
0.000762463
0.000601768
0.000672579
0.000712872
0.000667572
0.000680447
0.000753164
0.000681400
0.000670671
0.000668287
0.000638008
0.000695467
0.000577450
0.000630617
0.000693798
0.000639439
0.000648975
0.000615120
0.000704050
0.000553131
0.000750303
0.000658274
0.000689507
0.000630140
0.000687599
0.000665903
0.000665426
0.000806808
0.000795603
0.000666142
0.000746727
0.000760078
0.000835657
0.000783920
0.000699759
0.000746489
0.000693798
0.000781775
0.000683069
0.000865221
0.000679493
0.000770807
0.000672579
0.000788450
0.000599623
0.000704050
0.000593901
0.000753403
0.000659704
0.000634432
0.000664234
0.000676870
0.000576496
0.000812531
0.000586510
0.000697613
0.000800371
0.000575542
0.000633955
0.000604630
0.000788212
0.000602484
0.000721455
0.000588894
0.000683308
0.000642300
0.000735283
0.000855923
0.000587940
0.000699759
0.000623465
0.000706434
0.000660419
0.000612259
0.000648499
0.000598431
0.000697851
0.000733376
0.000684977
0.000735760
0.000741005
0.000820875
0.000611305
0.000650406
0.000714540
0.000603676
0.000596762
0.000611305
0.000597477
0.000625849
0.000631332
0.000569582
0.000622749
0.000586271
0.000744343
0.000586987
0.000622988
0.000579834
0.000642300
0.000585794
0.000826597
0.000721216
0.000677586
0.000736952
0.000715017
0.000763893
0.000823259
0.000624180
0.000754833
0.000730515
0.000793934
0.000698566
0.000640869
0.000688314
0.000674486
0.000881672
0.000705957
0.000776052
0.000667810
0.000773430
0.000665426
0.000833035
0.000749111
0.000683308
0.000780821
0.000798464
0.000979662
0.000641108
0.000692844
0.000649691
0.000586510
0.000617266
0.000667095
0.000584364
0.000687122
0.000594854
0.000656605
0.000705481
0.000669956
0.000656605
0.000645638
0.000579834
0.000654459
0.000701427
0.000579119
0.000626326
0.000658274
0.000729084
0.000583172
0.000806332
0.000590801
0.000755310
0.000589132
0.000756979
0.000599861
0.000721693
0.000677824
0.000604630
0.000585079
0.000651360
0.000676394
0.000673056
0.000598907
0.000667334
0.000659227
0.000577927
0.000662088
0.000733137
0.000707388
0.000674009
0.000596762
0.000694275
0.000656128
0.000672817
0.000667572
0.000602245
0.000703335
0.000667334
0.000678062
0.000578880
0.000577450
0.000669241
0.000741482
0.000602245
0.000672102
0.000667810
0.000597000
0.000658035
0.000629902
0.000690222
0.000863791
0.000616550
0.000698566
0.000603199
0.000607729
0.000660181
0.000683308
0.000644207
0.000712156
0.000642061
0.000685453
0.000681400
0.000675201
0.000591040
0.000678778
0.000588655
0.000652552
0.000708580
0.000582457
0.000597954
0.000686646
0.000764132
0.000713110
0.000614405
0.000729322
0.000602245
0.000749350
0.000629663
0.000681877
0.000644922
0.000703812
0.000648737
0.000667334
0.000697136
0.000654221
0.000691652
0.000832081
0.000669241
0.000727892
0.000673532
0.000753403
0.000650883
0.000803709
0.000654936
0.000723839
0.000643253
0.000756979
0.000653028
0.000793695
0.000645399
0.000724316
0.000820398
0.000580788
0.000559330
0.000546694
0.000439167
