0.001039505
0.000679493
0.000374794
0.000251055
0.000338078
0.000300169
0.000328064
0.000249386
0.000266552
0.000263453
0.000262260
0.000212669
0.000227451
0.000267029
0.000201464
0.000203609
0.000220299
0.000285149
0.000360489
0.000329256
0.000200748
0.000249624
0.000208139
0.000240564
0.000227213
0.000226498
0.000236511
0.000207186
0.000249624
0.000225306
0.000233650
0.000190258
0.000208855
0.000268698
0.000335693
0.000291586
0.000225544
0.000280857
0.000248671
0.000238657
0.000246763
0.000207663
0.000243902
0.000202656
0.000243902
0.000217676
0.000262022
0.000236750
0.000239372
0.000209332
0.000252247
0.000205278
0.000243187
0.000220299
0.000271559
0.000224113
0.000240564
0.000193596
0.000247955
0.000294209
0.000244379
0.000323772
0.000282526
0.000355721
0.000199795
0.000274897
0.000338793
0.000356197
0.000203133
0.000252008
0.000210285
0.000274181
0.000247478
0.000293255
0.000256777
0.000277519
0.000186920
0.000311375
0.000277281
0.000197887
0.000260115
0.000361681
0.000238657
0.000283480
0.000303507
0.000339746
0.000185013
0.000265837
0.000242233
0.000212431
0.000225067
0.000272274
0.000240088
0.000232697
0.000187159
0.000275850
0.000240803
0.000248909
0.000181913
0.000328302
0.000291348
0.000235558
0.000502586
0.000284672
0.000217199
0.000229359
0.000317574
0.000301600
0.000231743
0.000217915
0.000285387
0.000371933
0.000357628
0.000318050
0.000276327
0.000318050
0.000215054
0.000244379
0.000234127
0.000246048
0.000239611
0.000229359
0.000240088
0.000194311
0.000226021
0.000225544
0.000158787
