0.024810076
0.009330273
0.009583235
0.012801409
0.010271072
0.009365320
0.009329319
0.008977652
0.013455629
0.009366274
0.009327650
0.008958101
0.013132811
0.009451389
0.009315729
0.009032488
0.010608435
0.009354115
0.009319067
0.008971691
0.010335922
0.009365797
0.009326458
0.008959532
0.010648489
0.009334564
0.009330988
0.008960962
0.010603905
0.009373188
0.009327888
0.008983135
0.011745930
0.009397984
0.009334564
0.008967638
0.011321545
0.009343386
0.009324074
0.008981943
0.011415720
0.009373188
0.009311438
0.008969545
0.010479689
0.009352684
0.009314537
0.008958101
0.010385275
0.009341478
0.009328365
0.009041786
0.010479927
0.009353399
0.009322882
0.009034395
0.010486364
0.009360790
0.009338856
0.008988619
0.010768175
0.009368658
0.009328604
0.008977890
0.010576248
0.009350777
0.009327412
0.008992672
0.010516405
0.009380102
0.009365082
0.008989573
0.010539532
0.009389400
0.009350538
0.008977175
0.010783672
0.009337187
0.009366512
0.008958817
0.011286736
0.009390354
0.009327173
0.008988380
0.010457754
0.009361744
0.009331465
0.008974791
0.010623932
0.009352446
0.009330511
0.008989334
0.010360956
0.009374142
0.009316921
0.009000778
0.010581017
0.009355068
0.009330034
0.008976221
0.010236979
0.009378195
0.009313583
0.008974791
0.010265350
0.009355783
0.009330750
0.008995056
0.010547161
0.009346485
0.009861231
0.008986950
0.010264397
0.009345770
0.009312868
0.008979321
0.010879993
0.009361029
0.009392738
0.008980274
0.011386156
0.009381294
0.009337187
0.008981705
0.011454105
0.009375095
0.009348869
0.008987665
0.010171652
0.009364843
0.009325504
0.008987427
0.010494471
0.009357929
0.009346247
0.009030581
0.010382414
0.009349108
0.009336233
0.008995771
0.010679960
0.009378433
0.009338140
0.008987427
0.010407448
0.009362459
0.009344578
0.008992434
0.010618448
0.009350777
0.009350777
0.008978605
0.010358810
0.009381771
0.009369850
0.009000301
0.010496855
0.009356260
0.009337902
0.008987188
0.010294914
0.009354830
0.009330988
0.008971453
0.010662317
0.009358406
0.009358406
0.008991480
0.010624647
0.009340763
0.009342194
0.008988857
0.010538340
0.009350061
0.009350777
0.009011030
0.010722637
0.009381771
0.009336233
0.008976936
0.010241508
0.009370327
0.009353161
0.008991957
0.010683775
0.009362698
0.009346485
0.008975744
0.010554552
0.009359598
0.009336710
0.008994579
0.010418653
0.009393930
0.009325266
0.008994341
0.011246681
0.009383917
0.009343624
0.008984327
0.010435820
0.009349346
0.009326696
0.008992195
0.010235071
0.009363651
0.009345770
0.008998632
0.010673523
0.009366751
0.009326696
0.008996487
0.010376692
0.009378433
0.009337664
0.009001732
0.010562181
0.009372950
0.009346962
0.009000063
0.010312319
0.009385824
0.009363413
0.009140015
0.010499954
0.009384632
0.009358883
0.008990049
0.010391474
0.009394407
0.009344339
0.008993149
0.010539055
0.009367943
0.009351969
0.008984327
0.010317087
0.009378910
0.009340048
0.008989096
0.010425806
0.009380102
0.009347677
0.009017706
0.010610819
0.009363174
0.009360313
0.008976698
0.010554790
0.009383440
0.009415627
0.008990526
0.010572195
0.009379864
0.009367228
0.008989811
0.011192560
0.009378433
0.009328604
0.008983612
0.010664463
0.009369135
0.009333849
0.008980274
0.010430813
0.009387970
0.009349585
0.008996010
0.010384083
0.009373665
0.009346485
0.008981943
0.010180235
0.009393692
0.009337664
0.009006500
0.010560274
0.009483814
0.009338856
0.009019375
0.010637999
0.009382725
0.009351730
0.009008884
0.010364532
0.009473085
0.009336710
0.009020567
0.010149240
0.009389400
0.009351254
0.008995295
0.010214329
0.009389400
0.009332418
0.008993626
0.010801315
0.009391069
0.009334087
0.008996010
0.010439634
0.009370327
0.009337187
0.009031773
0.010533094
0.009409428
0.009376526
0.008987665
0.010517359
0.009368896
0.009382963
0.009023190
0.010225058
0.009372950
0.009339571
0.008992672
0.010411024
0.009367704
0.009335279
0.008990765
0.010478258
0.009385824
0.009358644
0.008984089
0.010414839
0.009371758
0.009328842
0.008996248
0.010533333
0.009371996
0.009331703
0.008986950
0.010449648
0.009370804
0.009325504
0.008984804
0.010546446
0.009377956
0.009323359
0.009014368
0.010442972
0.009391069
0.009348154
0.009005308
0.010592937
0.009407043
0.009339094
0.009002686
0.010566235
0.009387970
0.009335756
0.008997679
0.010419846
0.009364128
0.009346008
0.009020567
0.010678768
0.009362221
0.009360313
0.008988380
0.010459423
0.009367943
0.009346247
0.008996964
0.011244774
0.009391308
0.009346962
0.008995295
0.010538578
0.009360313
0.009345770
0.008982420
0.011408567
0.009368181
0.009337187
0.008988380
0.010639191
0.009387016
0.009412050
0.009050131
0.011042356
0.009396553
0.009337902
0.008981228
0.010619640
0.009394646
0.009335279
0.008983850
0.010347128
0.009372950
0.009341717
0.009001493
0.010273933
0.009458780
0.009341240
0.008988857
0.010533333
0.009386301
0.009347916
0.008978605
