0.099606752
0.083597898
0.082314253
0.091853857
0.080335140
0.081569433
0.084420681
0.083742619
0.082400322
0.080416441
0.079494715
0.084096432
0.078316927
0.080891371
0.083712339
0.080400467
0.081207991
0.085689068
0.085087299
0.077574253
0.082811594
0.077813148
0.078534842
0.082149029
0.079946041
0.079353094
0.076385260
0.087063313
0.083414078
0.080401897
0.085840702
0.082969904
0.081270933
0.083777428
0.080093861
0.075928450
0.080778360
0.079617739
0.079395056
0.078346968
0.078375101
0.080338001
0.087429762
0.080904007
0.077456713
0.079879045
0.079634428
0.080022812
0.079148293
0.079313278
0.081306219
0.078331232
0.080666304
0.079078197
0.078942537
0.079960346
0.084981203
0.080235004
0.082727194
0.082171679
0.077754021
0.076491833
0.078509808
0.079275846
0.078308105
0.077855110
0.079001188
0.079467297
0.080259323
0.078546762
0.079734802
0.079013824
0.083335876
0.077705383
0.079297066
0.081804037
0.079759836
0.083832026
0.080435514
0.077811718
0.084479332
0.083257437
0.082459927
0.081290483
0.080155849
0.083555698
0.080247641
0.080008030
0.084146023
0.080697298
0.080937386
0.088405371
0.079479218
0.080507755
0.084056616
0.085201263
0.080886126
0.078237772
0.082394123
0.079528570
