0.002906322
0.002304077
0.002283335
0.002313137
0.002290726
0.002290487
0.002274752
0.002281427
0.002283573
0.002281189
0.002275229
0.002281904
0.002287626
0.002293825
0.002273560
0.002286434
0.002292156
0.002282381
0.002280712
0.002284288
0.002283335
0.002284050
0.002283812
0.002288580
0.002292633
0.002294779
0.002286911
0.002299547
0.002300024
0.002300501
0.002277851
0.002299547
0.002286196
0.002286673
0.002281904
0.002307177
0.002314568
0.002300262
0.002280712
0.002290726
0.002297401
0.002288103
0.002285719
0.002286434
0.002290487
0.002287626
0.002276182
0.002285004
0.002304077
0.002300739
0.002282619
0.002290726
0.002285957
0.002286911
0.002280712
0.002287626
0.002285957
0.002286911
0.002292395
0.002297640
0.002290010
0.002300978
0.002279758
0.002284050
0.002299786
0.002287865
0.002294779
0.002288103
0.002286673
0.002273560
0.002285004
0.002334118
0.002320528
0.002326727
0.002301216
0.002304316
0.002291203
0.002296925
0.002317905
0.002357721
0.002319336
0.002305746
0.002303362
0.002325296
0.002315283
0.002310753
0.002334833
0.002308130
0.002319574
0.002308369
0.002306700
0.002330065
0.002303600
0.002325058
0.002315044
0.002322912
0.002317905
0.002291203
0.002333164
0.002310276
