0.019061327
0.009479046
0.009356976
0.009468079
0.009377956
0.009342432
0.009352922
0.009351015
0.009343386
0.009360552
0.009364605
0.009342194
0.009338617
0.009375572
0.009339809
0.009345531
0.009347916
0.009370327
0.009357929
0.009379148
0.009361506
0.009344816
0.009354353
0.009356737
0.009376526
0.009331942
0.009352684
0.009339809
0.009330750
0.009348869
0.009341955
0.009336948
0.009357214
0.009354115
0.009342909
0.009341002
0.009346724
0.009373903
0.009381533
0.009335279
0.009344816
0.009359121
0.009354830
0.009380579
0.009422779
0.009336472
0.009476185
0.009341717
0.009365320
0.009350538
0.009350300
0.009353876
0.009343863
0.009340525
0.009347677
0.009333372
0.009334803
0.009381771
0.009393930
0.009338379
0.009351492
0.009334564
0.009349108
0.009357691
0.009455442
0.009345531
0.009386063
0.009352684
0.009357691
0.009332657
0.009352684
0.009362936
0.009374619
0.009381771
0.009346008
0.009337902
0.009333849
0.009339809
0.009339333
0.009330034
0.009372234
0.009345293
0.009350538
0.009336948
0.009346247
0.009345293
0.009359837
0.009343386
0.009360313
0.009346008
0.009342670
0.009340525
0.009395361
0.009474754
0.009380341
0.009349346
0.009346724
0.009335279
0.009351492
0.009332180
0.009355068
0.009338856
0.009345293
0.009398937
0.009382010
0.009350777
0.009338617
0.009342670
0.009341240
0.009346962
0.009337902
0.009330988
0.009350061
0.009336472
0.009357214
0.009347677
0.009404182
0.009337425
0.009345055
0.009347916
0.009347916
0.009353399
0.009371519
0.009362221
0.009333134
0.009347677
0.009347677
0.009331942
0.009341717
0.009368896
0.009347916
0.009340525
0.009350300
0.009370804
0.009346008
0.009339571
0.009332180
0.009357214
0.009348154
0.009334803
0.009358406
0.009360552
0.009347916
0.009348869
0.009422064
0.009389162
0.009339333
0.009340763
0.009348631
0.009343863
0.009357691
0.009357214
0.009361267
0.009355307
0.009342432
0.009392262
0.009437799
0.009360313
0.009366751
0.009388924
0.009385586
0.009361029
0.009351492
0.009340763
0.009362459
0.009365320
0.009347916
0.009339809
0.009350538
0.009345770
0.009443521
0.009383678
0.009394407
0.009401798
0.009407282
0.009352446
0.009404898
0.009389639
0.009343147
0.009361267
0.009347677
0.009408474
0.009354830
0.009359837
0.009346485
0.009351730
0.009334803
0.009344578
0.009397984
0.009380341
0.009382486
0.009350777
0.009376049
0.009344816
0.009369135
0.009364843
0.009376526
0.009352207
0.009455919
0.009341002
0.009356499
0.009415150
0.009434223
0.009361506
0.009345293
0.009404182
0.009390116
0.009355068
0.009347916
0.009355068
0.009357214
0.009404182
0.009350538
0.009353399
0.009364605
0.009481192
0.009394169
0.009363174
0.009347439
0.009343863
0.009338617
0.009345531
0.009334326
0.009346485
0.009351254
0.009334564
0.009333372
0.009365797
0.009341240
0.009347677
0.009427547
0.009357691
0.009398937
0.009357214
0.009359121
0.009370804
0.009399652
0.009345293
0.009394407
0.009360075
0.009370089
0.009358406
0.009376526
0.009373665
0.009384394
0.009354591
0.009394169
0.009348392
0.009373426
0.009363174
0.009384155
0.009355307
0.009392500
0.009344339
0.009395599
0.009351015
0.009359121
0.009354830
0.009382010
0.009353399
0.009392977
0.009342670
0.009369135
0.009349823
0.009381533
0.009359360
0.009381533
0.009350300
0.009389400
0.009348631
0.009361267
0.009350061
0.009363413
0.009350777
0.009388208
0.009355068
0.009379387
0.009346962
0.009349823
0.009352207
0.009388685
0.009351492
0.009369135
0.009342670
0.009394407
0.009355307
0.009376049
0.009364605
0.009353876
0.009347677
0.009382248
0.009368181
0.009386539
0.009390593
0.009347200
0.009345055
0.009388924
0.009344578
0.009403706
0.009368658
0.009372234
0.009346008
0.009377003
0.009356499
0.009365082
0.009359360
0.009397745
0.009343624
0.009389639
0.009351969
0.009372950
0.009367704
0.009366035
0.009354830
0.009365559
0.009386778
0.009348154
0.009362698
0.009352922
0.009348869
0.009359360
0.009358168
0.009352446
0.009346485
0.009361267
0.009351492
0.009359837
0.009332180
0.009392262
0.009359598
0.009358883
0.009348392
0.009383202
0.009362698
0.009380579
0.009363174
0.009346008
0.009359598
0.009349823
0.009347916
0.009398699
0.009356737
0.009356499
0.009356499
0.009369850
0.009347439
0.009393930
0.009348154
0.009380102
0.009352207
0.009356976
0.009390116
0.009385586
0.009361744
0.009382963
0.009354353
0.009355307
0.009381771
0.009367943
0.009345055
0.009356976
0.009341955
0.009374857
0.009358406
0.009351730
0.009364367
0.009346247
0.009344339
0.009364128
0.009343863
0.009350061
0.009346485
0.009341955
0.009342432
0.009340048
0.009345770
0.009340048
0.009360790
0.009343624
0.009359598
0.009348869
0.009354591
0.009341955
0.009343147
0.009344578
0.009337664
0.009397984
0.009341955
0.009345293
0.009342670
0.011271954
0.010028601
0.009398222
0.009381533
0.009433031
0.009349823
0.009343624
0.009380102
0.009355783
0.009381533
0.009344816
0.009345055
0.009366274
0.009352207
0.009351969
0.009346962
0.009359837
0.009343863
0.009345770
0.009346008
0.009352684
0.009345770
0.009330511
0.009349823
0.009366512
0.009379387
0.009344578
0.009367943
0.009333611
0.009344339
0.009341478
0.009349346
0.009343147
0.009334803
0.009347677
0.009334803
0.009329796
0.009349108
0.009349585
0.009333849
0.009345770
0.009363413
0.009339333
0.009361506
0.009341002
0.009345770
0.009343624
0.009346247
0.009341717
0.009350538
0.009355783
0.009382486
0.009341478
0.009344339
0.009346247
0.009374619
0.009343386
0.009342909
0.009341478
0.009352446
0.009346962
0.009362698
0.009348154
0.009353876
0.009366512
0.009373426
0.009348631
0.009343624
0.009362936
0.009352446
0.009370327
0.009345531
0.009342194
0.009342670
0.009359598
0.009343147
0.009346724
0.009349823
0.009367466
0.009355545
0.009363651
0.009347916
0.009346008
0.009341240
0.009350061
0.009353876
0.009361506
0.009340286
0.009390354
0.009343863
0.009364605
0.009340048
0.009418726
0.009401560
0.009638786
0.009388208
0.009454727
0.009433031
0.009390593
0.009397984
0.009336710
0.009350300
0.009363174
0.009341717
0.009438038
0.009339333
0.009350300
0.009346247
0.009340048
0.009346962
0.009407043
0.009402514
0.009342432
0.009361029
0.009349585
0.009366751
0.009349823
0.009353876
0.009421349
0.009428740
0.009399414
0.009356022
0.009395123
0.009359360
0.009335995
0.009347200
0.009342432
0.009337187
0.009346962
0.009329557
0.009338856
0.009344101
0.009344816
0.009332657
0.009347200
0.009357214
0.009339571
0.009353399
0.010026217
0.009424210
0.009567022
0.009353638
0.009358644
0.009395838
0.009340763
0.009343147
0.009395838
0.009367704
0.009350061
0.009389162
0.009341478
0.009442091
0.009389162
0.009398937
0.009392738
0.009337664
0.009341478
0.009365559
0.009348631
0.009339571
0.009400606
0.009356737
0.009360075
0.009342909
0.009369850
0.009348392
0.009353161
0.009346724
0.009340286
0.009349585
0.009366512
0.009363413
0.009335041
0.009347439
0.009351015
0.009351730
0.009344101
0.009351492
0.009357929
0.009349585
0.009366989
0.009351969
0.009367704
0.009334326
0.009368181
0.009350061
0.009341240
0.009351730
0.009353638
0.009342909
0.009350777
0.009348392
0.009354830
0.009349585
0.009359837
0.009342909
0.009368896
0.009350777
0.009357214
0.009384632
0.009346485
0.009348392
0.009366512
0.009350777
0.009363174
0.009342194
0.009355068
0.009355783
0.009387732
0.009341240
0.009355307
0.009357691
0.009347677
0.009343863
0.009349108
0.009365082
0.009331942
0.009355545
0.009359360
0.009344578
0.009347916
0.009381056
0.009344816
0.009350777
0.009346724
0.009353638
0.009347200
0.009349823
0.009353161
0.009343863
0.009344816
0.009353161
0.009355783
0.009347677
0.009346008
0.009351015
0.009350300
0.009353399
0.009380102
0.009349585
0.009350777
0.009329319
0.009348392
0.009346247
0.009362459
0.009349585
0.009349108
0.009344578
0.009360552
0.009359360
0.009342432
0.009350061
0.009343863
0.009344578
0.009345055
0.009356976
0.009340525
0.009332180
0.009356499
0.009356737
0.009341955
0.009343147
0.009343863
0.009345531
0.009361982
0.009346962
0.009352446
0.009352684
0.009344339
0.009344578
0.009343386
0.009344816
0.009340763
0.009334087
0.009347677
0.009352207
0.009356499
0.009346247
0.009359360
0.009359121
0.009339094
0.009344101
0.009347677
0.009350061
0.009336472
0.009341240
0.009353399
0.009345531
0.009345531
0.009334803
0.009346247
0.009343624
0.009347439
0.009358406
0.009346008
0.009351015
0.009337902
0.009345531
0.009340763
0.009338856
0.009349346
0.009352684
0.009341717
0.009345531
0.009349108
0.009334326
0.009336948
0.009343386
0.009358406
0.009340286
0.009349823
0.009346485
0.009362221
0.009354830
0.009356022
0.009344816
0.009338140
0.009344816
0.009348631
0.009339571
0.009352446
0.009345531
0.009343147
0.009342670
0.009351969
0.009349108
0.009339571
0.009330988
0.009341955
0.009354353
0.009343386
0.009374380
0.009364843
0.009342670
0.009348869
0.009343624
0.009395838
0.009353399
0.009351492
0.009342194
0.009372711
0.009351492
0.009373426
0.009356737
0.009363890
0.009355307
0.009348392
0.009353876
0.009352922
0.009346008
0.009359598
0.009346962
0.009339094
0.009342670
0.009348631
0.009359598
0.009362936
0.009368420
0.009348154
0.009330034
0.009341240
0.009358644
0.009374857
0.009336233
0.009350061
0.009379864
0.009378195
0.009327412
0.009344339
0.009347916
0.009349346
0.009342670
0.009341955
0.009371281
0.009350538
0.009379864
0.009377480
0.009350538
0.009358883
0.009368658
0.009342432
0.009375095
0.009343624
0.009355068
0.009349823
0.009349108
0.009343147
0.009397268
0.009354353
0.009340286
0.009354115
0.005807161
0.010029793
0.009712458
0.009368658
0.009396791
0.009372473
0.009344339
0.009351015
0.009340286
0.009340525
0.009347677
0.009374857
0.009343386
0.009334564
0.009360313
0.009393692
0.009374857
0.009359837
0.009388208
0.009389877
0.009353876
0.009357929
0.009350538
0.009354591
0.009353638
0.009350300
0.009349585
0.009355783
0.009339333
0.009338140
0.009356022
0.009357691
0.009350777
0.009360790
0.009343863
0.009331942
0.009384871
0.009348631
0.009356260
0.009356976
0.009347916
0.009345055
0.009355783
0.009349346
0.009338856
0.009355307
0.009334564
0.009345293
0.009341955
0.009355783
0.009351969
0.009342909
0.009372234
0.009354353
0.009360790
0.009352207
0.009383917
0.009341955
0.009349108
0.009333134
0.009347200
0.009344339
0.009347200
0.009349585
0.009381294
0.009388208
0.009349108
0.009335041
0.009345770
0.009345055
0.009343147
0.009321690
0.009342194
0.009348631
0.009360075
0.009352684
0.009350061
0.009344101
0.009347916
0.009343863
0.009388924
0.009346962
0.009362698
0.009362459
0.009356737
0.009350538
0.009384155
0.009369850
0.009340763
0.009341717
0.009347200
0.009377956
0.009348631
0.009349585
0.009345293
0.009356260
0.009350300
0.009350300
0.009354591
0.009355068
0.009362698
0.009352207
0.009338617
0.009352446
0.009349585
0.009350061
0.009343863
0.009355068
0.009356022
0.009354830
0.009343624
0.009352922
0.009354115
0.009351015
0.009358406
0.009358644
0.009364843
0.009351969
0.009351492
0.009365797
0.009351969
0.009336472
0.009361029
0.009365082
0.009367228
0.009339571
0.009334326
0.009349346
0.009352922
0.009369373
0.009350777
0.009362221
0.009340048
0.009334326
0.009362936
0.009336233
0.009359837
0.009355307
0.009352207
0.009359121
0.009345055
0.009362698
0.009360552
0.009348154
0.009356976
0.009359837
0.009346485
0.009364367
0.009356737
0.009350300
0.009348154
0.009352207
0.009352684
0.009390593
0.009346724
0.009351254
0.009355783
0.009342432
0.009357691
0.009352446
0.009344578
0.009344101
0.009346247
0.009346247
0.009349585
0.009357452
0.009362221
0.009356022
0.009341478
0.009336948
0.009344816
0.009343624
0.009338856
0.009351730
0.009359121
0.009348631
0.009345770
0.009363890
0.009376764
0.009351254
0.009354115
0.009349108
0.009344578
0.009344101
0.009339809
0.009361029
0.009343147
0.009333611
0.009348869
0.009356022
0.009347200
0.009337187
0.009354591
0.009352446
0.009363890
0.009354591
0.009342432
0.009365797
0.009348631
0.009354353
0.009356976
0.009349108
0.009351730
0.009353638
0.009348869
0.009356260
0.009356022
0.009360552
0.009352922
0.009356499
0.009344816
0.009359598
0.009345531
0.009392500
0.009356737
0.009339809
0.009344816
0.009372711
0.009374142
0.009342909
0.009343863
0.009346008
0.009364367
0.009338856
0.009361267
0.009341478
0.009348869
0.009353399
0.009366512
0.009358168
0.009354353
0.009367943
0.009345055
0.009358883
0.009351015
0.009354830
0.009339094
0.009362221
0.009349108
0.009368896
0.009353876
0.009352922
0.009359121
0.009354591
0.009365797
0.009347200
0.009357929
0.009376287
0.009346724
0.009360790
0.009364128
0.009360552
0.009363651
0.009360075
0.009346724
0.009372950
0.009345293
0.009356499
0.009342909
0.009348154
0.009364605
0.009355545
0.009343624
0.009354115
0.009361744
0.009368896
0.009351730
0.009346962
0.009366035
0.009356976
0.009343386
0.009369612
0.009351015
0.009355783
0.009347439
0.009361267
0.009351969
0.009388685
0.009344578
0.009371042
0.009351015
0.009347916
0.009361982
0.009366035
0.009352207
0.009350538
0.009351969
0.009380817
0.009369135
0.009349585
0.009356022
0.009367704
0.009354115
0.009356499
0.009349108
0.009358883
0.009348392
0.009351730
0.009350061
0.009362698
0.009352207
0.009348392
0.009363651
0.009361744
0.009352446
0.009350777
0.009353161
0.009365559
0.009349346
0.009355068
0.009345055
0.009363651
0.009355068
0.009347677
0.009338617
0.009357929
0.009358644
0.009349108
0.009342909
0.009347916
0.009362459
0.009343147
0.009339333
0.009357452
0.009348154
0.009346485
0.009364128
0.009381294
0.009353161
0.009354115
0.009350300
0.009379387
0.009338379
0.009357214
0.009349823
0.009359598
0.009342670
0.009357691
0.009360313
0.009333849
0.009346724
0.009369373
0.009347677
0.009358168
0.009331465
0.009347439
0.009342670
0.009368420
0.009345293
0.009359360
0.009344339
0.009346008
0.009355307
0.009349585
0.009341240
0.009329796
0.009346962
0.009353161
0.009363890
0.009367704
0.009356976
0.009361267
0.009349346
0.009349346
0.009344578
0.009348154
0.009346008
0.009364605
0.009351969
0.009369373
0.009357214
0.009355068
0.009343863
0.009380817
0.009347677
0.009349585
0.009340525
0.009343863
0.009361267
0.009346485
0.009346247
0.009357929
0.009342194
0.009350300
0.009348869
0.009366035
0.009349823
0.009348392
0.009340286
0.009343386
0.009342432
0.005817652
