0.002822399
0.002515316
0.002400637
0.002309799
0.002307653
0.002327919
0.002334595
0.002321720
0.002285957
0.002283335
0.002320290
0.002319336
0.002302170
0.002290487
0.002289772
0.002295017
0.002283573
0.002286673
0.002284288
0.002284288
0.002283812
0.002276659
0.002284050
0.002283573
0.002279282
0.002294064
0.002292156
0.002297401
0.002295256
0.002289295
0.002279997
0.002283096
0.002281427
0.002281904
0.002280951
0.002282858
0.002281904
0.002285242
0.002282143
0.002282381
0.002282381
0.002282143
0.002278566
0.002279043
0.002281904
0.002277851
0.002281904
0.002277851
0.002279758
0.002286434
0.002279758
0.002277851
0.002286673
0.002279997
0.002280712
0.002278805
0.002278805
0.002283573
0.002284765
0.002279520
0.002279043
0.002280951
0.002276659
0.002288342
0.002284527
0.002281189
0.002282619
0.002277374
0.002281189
0.002282619
0.002267838
0.002290964
0.002280235
0.002279282
0.002278805
0.002276897
0.002280951
0.002280474
0.002283812
0.002279043
0.002289057
0.002280474
0.002279997
0.002279520
0.002282143
0.002278566
0.002281427
0.002289534
0.002285242
0.002279520
0.002275229
0.002285480
0.002281427
0.002278805
0.002279997
0.002279520
0.002280474
0.002269506
0.002273798
0.002269745
