0.067759275
0.030174971
0.031032085
0.030957222
0.030795813
0.030836582
0.030865431
0.031035423
0.032409430
0.019165516
0.030905008
0.032076120
0.033012629
0.032964945
0.031481266
0.030880928
0.030751705
0.030747175
0.030721188
0.013406754
0.030144453
0.032206774
0.030946732
0.030855894
0.030943632
0.030824423
0.030910254
0.030861139
0.032680988
0.014171362
0.030810356
0.033137798
0.033130407
0.032816410
0.031961441
0.030759573
0.030925274
0.031315804
0.030891657
0.013239861
0.030782700
0.030795097
0.030990601
0.030800819
0.030831337
0.030796051
0.030719042
0.031090736
0.032176018
0.013890028
0.030070066
0.030450583
0.031079054
0.031185150
0.032871723
0.032994270
0.032838583
0.032798290
0.032764435
0.014119148
0.030456305
0.030096292
0.031118631
0.030941486
0.030975342
0.030950069
0.030867100
0.032707453
0.032831669
0.014271498
0.030497551
0.032386541
0.033638239
0.032523155
0.030765772
0.031024456
0.030728102
0.030810356
0.030845881
0.013344288
0.030886650
0.030271053
0.031221628
0.031038523
0.030952215
0.031042576
0.030801296
0.032721519
0.032840014
0.014199018
0.030660391
0.032558918
0.033100605
0.032641411
0.030886412
0.030917883
0.030648470
0.030793667
0.030757666
0.013163567
0.030698776
0.033670664
0.034651279
0.034650087
0.034578800
0.034559727
0.034330606
0.032142401
0.030870199
0.013315201
0.030570745
0.030346870
0.030956745
0.030795336
0.031245470
0.032568216
0.032656908
0.032675266
0.032439947
0.014126539
0.031684160
0.032221556
0.031239986
0.030750513
0.030813217
0.030932188
0.030786753
0.031327009
0.032411337
0.013971806
0.030809641
0.033303022
0.033532381
0.033102274
0.031841278
0.030906200
0.030670404
0.030830622
0.030823469
0.013285637
0.030770302
0.032187700
0.032862425
0.032790899
0.032729864
0.032521963
0.032529593
0.032546043
0.031047821
0.013241291
0.030210018
0.030299664
0.031267405
0.031168222
0.031636238
0.032984495
0.032671928
0.032793045
0.032606602
0.014219046
0.030236483
0.032308817
0.031229258
0.030963182
0.030826569
0.030858994
0.030817747
0.030766010
0.032386541
0.014146090
0.030356646
0.032749176
0.032921076
0.032608986
0.032707453
0.031080723
0.030815601
0.030817032
0.030836821
0.013412476
0.030393362
0.032718897
0.031621933
0.030791759
0.030792713
0.030973673
0.030696869
0.030697584
0.031193018
0.013999701
0.030176878
0.030779839
0.030884981
0.030842066
0.030793905
0.031452656
0.032826185
0.032836199
0.032832384
0.014157534
0.031457424
0.034106731
0.032720804
0.030903101
0.030894518
0.030806065
0.030687332
0.030932188
0.031005859
0.014155149
0.030117035
0.030686140
0.031008482
0.030880690
0.030692577
0.031164169
0.032374620
0.032438755
0.032427311
0.013942003
0.030380487
0.031849384
0.032209635
0.030997038
0.030801773
0.030796766
0.030718565
0.030706167
0.030657768
0.014090538
0.030152559
0.030756712
0.030818224
0.030816317
0.030833960
0.030791998
0.032561302
0.032997847
0.032891989
0.014158726
0.030740023
0.032472610
0.032825708
0.031326056
0.031215906
0.030689716
0.030853271
0.030759096
0.030803204
0.013160467
0.031734943
0.030301332
0.031331062
0.030881166
0.030950546
0.031029701
0.030878067
0.031002045
0.032409430
0.014013290
0.030150414
0.032480240
0.033377886
0.032866955
0.032371998
0.030705929
0.030785561
0.030890465
0.030824184
0.013322115
0.030281782
0.032172441
0.031284809
0.031114340
0.030801773
0.031047821
0.030997038
0.030787468
0.032069921
0.014068365
0.030627489
0.032973766
0.033644438
0.033549547
0.033266544
0.030955791
0.030786991
0.030871391
0.030821085
0.013283253
0.030544043
0.032119513
0.032814503
0.032635927
0.032682419
0.032564878
0.032421589
0.032468081
0.031124353
0.013386726
0.030395269
0.030766726
0.030858755
0.030780792
0.030895710
0.031591892
0.032615185
0.032754660
0.032656908
0.014046431
0.030175924
0.032592058
0.033365726
0.032906055
0.032853842
0.032910109
0.032685041
0.032720804
0.031017542
0.013173580
0.030416012
0.030821562
0.030879974
0.030947685
0.031022072
0.031657934
0.032992840
0.032750368
0.032593012
0.014054775
0.030469656
0.032407999
0.032746553
0.030928135
0.030802488
0.030790329
0.030851126
0.030756712
0.031062603
0.013272524
0.030209541
0.030844688
0.030909061
0.030945778
0.031136036
0.030976534
0.031224966
0.032582760
0.032717466
0.014105082
0.030715466
0.033082724
0.033446789
0.031931639
0.030921936
0.030660629
0.030875921
0.030751944
0.030803919
0.013228655
0.030324936
0.030445099
0.031232595
0.031048298
0.031104803
0.030929565
0.030788422
0.032831669
0.033019781
0.014333010
0.030943871
0.032995462
0.033552885
0.032848597
0.030862808
0.030866146
0.030664444
0.030955076
0.030820847
0.013372660
0.030414104
0.030389786
0.030997038
0.030827522
0.030940056
0.030924559
0.030789614
0.032187462
0.032736540
0.014157534
0.030860662
0.032600641
0.033017874
0.032819510
0.030838966
0.030862331
0.030888319
0.030950785
0.030619621
0.013186693
0.030663013
0.030826330
0.030971766
0.030724764
0.030777693
0.030796528
0.030724764
0.032190323
0.033136845
0.014372349
0.030199528
0.032466173
0.033216238
0.033010721
0.031244040
0.030729294
0.030992508
0.030867815
0.030906200
0.013312817
0.031669617
0.031923056
0.031104565
0.030903339
0.030820131
0.030810595
0.030742645
0.030761003
0.031315088
0.014000654
0.030154943
0.032648802
0.033113956
0.033018827
0.032874823
0.031048298
0.030802250
0.030891180
0.030946016
0.013146877
0.030629396
0.033177853
0.032935858
0.030984640
0.030844927
0.030759573
0.030764818
0.030596018
0.030778885
0.013446808
0.030082703
0.030674696
0.030879736
0.030916929
0.030917883
0.030825615
0.032163858
0.033054352
0.033039808
0.014166594
0.030896664
0.033023596
0.033494473
0.031286716
0.030715227
0.030978203
0.030914068
0.030844927
0.030975819
0.013100863
0.030147791
0.030962944
0.030992031
0.030886650
0.030893087
0.030722618
0.031169891
0.032352209
0.032383204
0.013959646
0.031010151
0.034723520
0.034646034
0.034085035
0.030942678
0.030940294
0.030693769
0.030861616
0.030991316
0.013224840
0.030759573
0.030203342
0.031050205
0.031077147
0.030881405
0.030815363
0.030751944
0.032770395
0.032866478
0.014156818
0.032080889
0.032433987
0.032736778
0.032593489
0.030838490
0.030948400
0.030782700
0.030739307
0.030638695
0.013292313
0.030598640
0.030772209
0.030898333
0.030849457
0.030860424
0.030763626
0.030767679
0.031585693
0.032578707
0.014036894
0.030237913
0.033113480
0.033482552
0.033028603
0.031107664
0.030700922
0.030831814
0.030925035
0.030874491
0.013200998
0.030324221
0.030749321
0.030907393
0.030834675
0.030894756
0.031205654
0.030774355
0.030719280
0.032516479
0.014128208
0.030373812
0.032914877
0.033066034
0.033118486
0.032593250
0.030828476
0.030919313
0.030813217
0.030971289
0.013246775
0.030509233
0.032314777
0.031039953
0.030997515
0.030928850
0.030747652
0.030619383
0.030730724
0.031328440
0.014017105
0.030273914
0.032719612
0.033018351
0.032672882
0.032702923
0.031218767
0.030782700
0.030886173
0.030754805
0.013432980
0.030901909
0.032572746
0.033683062
0.033589125
0.033370733
0.033440828
0.033310652
0.033348322
0.030869484
0.013204813
0.030245781
0.030652046
0.030905485
0.030777931
0.031123877
0.032682419
0.032609224
0.032703161
0.032482386
0.014274120
0.031600714
0.033348322
0.031421423
0.030915260
0.031129360
0.030665874
0.030820131
0.030876160
0.032967329
0.014327049
0.030215502
0.032396078
0.032683611
0.032584429
0.032299280
0.030778170
0.030905008
0.030759335
0.030778408
0.013172388
0.030673027
0.034732580
0.031155109
0.030760527
0.030665874
0.030808210
0.030936241
0.030810118
0.031537533
0.014246941
0.030794859
0.030776262
0.031003237
0.030985117
0.030916691
0.030812502
0.032254219
0.032883167
0.032675743
0.014054060
0.030475378
0.030786753
0.031017065
0.033030272
0.032941580
0.033169746
0.032879591
0.032913685
0.032870054
0.013460636
0.030585766
0.030909538
0.031014204
0.030743361
0.030985832
0.030804873
0.030736446
0.031977654
0.032930851
0.014197350
0.030461073
0.032205820
0.033359766
0.032957077
0.031364679
0.030741215
0.030738115
0.030889034
0.030828953
0.013291836
0.030809402
0.033370495
0.031446695
0.030849934
0.030838490
0.030841827
0.030582666
0.030691624
0.032770872
0.014207125
0.030398369
0.030909061
0.030958652
0.030862570
0.030715466
0.031189203
0.032476664
0.032561779
0.032554150
0.014056206
0.030183315
0.032674074
0.031535864
0.030852556
0.030728102
0.030785084
0.030642986
0.030758142
0.031251907
0.013948679
0.031355619
0.034163713
0.034500122
0.034590006
0.034471989
0.031193495
0.030861139
0.030787706
0.030732393
0.013265848
0.031185389
0.033955097
0.032054663
0.030845642
0.030880690
0.031180382
0.030841112
0.030910969
0.030893087
0.013996124
0.030305147
0.030662775
0.031044960
0.030974388
0.030870914
0.030917406
0.032893181
0.033212900
0.033179522
0.014225483
0.030290127
0.030500650
0.031347275
0.031664610
0.031827211
0.031616449
0.031449080
0.031556129
0.031754494
0.014546871
0.030336857
0.030779839
0.030872822
0.031045675
0.030749559
0.030868292
0.032230139
0.033004284
0.032932520
0.014229536
0.031338215
0.034581661
0.034664154
0.031024694
0.030766010
0.030900955
0.030876637
0.030841351
0.030743837
0.013329268
0.030194998
0.030821800
0.031183243
0.030965328
0.030914068
0.030825138
0.032928228
0.032963276
0.033040762
0.014222145
0.030499935
0.034785748
0.034652948
0.031682730
0.030784607
0.030854464
0.030933619
0.030724287
0.030694246
0.013438225
0.030184507
0.030949354
0.031248331
0.030948400
0.030827284
0.030848503
0.030720711
0.031940222
0.032948971
0.014168262
0.030819178
0.033109426
0.033511639
0.031353951
0.030906677
0.030772448
0.030917168
0.031026602
0.030987978
0.013345242
0.030556679
0.030790567
0.030908108
0.030951023
0.030916691
0.030880213
0.031182051
0.032126188
0.033556223
0.014422178
0.031577349
0.034389496
0.034865618
0.033762932
0.030733347
0.030808687
0.030854702
0.031055689
0.030721903
0.013144255
0.030851841
0.030520439
0.030843973
0.030763388
0.030910492
0.030951500
0.030805826
0.030779839
0.033206940
0.014458656
0.032209873
0.032800913
0.033227921
0.032664299
0.032650232
0.031196833
0.030812502
0.030865908
0.030685663
0.013264894
0.032101870
0.032271385
0.031188250
0.030795097
0.030771732
0.030874729
0.030727863
0.031088829
0.032276869
0.014559984
0.030654192
0.030989408
0.031021357
0.030876875
0.030780077
0.030878782
0.032795191
0.032798290
0.032930851
0.014341116
0.030497551
0.031759977
0.033281088
0.034597635
0.034626961
0.034708977
0.034293413
0.034403801
0.034012794
0.013372660
0.030487537
0.030855179
0.031055689
0.030874252
0.030844688
0.030629158
0.032892466
0.032885313
0.032863855
0.014029980
0.030436754
0.033414364
0.033240795
0.030948639
0.030985355
0.030871391
0.030803680
0.030738831
0.030855656
0.013605595
0.030239820
0.030516148
0.031196594
0.030919313
0.030970812
0.030868769
0.031951904
0.033177137
0.032902241
0.014304161
0.030164242
0.033135414
0.033022165
0.031188011
0.031007767
0.030788422
0.030979633
0.030822515
0.030792475
0.013470411
0.030731678
0.030695677
0.031047821
0.030886889
0.030874014
0.032094955
0.033146381
0.033141375
0.032937050
0.014396191
0.030997753
0.034076214
0.032305717
0.030827999
0.030886173
0.031066895
0.030946016
0.030839920
0.030950546
0.014448643
0.030218124
0.031090021
0.030948639
0.030879021
0.030833721
0.031586170
0.032863855
0.032917738
0.032781601
0.014252186
0.030194759
0.032351255
0.033839226
0.034522533
0.034616709
0.034445286
0.034316301
0.034304142
0.031195164
0.013225079
0.030232906
0.030752659
0.030932188
0.030768633
0.030714750
0.031151295
0.032413006
0.032388687
0.032725334
0.014085770
0.030384541
0.032527208
0.033753157
0.033289433
0.033031464
0.033015728
0.032900095
0.032890558
0.033318281
0.013435125
0.030389309
0.030771017
0.030931234
0.031001329
0.030797482
0.031910896
0.033257961
0.033003092
0.033051252
0.014292955
0.030985355
0.034671068
0.031230211
0.030722141
0.030890942
0.031089067
0.030669928
0.030747414
0.030917406
0.013584614
0.030062914
0.030864716
0.031003714
0.030838013
0.031011343
0.030718327
0.032607317
0.032894611
0.032792568
0.014143944
0.031215429
0.033068419
0.032861471
0.030994892
0.030992985
0.030675650
0.030761003
0.030889988
0.030833244
0.013761997
