0.391946554
0.349474192
0.350443363
0.361439943
0.349870443
0.364586353
0.347747564
0.357469320
0.352985382
0.355943918
0.368424654
0.354972601
0.354851961
0.365169048
0.359305382
0.356573105
0.353375912
0.351109028
0.352204084
0.360532761
0.359070063
0.359379292
0.351729870
0.353307009
0.347965956
0.351325035
0.355375767
0.351134539
0.365447998
0.355871201
0.352568388
0.368490696
0.354342461
0.349248171
0.359549761
0.354395628
0.350924253
0.353990078
0.364827156
0.359961271
0.350558758
0.355062008
0.350193501
0.353972912
0.353533506
0.350459814
0.351741314
0.353617907
0.360484123
0.352870703
0.354557514
0.351814508
0.354848862
0.352569342
0.357361794
0.350176811
0.360070229
0.363416195
0.374820709
0.352702379
0.354065180
0.351907015
0.350819826
0.360043764
0.348341703
0.352183342
0.352311611
0.352705479
0.349047899
0.365862608
0.353456974
0.357396841
0.360836029
0.352030039
0.364010811
0.361638546
0.355907440
0.350920439
0.354228020
0.356720686
0.359732151
0.351042986
0.355771542
0.355384111
0.354293108
0.369855404
0.355980396
0.360301256
0.353461027
0.359225512
0.369092226
0.351400375
0.363147497
0.372923851
0.354392290
0.364108086
0.361854792
0.354948044
0.358275890
0.357932091
