0.009158134
0.008794069
0.008892298
0.008969784
0.009002447
0.009155035
0.009119511
0.009175301
0.009137869
0.009180546
0.009200811
0.009216785
0.009160995
0.009133339
0.009124279
0.008975983
0.008683681
0.008898020
0.008816242
0.008733749
0.008729458
0.008891582
0.008888960
0.008716106
0.008714676
0.008746624
0.008821964
0.008713484
0.008676052
0.008726120
0.008805752
0.008731842
0.008726597
0.008707047
0.008723497
0.008723021
0.008688927
0.008736610
0.008997917
0.009099007
0.009154797
0.009233952
0.009194613
0.009183407
0.009163141
0.009135008
0.009096622
0.009160995
0.009207010
0.009207249
0.009171247
0.009158850
0.009144068
0.009129524
0.009122133
0.009163618
0.009083986
0.009089708
0.009196281
0.009104729
0.009797096
0.009898901
0.009992599
0.009933710
0.010000467
0.009977818
0.009997368
0.009967804
0.010009527
0.009999990
0.009975433
0.009943724
0.009918213
0.009926558
0.009907007
0.009904861
0.009910822
0.009876013
0.009955406
0.009987593
0.008832216
0.008689642
0.008764744
0.008723021
0.008672476
0.008734226
0.008788586
0.008724451
0.008701324
0.008802414
0.008721113
0.008777857
0.008745670
0.008730173
0.008785248
0.008756876
0.008717775
0.008731842
0.008838654
0.008801937
