0.038487434
0.004715204
0.004124165
0.004164219
0.004094601
0.004119635
0.004094362
0.004127741
0.004042625
0.004040003
0.004054546
0.004116535
0.004088163
0.004199028
0.004149437
0.004065752
0.004124641
0.004075527
0.004153728
0.004073858
0.004131794
0.004084826
0.004139185
0.004079103
0.004118443
0.004086971
0.004092693
0.004060745
0.004153252
0.004023314
0.004128695
0.004102468
0.004137039
0.004078150
0.004092455
0.004090786
0.004120350
0.004167318
0.004155636
0.004053116
0.004143000
0.004161835
0.004152298
0.004133224
0.004148722
0.004101992
0.004149914
0.004020929
0.004144192
0.004103661
0.004112482
0.004068851
0.004195213
0.004112720
0.004167557
0.004026651
0.004136086
0.004114389
0.004129887
0.004048586
0.004141808
0.004030943
0.004135847
0.004104137
0.004155874
0.004006386
0.004134178
0.004042864
0.004115820
0.004032612
0.004125357
0.004328728
0.004314899
0.004318476
0.004359007
0.003983498
0.004137039
0.004163742
0.004253387
0.004333496
0.004287720
0.004158497
0.004424810
0.004349709
0.004316568
0.004334927
0.004392147
0.003971815
0.004241943
0.004231453
0.004297495
0.004189730
0.004347563
0.004217148
0.004338026
0.004104614
0.004121542
0.004070520
0.004120588
0.004057169
0.004152060
0.004101992
0.004127502
0.004099369
0.004095793
0.004182100
0.004186392
0.004106522
0.004159927
0.004094362
0.004145861
0.004078627
0.004135609
0.004076481
0.004126072
0.004041433
0.004113913
0.004506111
0.004554272
0.004283190
0.004364014
0.004332304
0.004323483
0.004414320
0.004147291
0.004015207
0.004152060
0.004168510
0.004259348
0.004267454
0.004311562
0.004326105
0.004491806
0.004260063
0.004414082
0.004342079
0.004516840
0.004072189
0.004166842
0.004210711
0.004207373
0.004099607
0.004392624
0.004196644
0.004310846
0.004135847
0.004273176
0.004167795
0.004347086
0.004097939
0.004459620
0.004283667
0.004055738
0.004469633
0.004315376
0.004453421
0.004677534
0.004119396
0.004245996
0.004092216
0.004263401
0.004343987
0.004465818
0.004550219
0.004358053
0.004599571
0.004415989
0.004096746
0.004457951
0.004471540
0.004249334
0.004136562
0.004292011
0.004182577
0.004305124
0.004320621
0.004401684
0.004387617
0.004622459
0.004173040
0.004675150
0.004140377
0.004415035
0.004240751
0.004213810
0.004286766
0.004383087
0.004236698
0.004598379
0.004409075
0.004379749
0.004384518
0.004328728
0.004163504
0.004354000
0.004153967
0.004551888
0.004325151
0.004427433
0.004180908
0.004184008
0.004140854
0.004450321
0.004461050
0.004187822
0.004188538
0.004304886
0.004179955
0.004413605
0.004426241
0.004287720
0.004475117
0.004348040
0.004222155
0.004403114
0.004165411
0.004317522
0.004126787
0.004079342
0.003972292
0.004086494
0.003993034
0.004230261
0.004197598
0.004344702
0.004189730
0.004322290
0.004180670
0.004130363
0.004088402
0.004125357
0.004040003
0.004314899
0.006195068
0.006354094
0.006075621
0.005992413
0.004459143
0.004220247
0.004313946
0.004639387
0.004245520
0.004397154
0.004711151
0.004266739
0.004477262
0.004228830
0.004180908
0.004401922
0.004223585
0.004446268
0.004605055
0.004627705
0.004343033
0.004415035
0.004272223
0.004121304
0.004051208
0.004052401
0.003979921
0.004011154
0.003989458
0.004371643
0.004223347
0.004334211
0.004338503
0.004520655
0.004256248
0.004140854
0.004170656
0.004148960
0.004095793
0.004450083
0.004246712
0.004110336
0.004087448
0.004038811
0.003996372
0.004063606
0.004157543
0.004337788
0.004296541
0.004213810
0.004161358
0.004014492
0.004019976
0.004143238
0.004325867
0.004461765
0.004111767
0.004094601
0.004030943
0.004393816
0.004293203
0.004117489
0.004240274
0.004348516
0.005263805
0.004373074
0.004308939
0.004313469
0.004275799
0.004491568
0.004224539
0.004325151
0.004276276
0.004229069
0.004402399
0.004152298
0.004158497
0.004288673
0.004486084
0.004248619
0.004115582
0.004079342
0.004094124
0.004242897
0.004060268
0.004218340
0.004533291
0.004158020
0.004127741
0.004168749
0.004600286
0.004145861
0.004106760
0.004233122
0.004274607
0.004311085
0.004092455
0.004063606
0.004520416
0.004115105
0.004145145
0.004178286
0.004370451
0.004253387
0.004163027
0.004269838
0.004205227
0.004271269
0.004157305
0.004259109
0.004351377
0.004310131
0.004012823
0.004056454
0.004165173
0.004210472
0.004013777
0.004211187
0.003950834
0.004045725
0.003971338
0.004117250
0.004129887
0.004374027
0.004511118
0.004416227
0.004338026
0.004250765
0.004425049
0.004308939
0.004226208
0.004058599
0.003962994
0.004226208
0.004275084
0.004191160
0.004225969
0.004395247
0.004193544
0.004318714
0.004338741
0.004149199
0.004302025
0.004230976
0.004185438
0.004296064
0.004067183
0.004121542
0.004082441
0.004424810
0.004730701
0.004426003
0.004354000
0.004466295
0.004048109
0.004308939
0.003992558
0.021792889
0.007198334
0.006921291
0.005717278
0.005465269
0.005257845
0.005122185
0.005260468
0.005191088
0.005363226
0.005604982
0.005514860
0.005799770
0.005538464
0.005483389
0.005921364
0.005665302
0.005763531
0.006389380
0.006116629
0.005832195
0.005426884
0.004958868
0.004214287
0.004244566
0.004290342
0.004367113
0.004272223
0.004106522
0.004482031
0.006508827
0.004412174
0.004506826
0.004280567
0.004481554
0.004485369
0.004550219
0.004836559
0.004488707
0.004547119
0.004389763
0.004501820
0.004363775
0.004376650
0.004162788
0.004271507
0.004000425
0.004192829
0.004259586
0.004360676
0.004308939
0.004077911
0.004166365
0.004607916
0.004765511
0.004645348
0.004792929
0.004648447
0.004437447
0.004489660
0.004357576
0.004147768
0.004404545
0.004401207
0.004476070
0.004439592
0.004260778
0.004313231
0.004410982
0.004374027
0.004342556
0.004171133
0.004162550
0.004261255
0.004309416
0.004344225
0.004216909
0.004151583
0.004407167
0.004180908
0.004357100
0.004734278
0.004183292
0.004189730
0.004255056
0.004443407
0.004304647
0.004122019
0.003988743
0.004227638
0.004228592
0.004190445
0.004135609
0.004107714
0.004046679
0.004029751
0.004189491
0.004216433
0.004152775
0.004142523
0.004092932
0.004091740
0.004352331
0.004056454
0.004021168
0.004024267
0.003990889
0.004066706
0.004168987
0.004012346
0.003990173
0.004035711
0.004860163
0.004679918
0.004146099
0.004110813
0.004086494
0.004045963
0.004305124
0.004832268
0.004142046
0.004483223
0.004766226
0.004552364
0.004569530
0.004396677
0.004528761
0.004615307
0.004426718
0.004200697
0.004565716
0.004183769
0.003992558
0.004076004
0.004304886
0.004180908
0.004190683
0.004133463
0.004402876
0.005558729
0.006100178
0.007566452
0.006438017
0.004761696
0.004581928
0.004566908
0.004091978
0.004417419
0.004260540
0.004270554
0.004284143
0.004163504
0.004129648
0.004144430
0.004356623
0.004303217
0.004194736
0.004447460
0.004302502
0.004218817
0.004198790
0.004051685
0.004165649
0.004183769
0.004206181
0.004070520
0.004263401
0.004318476
0.004304647
0.004245281
0.004260063
0.004365683
0.004146576
0.004310846
0.004218340
0.004260063
0.004330873
0.004008055
0.004120827
0.004128695
0.004130363
0.004063845
0.004226208
0.004180431
0.004347324
0.004336596
0.004157066
0.004355192
0.004162073
0.004199505
0.004096508
0.004224062
0.004194021
0.004157305
0.004332542
0.004069805
0.004091740
0.004003763
0.004034996
0.004027128
0.004132986
0.004118443
0.004191637
0.004103661
0.004216194
0.004151583
0.004379511
0.004317999
0.004338741
0.004281998
0.004098892
0.004085064
0.004127741
0.004328012
0.004330873
0.004091740
0.004198551
0.004074097
0.004137754
0.004229546
0.004187346
0.004122734
0.004678726
0.004281759
0.004287243
0.004163504
0.004259825
0.004193783
0.004291534
0.004288435
0.004368544
0.004068375
0.004046679
0.004007339
0.004030943
0.003960609
0.004177332
0.004097462
0.004185438
0.004022837
0.004096270
0.004002810
0.004181862
0.004170179
0.004396439
0.004240036
0.004137993
0.004336119
0.004419088
0.004348516
0.004162550
0.004298687
0.004206419
0.004531145
0.004435301
0.004361153
0.004134893
0.004306555
0.004183769
0.004425049
0.004241943
0.004624844
0.005332232
0.004856586
0.004453182
0.004320145
0.004251003
0.004265308
0.004439831
0.004295826
0.004663944
0.004285097
0.004303217
0.004301786
0.004289389
0.004274607
0.004284620
0.004286051
0.004542351
0.004352093
0.004231215
0.004183531
0.004426718
0.004475355
0.004411221
0.004314661
0.004356861
0.004407883
0.004247189
0.004167557
0.004122734
0.004164934
0.004138470
0.004086733
0.004253626
0.004437447
0.004348516
0.004336834
0.004314423
0.004506350
0.004521370
0.004280090
0.004140377
0.004123449
0.004209280
0.004097939
0.004123449
0.005544186
0.004526377
0.004336596
0.004427910
0.004303217
0.004117250
0.004103899
0.004390955
0.004184246
0.004326105
0.004399061
0.004271746
0.004426241
0.004350424
0.004091740
0.004304171
0.004271746
0.004077435
0.004093170
0.004200935
0.004041910
0.004087210
0.003973484
0.004069328
0.003961563
0.006183863
0.004330873
0.004109621
0.004030228
0.004320383
0.004399776
0.004312277
0.003990412
0.004114389
0.004298687
0.004152298
0.004051208
0.004008532
0.003995657
0.003950119
0.004000187
0.003981829
0.003994226
0.003977060
0.004004717
0.004590034
0.004490852
0.004132509
0.004246235
0.004282236
0.004332066
0.004393339
0.004275084
0.004201889
0.004043341
0.004393578
0.004251719
0.004313231
0.004231215
0.004462957
0.004331827
0.004453182
0.004319906
0.004269361
0.004035950
0.004166603
0.004213333
0.004209757
0.004156351
0.004554987
0.004179716
0.004174709
0.004288435
0.004266977
0.004454613
0.004575014
0.004624844
0.004475832
0.004569054
0.004347086
0.004775524
0.004175663
0.004199505
0.004037380
0.004137039
0.007292509
0.004541159
0.004324436
0.004514933
0.003919363
0.004768372
0.004573107
0.004450083
0.004154444
0.004284859
0.004379034
0.004155636
0.004289389
0.004400492
0.004258633
0.004159927
0.004061460
0.004524469
0.004143238
0.004359007
0.004441023
0.004388571
0.004698038
0.004388809
0.004431009
0.004144192
0.004194736
0.004272461
0.004183531
0.004151583
0.004534483
0.004486084
0.004424572
0.004341602
0.004405499
0.004532099
0.004412651
0.004261732
0.004216671
0.004178286
0.004426479
0.004573345
0.004687071
0.004275084
0.004356623
0.004354477
0.004188299
0.004084826
0.004144907
0.004255772
0.004213572
0.004272938
0.004358530
0.004412413
0.005126715
0.005022049
0.005115509
0.007708311
0.004760981
0.005362034
0.005249977
0.004544020
0.004340887
0.004465818
0.004485369
0.004580975
0.004469633
0.004202127
0.004270315
0.004078150
0.004232407
0.004055023
0.004278421
0.004216671
0.004607439
0.004652023
0.004456282
0.004987478
0.005276442
0.004952669
0.004819870
0.004844904
0.004950762
0.005015135
0.005059958
0.005040884
0.004943132
0.005120993
0.004863262
0.004884005
0.004912138
0.005073547
0.005090952
0.004910231
0.004877090
0.005052090
0.004958868
0.004928589
0.004905462
0.005062103
0.004909277
0.005100012
0.005011797
0.005006790
0.004945517
0.004924774
0.004866838
0.005009413
0.004976034
0.005006552
0.004976034
0.005048037
0.004923344
0.004931688
0.004930258
0.004847288
0.004674673
0.004826546
0.004833698
0.004849672
0.005044699
0.004918575
0.004897118
0.004916430
0.004810572
0.004615068
0.004803181
0.004894018
0.004866600
0.004974365
0.004890919
0.004984856
0.004951954
0.004886389
0.004622936
0.004786968
0.004868507
0.004870176
0.004988194
0.004931211
0.004946947
0.004970312
0.004861593
0.004913092
0.004987240
0.004987478
0.004886389
0.005028248
0.004996061
0.004981756
0.004879713
0.004713774
0.004796267
0.004865170
0.004902840
0.004921198
0.005003691
0.004974127
0.004959583
0.004966497
0.004997253
0.004950047
0.004972458
0.004861832
0.004629850
0.004799128
0.004826307
0.004908800
0.004887581
0.004925013
0.004921436
0.004959106
0.004906178
0.004973650
0.005038261
0.004998207
0.004919291
0.004984856
0.005116463
0.004980326
0.004887581
0.004611731
0.005306005
0.004644871
0.004702330
0.004865408
0.004477739
0.004388571
0.004513025
0.004230976
0.004205465
0.004125834
0.004111290
0.005981922
0.006005526
0.004350424
0.005056858
0.004293203
0.004196882
0.004268646
0.004559278
0.004343271
0.004392147
0.004389048
0.004241943
0.004229784
0.004068136
0.004361868
0.004351377
0.004221678
0.004138470
0.004204035
0.004211903
0.004156590
0.004143715
0.004357338
0.004404306
0.004247904
0.004327297
0.004368305
0.004270554
0.004183292
0.004427195
0.004588842
0.004401684
0.004500866
0.004320145
0.004274607
0.004347324
0.004408598
0.004261971
0.004289150
0.004474878
0.004163265
0.004285574
0.004345655
0.004297256
0.004328489
0.004063845
0.004634857
0.004755020
0.004318953
0.004340887
0.004225969
0.004623652
0.004205227
0.004415035
0.004426479
0.004371405
0.004334688
0.004439354
0.004458904
0.004339933
0.004232645
0.004130125
0.004240990
0.004228354
0.004186869
0.004300117
0.004375696
0.004382133
0.004373550
0.004370213
0.004299164
0.004359007
0.004160881
0.004191637
0.004255772
0.004339457
0.004130602
0.004244566
0.004303455
0.004153967
0.004624844
0.004180670
0.004450321
0.004369736
0.004442930
0.004435539
0.004159212
0.004135132
0.004141092
0.004385948
0.004403830
0.004456282
0.004420280
0.004200935
0.004326820
0.004420519
0.004198551
0.005435705
0.004256248
0.004179001
0.004346132
0.004461288
0.004301548
0.004335165
0.004309177
0.004027128
0.004088163
0.004141808
0.004197359
0.004189730
0.004217863
0.004318953
0.004221916
0.004266977
0.004294634
0.004385948
0.004163027
0.004355192
0.004362106
0.004223824
0.004065990
0.004089355
0.004278421
0.004183769
0.004277229
0.004181147
0.004304647
0.004107714
0.004071236
0.004115582
0.004043341
0.004121780
0.004069090
0.004125595
0.004126549
0.004088640
0.004108906
0.004062653
0.004069805
0.004089355
0.004085302
0.004091024
0.004139900
0.004096746
0.004113436
0.004115343
0.004200935
0.004112720
0.004085779
0.004128218
0.004108906
0.004117489
0.004098892
0.004128695
0.004100084
0.004106998
0.004063606
0.004154444
0.004080534
0.004137516
0.004090786
0.004096746
0.004071712
0.004093885
0.004080534
0.004086733
0.004062414
0.004095554
0.004073858
0.004123211
0.004056215
0.004087448
0.004084349
0.004120827
0.004036903
0.004121304
0.004079103
0.004147768
0.004102468
0.004138231
0.004104137
0.004160643
0.004151106
0.004123688
0.004088402
0.004191637
0.004109383
0.004136801
0.004117012
0.004133940
0.004124165
0.004120588
0.004081964
0.004154682
0.004039049
0.003816605
0.003809214
0.003877878
