0.003027201
0.002048016
0.001704216
0.001398802
0.001652479
0.001407385
0.001595259
0.001478195
0.001385212
0.001403809
0.001451254
0.001387596
0.001560450
0.001408100
0.001816273
0.001432419
0.001539230
0.001475811
0.001495838
0.001421452
0.001510620
0.001415253
0.001545429
0.001400709
0.001738071
0.001401901
0.001589537
0.001421452
0.001603365
0.001394749
0.001633644
0.001433134
0.001544237
0.001441002
0.001569271
0.001402140
0.001679897
0.001411676
0.001646280
0.001410723
0.001612186
0.001422882
0.001673460
0.001419544
0.001572609
0.001390219
0.001577139
0.001405239
0.001623869
0.001401901
0.001662970
0.001400471
0.001679897
0.001416206
0.001644850
0.001409054
0.001642704
0.001400471
0.001636267
0.001396894
0.001596451
0.001415014
0.001656771
0.001414776
0.001650572
0.001407385
0.001628160
0.001401424
0.001686335
0.001410484
0.001655102
0.001406431
0.001600504
0.001424551
0.001595259
0.001410007
0.001611233
0.001408339
0.001703978
0.001412392
0.001633644
0.001412392
0.001644850
0.001404524
0.001593351
0.001405001
0.001677036
0.001403570
0.001618385
0.001416683
0.001680374
0.001416206
0.001622438
0.001402617
0.001639366
0.001413107
0.001648664
0.001400948
0.001399040
0.001404285
