0.867809772
0.600488901
0.648302794
0.594697237
0.591302633
0.642803192
0.535774708
0.536165714
0.571421146
0.542823792
0.149686813
0.827558041
0.636096954
0.623040915
0.672655344
0.607619762
0.591618538
0.571242809
0.522513390
0.524240494
0.583800316
0.145766258
0.781178236
0.587860107
0.610350132
0.616898060
0.599493504
0.700514078
0.527407169
0.514855862
0.585546255
0.518583298
0.145819664
0.794461250
0.603864908
0.652244806
0.590248108
0.710483551
0.620683908
0.547034264
0.590117693
0.532014132
0.544050932
0.155939579
0.777869225
0.639342546
0.589864731
0.692082644
0.650133848
0.598773003
0.575276852
0.520162821
0.534962654
0.573469639
0.150952101
0.815752983
0.594689846
0.667801619
0.598272085
0.589807510
0.629291058
0.542370558
0.586220264
0.514307022
0.511636972
0.153871298
0.772746801
0.640004635
0.629524469
0.604675770
0.666757107
0.601515770
0.542522192
0.528657436
0.548547745
0.519668579
0.212858200
0.871946096
0.637775660
0.640255451
0.642295361
0.601420641
0.691753387
0.571922779
0.571356058
0.638277292
0.537046671
0.157756329
0.825441122
0.673079491
0.635813475
0.665848494
0.632751942
0.636593819
0.575700998
0.548609972
0.572594404
0.575639725
0.153867006
0.803102016
0.647973776
0.618977785
0.701862335
0.659686804
0.626879454
0.599156857
0.543118000
0.617995977
0.584153652
0.161601305
0.803555489
0.637293577
0.633776903
0.730542660
0.695998192
0.612353325
0.565858126
0.555044651
0.594380379
0.600143909
0.163144112
0.801352501
0.681877136
0.627501726
0.626410246
0.655244350
0.620026827
0.644801617
0.546497583
0.551070690
0.618452787
0.160975933
0.812904835
0.615136147
0.671985865
0.638907671
0.690294981
0.649450064
0.686395168
0.578675747
0.551893473
0.581787825
0.160386086
0.818480492
0.601516962
0.619207859
0.640846968
0.679663658
0.633218288
0.559817314
0.581520319
0.555714607
0.551010132
0.183194399
0.832431793
0.631248236
0.647908926
0.600996256
0.692790508
0.645829916
0.553895712
0.604251146
0.539515495
0.530791283
0.233181953
0.838443279
0.637776375
0.703789473
0.610015869
0.631974220
0.653112411
0.576532841
0.647436380
0.555719137
0.560980320
0.158640146
0.853574991
0.613147497
0.704830170
0.639542818
0.643032312
0.662808657
0.550228119
0.644618034
0.538325310
0.604081154
0.194736481
0.806733131
0.609715462
0.616594553
0.675755978
0.636855602
0.675749779
0.575561047
0.549289465
0.574452400
0.539906740
0.158712864
0.827629328
0.612071991
0.626466751
0.648099422
0.613578320
0.710590124
0.597041607
0.607824802
0.619698048
0.565177202
0.170485258
0.798228979
0.652786732
0.624219179
0.707953215
0.617137432
0.610607862
0.642026424
0.577692032
0.657842159
0.565011024
0.158933878
0.805944920
0.646152496
0.617126703
0.814197063
0.614596605
0.618933201
0.619940519
0.524778366
0.529111624
0.592739582
0.161778927
0.811227322
0.674844503
0.617059946
0.625643730
0.626782417
0.638220549
0.658420801
0.543346882
0.538950920
0.606420279
0.160265446
0.825055361
0.666172266
0.649748802
0.624757528
0.649135351
0.611874104
0.596924305
0.575250149
0.554223537
0.612010717
0.163614750
0.815229893
0.604574919
0.651402712
0.643106461
0.744443417
0.638366699
0.574214697
0.596392632
0.560905218
0.565386295
0.224271774
0.891259909
0.614487648
0.709735155
0.637994528
0.627402544
0.645865679
0.564009666
0.658331633
0.552031040
0.546989202
0.163561106
0.836837292
0.607623339
0.624331474
0.659613609
0.633389235
0.675190926
0.570613623
0.546563864
0.598975182
0.550524473
0.158603668
0.817975998
0.693656921
0.638124943
0.641824007
0.633669376
0.719898701
0.550741911
0.547897100
0.615653038
0.543915749
0.157027960
0.820643902
0.664999485
0.632964849
0.648831844
0.645905495
0.619158268
0.613256693
0.556502342
0.558312893
0.569732666
0.157676220
0.811232567
0.682469845
0.610230923
0.611566782
0.652414083
0.612898350
0.649002790
0.541914463
0.558981657
0.606921196
0.161925793
0.859558344
0.618241787
0.686550856
0.658923626
0.722874641
0.627758026
0.564634562
0.622192860
0.559667349
0.575829983
0.216850042
0.872996569
0.634975672
0.667941809
0.627964735
0.619976997
0.641111851
0.558886766
0.631542921
0.563305855
0.573920012
0.162896156
0.849395037
0.631551027
0.641845226
0.672342300
0.612660885
0.680934906
0.559100151
0.537829876
0.600518703
0.560701609
0.159798622
0.817132711
0.646983624
0.610117674
0.670622826
0.637459040
0.593820810
0.609980583
0.543446064
0.659480810
0.645687342
0.157606840
0.793695450
0.651888371
0.617754698
0.729663372
0.646049500
0.615598679
0.627146244
0.548962593
0.621118784
0.627363920
0.162919521
0.818148375
0.682572365
0.589803457
0.586468458
0.658631563
0.618662834
0.534083128
0.532117844
0.506329775
0.530440092
0.223147154
0.786504745
0.644218922
0.629975557
0.700568199
0.619270563
0.594075918
0.587503195
0.519282341
0.518816233
0.586509228
0.156339407
0.837053061
0.589342594
0.623811960
0.626295805
0.593277454
0.698015690
0.538711548
0.526927233
0.546310663
0.536854267
0.157406807
0.821939945
0.591478825
0.583465099
0.655126333
0.587605715
0.696135521
0.528374672
0.517543077
0.562019110
0.510291100
0.150038481
0.848491430
0.584377527
0.702313185
0.599431038
0.595656157
0.649348259
0.535804033
0.525665045
0.548254728
0.515206099
0.159715652
0.852419376
0.603230000
0.652063608
0.602843523
0.598770618
0.645361423
0.523042917
0.606676579
0.520669460
0.515411377
0.154348135
0.786530495
0.685686588
0.600495577
0.591846466
0.639200449
0.603084087
0.528607607
0.565256357
0.522169113
0.628923416
0.154115438
0.767860651
0.630716562
0.610355616
0.624169827
0.745278358
0.597671270
0.585259199
0.514879465
0.517867327
0.586456537
0.151097536
0.842867851
0.589234114
0.593965769
0.601727247
0.593884706
0.649116039
0.564653397
0.520757675
0.628651619
0.513787985
0.150720596
0.831353188
0.602760315
0.633915901
0.590001345
0.601227045
0.629611015
0.535164118
0.618294001
0.504467010
0.531800270
0.155432463
0.793643713
0.581110716
0.639558315
0.619036674
0.674768925
0.641876459
0.527222633
0.554826975
0.507642269
0.503044367
0.147906780
0.788537025
0.688168049
0.584845781
0.597214222
0.655678511
0.610259295
0.626422405
0.514550447
0.527799129
0.606415510
0.151605129
0.849030495
0.614715815
0.721467018
0.615024328
0.599529028
0.635793686
0.545525312
0.529698133
0.594323635
0.519371748
0.148705006
0.795742989
0.602063894
0.622285843
0.601526260
0.691273451
0.602581024
0.548862219
0.595885754
0.517334938
0.548620462
0.209959507
0.789706707
0.692226648
0.599257469
0.615689754
0.613523245
0.604122162
0.538302898
0.567942142
0.540238857
0.631313801
0.157749176
0.778766870
0.603811502
0.598925352
0.639974833
0.622257710
0.618984461
0.597753286
0.512329578
0.521199942
0.558702707
0.154947519
0.856137276
0.622945786
0.684139729
0.606504202
0.626012564
0.659981012
0.557765961
0.621559381
0.524291515
0.542985439
0.156929016
0.794970512
0.613729239
0.651324749
0.609297276
0.657849789
0.612066984
0.636283398
0.545176029
0.554774046
0.633238077
0.154068232
0.839466095
0.599625349
0.610161066
0.633117199
0.624015808
0.682124615
0.532271385
0.517094135
0.587845564
0.496734619
0.148681402
0.851825476
0.629468918
0.653980970
0.641575098
0.658786774
0.658715487
0.547702312
0.599473953
0.525544882
0.529062271
0.156726122
0.816806316
0.660083055
0.612971783
0.608293533
0.640831232
0.623782396
0.669037819
0.530802011
0.551709890
0.624174118
0.156853437
0.854462624
0.624416113
0.641246796
0.672267675
0.623199224
0.627415180
0.531237364
0.515444040
0.600383043
0.529622078
0.149454355
0.832166910
0.612526417
0.715606689
0.621061087
0.602800369
0.647535324
0.541791439
0.517464399
0.578228712
0.523890972
0.154618263
0.804788589
0.593099356
0.634016037
0.586569548
0.592899799
0.645105600
0.533371687
0.644602060
0.507323503
0.535071373
0.151141405
0.817223310
0.629607677
0.651410580
0.592562914
0.615202427
0.620496273
0.674734116
0.568952560
0.559615850
0.604119778
0.157319307
0.833607674
0.614723921
0.625550985
0.654389620
0.616397619
0.615053892
0.547733068
0.553569794
0.605568171
0.542345524
0.156644344
0.843815327
0.686862946
0.643409491
0.712882757
0.635097027
0.615071774
0.596340656
0.540936947
0.546494007
0.584741592
0.155639887
0.849679708
0.622576714
0.653851748
0.619971752
0.598434448
0.646116972
0.535250187
0.519489050
0.560568333
0.540814877
0.163205147
0.795862913
0.606476068
0.637621164
0.593321800
0.714812994
0.584641695
0.532149076
0.548469782
0.511635065
0.520367622
0.164176702
0.853360653
0.616315842
0.624084711
0.663023710
0.591099262
0.687597752
0.568417072
0.547795773
0.613439322
0.549741268
0.160267115
0.836003065
0.591955185
0.599732399
0.589862823
0.601311207
0.641693354
0.526771307
0.510098219
0.557364464
0.513793945
0.158480406
0.823257446
0.624933004
0.653906822
0.605913162
0.652057648
0.598727226
0.533254385
0.566629648
0.521216631
0.521972418
0.252365112
0.805730820
0.726738214
0.630217075
0.620592594
0.642860174
0.603504658
0.648700237
0.537228584
0.546209812
0.602602720
0.157916546
0.826951265
0.611143827
0.603860140
0.652652502
0.608780384
0.714380264
0.543053389
0.530173540
0.620141983
0.544057846
0.162065268
0.835896254
0.596111298
0.675230980
0.603045464
0.591695786
0.651381493
0.542504072
0.524533033
0.600437164
0.549683094
0.157384872
0.787794828
0.595776081
0.598283291
0.621407032
0.603356361
0.661410093
0.532263279
0.534093380
0.634729385
0.597494125
0.155758858
0.820296288
0.604108810
0.689324617
0.591691256
0.592604160
0.629924297
0.527881861
0.520793676
0.584441423
0.544418573
0.163945198
0.815089703
0.613832474
0.662552357
0.600669146
0.670993805
0.615600109
0.527573586
0.607019424
0.549855471
0.559767008
0.204103470
0.890030861
0.616216421
0.607746363
0.661048412
0.633483648
0.722653389
0.549638987
0.540183067
0.600450754
0.514514446
0.156456232
0.839812517
0.600604773
0.685444593
0.592484951
0.593960047
0.633015394
0.534357786
0.516526222
0.526763439
0.508195400
0.151063681
0.827955008
0.665143490
0.657858610
0.607837200
0.642398357
0.628327131
0.633770227
0.553547144
0.512538671
0.624463797
0.163957834
0.915036678
0.596698761
0.594050407
0.649056911
0.598862410
0.711869478
0.538417339
0.514034748
0.585751772
0.528942823
0.154457092
0.801597118
0.589761257
0.675426006
0.603340626
0.590350151
0.636740685
0.528195620
0.523966789
0.565831423
0.516143322
0.146521807
0.859850645
0.682511568
0.632515907
0.621561050
0.657007933
0.616862297
0.676857471
0.543156385
0.549797535
0.603432655
0.155308723
0.801291943
0.605309963
0.591597557
0.628402948
0.609021902
0.652766228
0.540932417
0.517895222
0.587476254
0.536424398
0.160010338
0.796510935
0.608320475
0.655671597
0.614210606
0.715533972
0.620066404
0.548226833
0.562212229
0.518350601
0.538286924
0.234125376
0.818718672
0.616460800
0.595404863
0.649654150
0.608446121
0.598270416
0.600984812
0.521799088
0.535872221
0.574367285
0.159943104
0.876431465
0.629808187
0.638748884
0.629758120
0.614459515
0.699082136
0.536212206
0.515737295
0.569380283
0.527259827
0.144522190
0.844668865
0.623383284
0.675823927
0.641713619
0.643459082
0.596721649
0.533549786
0.568862915
0.517767668
0.539937496
0.205353260
0.794411182
0.663412333
0.595480680
0.586359262
0.624742508
0.598325968
0.636224747
0.503909111
0.513219595
0.610276461
0.151270390
0.807249546
0.628059626
0.590190411
0.685094118
0.593513012
0.607494116
0.594549894
0.535548687
0.542189121
0.577391863
0.145998240
0.809357643
0.641572475
0.673450708
0.665669918
0.742286205
0.659776926
0.568491459
0.561785936
0.628307581
0.573828459
0.158103704
0.811947823
0.618724585
0.675581932
0.602512836
0.581479073
0.628253460
0.539966345
0.542494774
0.563329935
0.529426575
0.154279947
0.824852228
0.590662718
0.704431772
0.594471216
0.590586424
0.624407530
0.548060417
0.533487558
0.578733206
0.500088453
0.148062944
0.814216614
0.623555660
0.634741306
0.619249582
0.640755653
0.605237961
0.522674799
0.525464535
0.504170895
0.527521849
0.151283741
0.817499161
0.643012285
0.598553658
0.653072357
0.631562948
0.681091309
0.603228331
0.578602791
0.544253826
0.591777325
0.156357288
0.809681654
0.881575346
0.632408857
0.616214037
0.656540632
0.641785145
0.629078865
0.499786854
0.523349285
0.578980684
0.159855604
0.814776421
0.610500097
0.625289679
0.688165665
0.639738083
0.684292555
0.544744253
0.561666012
0.613884687
0.553070784
0.163233280
0.830702543
0.691551208
0.626337767
0.613229275
0.641147852
0.587846279
0.650476933
0.532983541
0.546416759
0.613504648
0.158619881
0.836460352
0.629786968
0.707415581
0.597361565
0.613941193
0.635653973
0.532386780
0.505215645
0.571509600
0.513037682
0.151476383
0.880204916
0.717271566
0.606577635
0.622800112
0.661514521
0.604727507
0.598765373
0.533744574
0.526160479
0.606444836
0.157193184
0.793225765
0.665138960
0.610532761
0.670014143
0.630154610
0.650141954
0.607098103
0.565478325
0.645378828
0.547062397
0.156221151
0.847766876
0.616759062
0.607156515
0.609162569
0.649617910
0.604652405
0.559225559
0.604173899
0.543058634
0.583711624
0.203247309
0.860232353
0.626761913
0.714232206
0.625029325
0.634281158
0.659230709
0.551356554
0.587943554
0.558427811
0.553114176
0.160877705
0.809298038
0.654589653
0.631237984
0.697852135
0.611917496
0.650140285
0.582180500
0.553326607
0.662154675
0.582773209
0.157298088
0.804233074
0.645624638
0.634583473
0.731263876
0.639408827
0.634389877
0.611333370
0.552098989
0.535580397
0.554405212
0.160990953
