6.678155184
6.718381405
6.600885391
6.763345957
6.712834597
6.611617327
6.706865788
6.965161324
6.904966831
6.967197895
6.991018772
7.073866367
7.067731857
6.840484381
6.916189909
6.972710371
7.066125154
6.832084894
7.049434185
7.010798454
6.959862471
6.907351732
6.959875107
7.018978357
7.032101631
6.863030195
6.966914892
6.902399778
6.896693945
7.120073557
6.961743116
6.914728880
6.993669033
7.040476799
6.692283154
6.749110222
6.677070141
6.606814146
6.678044796
6.678085089
6.756253004
6.737822533
6.657355785
6.634531021
6.596975327
6.766138315
6.783324957
6.780353308
6.765586853
6.621108055
6.864068031
6.872997046
6.672656298
6.869095564
6.924391747
6.769613743
6.745263100
6.638974190
6.892880201
6.778129339
6.978585720
6.710293055
6.621983767
6.887422323
6.530754566
6.832680941
6.966943741
6.820248842
6.730257034
6.736018896
6.674786568
6.874552965
6.897897243
6.594485998
6.947369337
6.785799265
6.587155819
7.032823801
6.629579782
6.823568583
6.688346624
6.786883116
6.820500374
6.689642668
6.712475061
7.083648205
6.677922726
6.637971163
6.651177883
6.903569937
7.046263456
6.904729366
6.899611950
6.693083525
6.950893641
6.942180157
6.857305765
6.933880091
6.989484549
6.902246952
