0.281532526
0.232549667
0.249394178
0.213638544
0.209424734
0.213390112
0.225602388
0.225493908
0.224128246
0.230846167
0.212805986
0.213469982
0.214033604
0.210650921
0.218117237
0.215146303
0.242146969
0.242330074
0.218901157
0.221399069
0.218184233
0.224425554
0.212437153
0.235655308
0.239922047
0.215164900
0.215208530
0.223071814
0.223555803
0.221426010
0.245251179
0.239146471
0.225681067
0.221169710
0.221987247
0.228132010
0.226947784
0.243419170
0.215610504
0.224184513
0.219155312
0.220107555
0.221217394
0.220219135
0.228329420
0.244084597
0.221982002
0.229855061
0.224400520
0.217262745
0.218538761
0.230834484
0.236451387
0.211905718
0.208081007
0.220753908
0.216384172
0.214524746
0.236429453
0.226024389
0.222805977
0.220712900
0.224519730
0.220076799
0.216772079
0.217424870
0.217494488
0.212473154
0.218145847
0.216304541
0.218737364
0.216838121
0.216607571
0.235110521
0.222764730
0.230590343
0.225760460
0.221602678
0.214253187
0.214607239
0.253738165
0.218977928
0.218618631
0.221498489
0.221975803
0.226717234
0.220116377
0.248424053
0.216523647
0.222441196
0.225673914
0.221426010
0.220587015
0.217283249
0.259193897
0.223063469
0.182650805
0.178566933
0.190463305
0.181378126
